285,000	1,207
285,015	1,750
285,030	2,543
285,045	2,750
285,060	2,445
285,075	2,080
285,090	2,778
285,105	2,784
285,120	3,487
285,135	4,096
285,150	4,132
285,165	4,404
285,180	3,848
285,195	4,080
285,210	4,643
285,225	4,464
285,240	5,117
285,255	5,148
285,270	4,748
285,285	5,170
285,300	4,775
285,315	5,935
285,330	6,357
285,345	6,308
285,360	5,968
285,375	6,055
285,390	6,016
285,405	6,874
285,420	6,765
285,435	7,253
285,450	7,109
285,465	7,135
285,480	7,617
285,495	7,277
285,510	8,146
285,525	7,686
285,540	7,562
285,555	8,551
285,570	8,607
285,585	9,065
285,600	8,554
285,615	8,766
285,630	8,922
285,645	9,260
285,660	8,539
285,675	9,422
285,690	8,666
285,705	9,710
285,720	9,942
285,735	9,382
285,750	10,235
285,765	9,780
285,780	10,333
285,795	10,550
285,810	9,743
285,825	10,748
285,840	10,638
285,855	9,832
285,870	10,164
285,885	10,366
285,901	10,959
285,916	11,647
285,930	11,473
285,945	11,905
285,961	11,289
285,976	11,085
285,990	11,868
286,005	11,970
286,021	12,497
286,036	12,428
286,050	12,214
286,065	11,548
286,080	11,559
286,096	12,358
286,111	12,695
286,125	12,646
286,141	12,431
286,156	12,788
286,171	12,458
286,186	12,906
286,201	13,233
286,216	13,470
286,231	12,804
286,246	12,549
286,261	13,418
286,276	13,821
286,291	13,506
286,306	13,201
286,321	14,004
286,336	14,041
286,351	13,360
286,366	13,321
286,381	13,813
286,396	14,552
286,411	13,710
286,426	13,781
286,441	13,958
286,456	14,481
286,471	14,482
286,486	13,926
286,501	14,720
286,516	14,952
286,531	14,191
286,546	14,688
286,561	14,032
286,576	15,016
286,591	15,007
286,606	14,462
286,621	15,020
286,636	14,936
286,651	14,776
286,666	15,088
286,681	14,708
286,696	15,527
286,711	15,368
286,726	14,987
286,741	14,828
286,756	14,588
286,771	15,482
286,786	15,664
286,801	15,595
286,816	15,606
286,831	15,793
286,846	14,751
286,861	16,151
286,876	15,871
286,891	15,978
286,906	15,979
286,921	15,564
286,936	16,237
286,951	15,280
286,966	16,054
286,981	16,050
286,996	15,328
287,011	15,300
287,026	16,204
287,041	16,270
287,056	15,870
287,071	16,337
287,086	16,248
287,101	16,159
287,116	16,100
287,131	15,860
287,146	16,217
287,161	16,399
287,176	16,561
287,191	16,436
287,206	15,580
287,221	16,674
287,236	15,321
287,251	16,200
287,266	16,713
287,281	16,318
287,296	16,459
287,311	16,004
287,326	16,161
287,341	16,583
287,356	16,198
287,371	16,670
287,386	16,937
287,401	16,231
287,416	16,222
287,431	15,757
287,446	16,696
287,461	16,642
287,476	16,789
287,491	16,760
287,506	16,525
287,521	15,939
287,536	16,873
287,551	16,142
287,566	16,785
287,581	16,952
287,596	16,632
287,611	16,543
287,626	15,681
287,641	16,655
287,656	16,747
287,671	16,968
287,686	16,819
287,701	16,163
287,716	16,475
287,731	16,893
287,746	16,282
287,761	16,123
287,776	16,941
287,791	16,230
287,806	16,382
287,821	16,057
287,836	16,710
287,851	16,751
287,866	17,033
287,881	17,140
287,897	16,920
287,911	16,710
287,926	16,671
287,942	16,372
287,957	16,919
287,971	16,424
287,986	16,360
288,002	16,627
288,017	16,056
288,031	16,709
288,046	17,077
288,062	16,867
288,077	16,653
288,092	16,483
288,107	16,173
288,122	17,208
288,137	17,199
288,152	17,024
288,167	16,950
288,182	16,866
288,197	16,641
288,212	16,301
288,227	16,633
288,242	16,895
288,257	16,089
288,272	16,286
288,287	16,959
288,302	16,057
288,317	16,520
288,332	17,038
288,347	17,064
288,362	17,115
288,377	16,228
288,392	16,571
288,407	17,028
288,422	17,014
288,437	17,346
288,452	16,640
288,467	17,143
288,482	16,788
288,497	17,567
288,512	16,896
288,527	16,470
288,542	17,500
288,557	17,150
288,572	17,081
288,587	16,239
288,602	17,233
288,617	16,627
288,632	17,271
288,647	17,422
288,662	16,556
288,677	16,652
288,692	16,773
288,707	17,101
288,722	17,528
288,737	17,634
288,752	17,786
288,767	17,270
288,782	16,469
288,797	17,870
288,812	17,123
288,827	17,762
288,842	18,104
288,857	17,548
288,872	17,349
288,887	17,229
288,902	17,882
288,917	18,094
288,932	18,130
288,947	18,322
288,962	18,238
288,977	17,527
288,992	18,035
289,007	18,432
289,022	18,287
289,037	18,725
289,052	17,678
289,067	18,251
289,082	18,031
289,097	18,163
289,112	18,936
289,127	19,133
289,142	18,106
289,157	18,268
289,172	18,369
289,187	19,323
289,202	19,234
289,217	18,217
289,232	17,967
289,247	19,343
289,262	19,584
289,277	19,139
289,292	18,899
289,307	19,563
289,322	19,158
289,337	19,194
289,352	19,215
289,367	19,005
289,382	19,719
289,397	20,056
289,412	20,263
289,427	20,309
289,442	19,969
289,457	19,704
289,472	20,307
289,487	19,671
289,502	20,821
289,517	20,737
289,532	20,001
289,547	21,090
289,562	19,998
289,577	20,857
289,592	20,898
289,607	21,315
289,622	21,467
289,637	21,177
289,652	20,481
289,667	21,797
289,682	20,975
289,697	21,498
289,712	21,975
289,727	21,395
289,742	21,561
289,757	21,301
289,772	21,548
289,787	22,262
289,802	22,408
289,817	22,620
289,832	22,085
289,847	22,041
289,862	22,548
289,877	22,163
289,892	22,877
289,907	22,752
289,923	22,186
289,937	23,231
289,952	22,439
289,967	23,007
289,983	22,151
289,998	23,411
290,012	23,497
290,027	22,967
290,043	22,617
290,058	22,984
290,072	23,727
290,088	23,568
290,103	23,785
290,118	23,420
290,133	22,884
290,148	22,895
290,163	22,957
290,178	23,846
290,193	23,245
290,208	23,316
290,223	23,242
290,238	22,581
290,253	23,023
290,268	23,351
290,283	23,271
290,298	23,463
290,313	22,687
290,328	22,372
290,343	23,075
290,358	22,124
290,373	22,636
290,388	22,753
290,403	22,162
290,418	22,098
290,433	21,206
290,448	21,769
290,463	21,635
290,478	21,290
290,493	21,667
290,508	20,971
290,523	20,486
290,538	20,903
290,553	20,077
290,568	20,429
290,583	20,330
290,598	19,307
290,613	19,745
290,628	18,868
290,643	18,905
290,658	19,307
290,673	18,465
290,688	18,617
290,703	18,508
290,718	17,686
290,733	17,557
290,748	17,027
290,763	17,770
290,778	17,435
290,793	16,699
290,808	16,434
290,823	15,813
290,838	16,000
290,853	16,307
290,868	15,822
290,883	15,933
290,898	15,257
290,913	14,586
290,928	14,798
290,943	15,160
290,958	14,915
290,973	14,891
290,988	14,261
291,003	13,454
291,018	13,912
291,033	13,572
291,048	14,230
291,063	14,101
291,078	13,961
291,093	13,426
291,108	12,519
291,123	12,560
291,138	13,319
291,153	13,009
291,168	12,845
291,183	12,364
291,198	11,999
291,213	11,935
291,228	11,996
291,243	12,459
291,258	12,184
291,273	11,799
291,288	12,031
291,303	11,024
291,318	11,908
291,333	11,799
291,348	11,739
291,363	11,751
291,378	10,729
291,393	10,554
291,408	10,891
291,423	11,299
291,438	10,798
291,453	10,754
291,468	11,081
291,483	11,143
291,498	10,411
291,513	10,282
291,528	10,980
291,543	10,721
291,558	10,607
291,573	10,101
291,588	10,488
291,603	10,334
291,618	9,648
291,633	10,557
291,648	10,292
291,663	9,461
291,678	10,179
291,693	9,639
291,708	9,594
291,723	10,207
291,738	10,058
291,753	9,914
291,768	9,564
291,783	8,853
291,798	9,727
291,813	9,086
291,828	10,015
291,843	9,655
291,858	8,688
291,873	8,162
291,889	8,906
291,903	8,801
291,918	9,384
291,933	8,899
291,949	9,296
291,964	9,027
291,978	8,325
291,993	8,412
292,009	8,764
292,024	8,740
292,038	8,977
292,053	8,371
292,068	8,157
292,084	7,872
292,099	8,585
292,114	8,461
292,129	7,624
292,144	7,766
292,159	8,540
292,174	8,435
292,189	8,226
292,204	8,387
292,219	8,288
292,234	8,365
292,249	8,471
292,264	7,344
292,279	7,801
292,294	8,239
292,309	8,164
292,324	7,097
292,339	7,906
292,354	8,052
292,369	7,000
292,384	7,322
292,399	7,820
292,414	7,375
292,429	7,872
292,444	7,472
292,459	6,626
292,474	7,419
292,489	6,824
292,504	7,462
292,519	7,508
292,534	6,947
292,549	7,340
292,564	6,894
292,579	6,840
292,594	7,258
292,609	7,339
292,624	7,360
292,639	6,820
292,654	6,324
292,669	6,220
292,684	6,191
292,699	6,739
292,714	7,136
292,729	6,465
292,744	6,682
292,759	6,513
292,774	6,499
292,789	6,530
292,804	6,571
292,819	6,497
292,834	5,716
292,849	5,501
292,864	6,696
292,879	5,483
292,894	5,479
292,909	6,243
292,924	6,249
292,939	5,362
292,954	5,293
292,969	5,350
292,984	6,083
292,999	6,124
293,014	5,022
293,029	5,986
293,044	4,859
293,059	5,868
293,074	5,979
293,089	5,484
293,104	5,946
293,119	5,882
293,134	4,720
293,149	5,303
293,164	4,697
293,179	5,716
293,194	5,672
293,209	4,936
293,224	5,489
293,239	4,627
293,254	4,819
293,269	5,282
293,284	5,408
293,299	5,409
293,314	5,365
293,329	4,007
293,344	4,690
293,359	3,899
293,374	4,933
293,389	4,839
293,404	4,424
293,419	4,896
293,434	4,336
293,449	4,131
293,464	4,855
293,479	4,640
293,494	4,601
293,509	4,467
293,524	3,645
293,539	4,128
293,554	4,164
293,569	4,531
293,584	4,502
293,599	4,042
293,614	4,585
293,629	4,531
293,644	4,387
293,659	4,423
293,674	4,023
293,689	4,249
293,704	3,970
293,719	3,605
293,734	3,541
293,749	4,490
293,764	3,844
293,779	3,860
293,794	3,971
293,809	3,927
293,824	3,517
293,839	3,383
293,854	3,800
293,869	3,741
293,884	3,817
293,899	3,814
293,914	2,716
293,930	2,988
293,945	2,578
293,959	3,271
293,974	3,338
293,990	3,048
294,005	2,868
294,019	3,000
294,034	2,715
294,050	3,198
294,065	3,465
294,079	3,346
294,094	3,201
294,110	2,319
294,125	2,466
294,140	3,149
294,155	2,544
294,170	3,096
294,185	2,972
294,200	2,166
294,215	2,483
294,230	2,348
294,245	2,726
294,260	2,632
294,275	2,156
294,290	2,223
294,305	2,234
294,320	2,606
294,335	2,853
294,350	2,147
294,365	2,394
294,380	2,550
294,395	2,597
294,410	1,735
294,425	1,450
294,440	2,394
294,455	2,380
294,470	1,699
294,485	2,187
294,500	2,258
294,515	2,254
294,530	1,573
294,545	1,730
294,560	1,881
294,575	1,968
294,590	1,101
294,605	1,634
294,620	0,913
294,635	1,692
294,650	1,923
294,665	0,846
294,680	1,775
294,695	1,104
294,710	0,935
294,725	1,237
294,740	1,589
294,755	1,565
294,770	1,260
294,785	0,574
294,800	1,257
294,815	0,321
294,830	1,154
294,845	1,431
294,860	0,479
294,875	0,556
294,890	1,038
294,905	0,227
294,920	1,171
294,935	1,157
294,950	1,329
294,965	1,029
294,980	0,483
294,995	0,474
295,010	0,772
295,025	0,903
295,040	1,235
295,055	0,479
295,070	0,545
295,085	0,862
295,100	0,713
295,115	0,674
295,130	0,314
295,145	1,092
295,160	0,833
295,175	0,237
295,190	0,785
295,205	0,876
295,220	0,727
295,235	0,698
295,250	0,253
295,265	-0,484
295,280	0,581
295,295	0,136
295,310	0,558
295,325	0,554
295,340	0,204
295,355	0,737
295,370	0,247
295,385	0,047
295,400	0,540
295,415	0,124
295,430	0,672
295,445	0,132
295,460	-0,444
295,475	0,425
295,490	-0,377
295,505	0,186
295,520	0,403
295,535	-0,408
295,550	0,375
295,565	0,151
295,580	-0,275
295,595	0,424
295,610	-0,207
295,625	0,431
295,640	0,432
295,655	0,052
295,670	0,334
295,685	-0,317
295,700	-0,266
295,715	0,548
295,730	-0,319
295,745	-0,087
295,760	-0,151
295,775	0,282
295,790	0,498
295,805	0,414
295,820	-0,352
295,835	0,226
295,850	0,297
295,865	0,464
295,880	-0,267
295,895	0,351
295,911	0,021
295,925	-0,159
295,940	-0,208
295,955	0,195
295,971	0,045
295,986	0,272
296,000	-0,675
296,015	0,229
296,031	0,195
296,046	-0,431
296,060	-0,359
296,075	0,324
296,091	-0,397
296,106	0,211
296,121	0,267
296,136	-0,283
296,151	-0,252
296,166	-0,442
296,181	0,116
296,196	0,619
296,211	0,199
296,226	0,390
296,241	-0,246
296,256	-0,290
296,271	0,519
296,286	0,199
296,301	0,386
296,316	0,597
296,331	-0,690
296,346	0,324
296,361	-0,417
296,376	0,351
296,391	0,352
296,406	-0,284
296,421	0,520
296,436	-0,497
296,451	-0,411
296,466	0,333
296,481	0,309
296,496	0,566
296,511	-0,421
296,526	-0,179
296,541	0,017
296,556	0,189
296,571	-0,532
296,586	-0,190
296,601	0,202
296,616	0,244
296,631	-0,468
296,646	-0,201
296,661	0,488
296,676	0,228
296,691	0,214
296,706	-0,417
296,721	-0,641
296,736	-0,134
296,751	-0,479
296,766	-0,167
296,781	0,151
296,796	0,573
296,811	0,404
296,826	-0,182
296,841	-0,472
296,856	0,241
296,871	0,458
296,886	0,339
296,901	-0,066
296,916	-0,546
296,931	-0,420
296,946	-0,554
296,961	-0,057
296,976	0,235
296,991	0,392
297,006	0,248
297,021	-0,138
297,036	-0,939
297,051	0,191
297,066	0,267
297,081	0,283
297,096	0,375
297,111	-0,111
297,126	-0,230
297,141	0,268
297,156	-0,213
297,171	0,395
297,186	0,431
297,201	0,026
297,216	-0,429
297,231	0,169
297,246	0,025
297,261	0,026
297,276	0,182
297,291	-0,328
297,306	0,330
297,321	0,221
297,336	0,292
297,351	-0,058
297,366	0,279
297,381	0,040
297,396	-0,265
297,411	-0,394
297,426	-0,313
297,441	-0,267
297,456	0,281
297,471	-0,179
297,486	0,454
297,501	-0,368
297,516	-0,261
297,531	0,332
297,546	-0,294
297,561	0,454
297,576	0,400
297,591	-0,526
297,606	-0,234
297,621	-0,680
297,636	0,069
297,651	0,230
297,666	0,246
297,681	0,418
297,696	0,048
297,711	-0,678
297,726	0,155
297,741	-0,029
297,756	0,308
297,771	0,299
297,786	-0,738
297,801	-0,501
297,816	-0,585
297,831	0,053
297,846	0,325
297,861	0,010
297,876	0,413
297,891	-0,078
297,906	-0,638
297,921	0,321
297,937	0,422
297,952	0,308
297,966	-0,499
297,981	-0,678
297,997	0,346
298,012	-0,390
298,026	0,218
298,041	-0,057
298,057	0,737
298,072	0,567
298,087	0,243
298,102	-0,173
298,116	0,696
298,132	0,778
298,147	0,342
298,162	0,298
298,177	0,184
298,192	1,138
298,207	0,959
298,222	0,463
298,237	1,116
298,252	1,012
298,267	0,487
298,282	0,869
298,297	0,805
298,312	1,127
298,327	1,590
298,342	1,435
298,357	2,018
298,372	1,543
298,387	0,932
298,402	2,443
298,417	1,697
298,432	2,706
298,447	3,013
298,462	2,001
298,477	2,935
298,492	2,856
298,507	4,331
298,522	4,653
298,537	5,322
298,552	6,622
298,567	7,445
298,582	8,901
298,597	11,601
298,612	14,290
298,627	18,820
298,642	23,581
298,657	28,608
298,672	34,748
298,687	41,806
298,702	49,612
298,717	58,275
298,732	66,025
298,747	75,876
298,762	85,277
298,777	93,087
298,792	102,497
298,807	111,657
298,822	119,919
298,837	128,181
298,852	134,471
298,867	141,875
298,882	148,161
298,897	152,781
298,912	156,419
298,927	157,709
298,942	157,946
298,957	157,846
298,972	155,420
298,987	152,878
299,002	149,383
299,017	145,437
299,032	141,752
299,047	137,084
299,062	132,536
299,077	128,078
299,092	124,082
299,107	120,672
299,122	116,295
299,137	111,852
299,152	108,413
299,167	104,075
299,182	100,264
299,197	97,056
299,212	93,450
299,227	90,011
299,242	86,451
299,257	83,001
299,272	80,439
299,287	76,899
299,302	74,568
299,317	71,806
299,332	68,296
299,347	66,466
299,362	62,912
299,377	60,761
299,392	58,766
299,407	56,786
299,422	54,048
299,437	51,146
299,452	49,818
299,467	48,094
299,482	46,108
299,497	44,494
299,512	42,630
299,527	41,056
299,542	39,342
299,557	36,996
299,572	36,004
299,587	34,470
299,602	33,102
299,617	31,699
299,632	30,120
299,647	29,188
299,662	28,291
299,677	26,201
299,692	25,861
299,707	24,699
299,722	23,240
299,737	22,123
299,752	20,750
299,767	20,791
299,782	20,115
299,797	19,344
299,812	18,437
299,827	17,024
299,842	16,252
299,857	16,138
299,872	15,322
299,887	14,711
299,902	14,230
299,917	13,023
299,933	12,056
299,947	11,490
299,962	11,346
299,978	11,407
299,993	10,024
300,007	9,318
300,022	9,560
300,038	8,503
300,053	8,072
300,067	8,410
300,083	7,929
300,098	7,514
300,113	6,778
300,128	5,871
300,143	5,666
300,158	6,350
300,173	5,543
300,188	4,742
300,203	4,493
300,218	4,479
300,233	3,843
300,248	3,473
300,263	3,840
300,278	3,605
300,293	3,411
300,308	2,058
300,323	2,204
300,338	2,536
300,353	1,564
300,368	1,059
300,383	1,176
300,398	1,693
300,413	1,343
300,428	0,532
300,443	0,899
300,458	0,925
300,473	0,255
300,488	0,722
300,503	-0,456
300,518	-0,685
300,533	0,038
300,548	-0,763
300,563	-0,386
300,578	-0,520
300,593	-1,086
300,608	-1,426
300,623	-1,836
300,638	-1,364
300,653	-1,749
300,668	-1,171
300,683	-1,365
300,698	-1,700
300,713	-2,617
300,728	-1,843
300,743	-2,489
300,758	-2,157
300,773	-2,311
300,788	-2,772
300,803	-3,267
300,818	-3,116
300,833	-2,979
300,848	-2,607
300,863	-2,746
300,878	-3,106
300,893	-3,491
300,908	-3,625
300,923	-3,203
300,938	-3,463
300,953	-3,632
300,968	-3,651
300,983	-3,490
300,998	-3,423
301,013	-4,445
301,028	-4,093
301,043	-3,726
301,058	-4,271
301,073	-4,802
301,088	-4,349
301,103	-5,000
301,118	-4,372
301,133	-5,058
301,148	-4,330
301,163	-4,319
301,178	-4,995
301,193	-5,154
301,208	-4,551
301,223	-4,931
301,238	-4,654
301,253	-4,949
301,268	-5,515
301,283	-5,147
301,298	-5,477
301,313	-5,652
301,328	-5,054
301,343	-5,414
301,358	-5,212
301,373	-6,023
301,388	-6,298
301,403	-5,715
301,418	-6,527
301,433	-5,377
301,448	-5,802
301,463	-6,162
301,478	-5,690
301,493	-6,576
301,508	-6,084
301,523	-5,832
301,538	-6,127
301,553	-5,814
301,568	-6,576
301,583	-7,207
301,598	-6,308
301,613	-6,502
301,628	-6,376
301,643	-6,831
301,658	-6,985
301,673	-6,879
301,688	-6,577
301,703	-6,741
301,718	-7,227
301,733	-6,854
301,748	-6,678
301,763	-7,093
301,778	-7,714
301,793	-6,930
301,808	-7,075
301,823	-7,254
301,838	-7,980
301,853	-7,864
301,868	-7,115
301,884	-8,363
301,898	-7,640
301,913	-7,302
301,928	-7,376
301,943	-7,501
301,959	-7,921
301,974	-8,366
301,988	-8,059
302,003	-7,707
302,019	-7,811
302,034	-7,700
302,048	-8,421
302,063	-8,284
302,079	-8,057
302,094	-8,357
302,109	-7,770
302,124	-8,120
302,139	-8,916
302,154	-8,468
302,169	-8,743
302,184	-8,622
302,199	-8,400
302,214	-8,469
302,229	-8,227
302,244	-8,447
302,259	-9,213
302,274	-8,856
302,289	-9,251
302,304	-8,527
302,319	-8,857
302,334	-8,997
302,349	-9,086
302,364	-9,280
302,379	-8,928
302,394	-8,857
302,409	-9,608
302,424	-9,577
302,439	-9,230
302,454	-9,128
302,469	-9,669
302,484	-9,974
302,499	-9,381
302,514	-9,695
302,529	-9,730
302,544	-9,989
302,559	-10,399
302,574	-9,681
302,589	-9,590
302,604	-10,065
302,619	-9,477
302,634	-9,937
302,649	-10,643
302,664	-10,407
302,679	-10,511
302,694	-10,023
302,709	-9,786
302,724	-10,517
302,739	-10,908
302,754	-10,731
302,769	-10,589
302,784	-10,087
302,799	-10,161
302,814	-10,225
302,829	-10,309
302,844	-11,105
302,859	-10,603
302,874	-10,185
302,889	-10,174
302,904	-10,268
302,919	-10,964
302,934	-11,154
302,949	-10,877
302,964	-10,931
302,979	-10,373
302,994	-10,537
303,009	-10,712
303,024	-10,866
303,039	-11,582
303,054	-11,305
303,069	-11,039
303,084	-10,842
303,099	-11,031
303,114	-11,451
303,129	-11,024
303,144	-10,862
303,159	-11,814
303,174	-11,913
303,189	-11,095
303,204	-11,049
303,219	-11,504
303,234	-11,959
303,249	-11,251
303,264	-11,360
303,279	-11,354
303,294	-11,940
303,309	-11,718
303,324	-12,519
303,339	-11,901
303,354	-12,637
303,369	-11,422
303,384	-11,361
303,399	-12,052
303,414	-11,575
303,429	-12,205
303,444	-12,029
303,459	-11,611
303,474	-11,916
303,489	-11,925
303,504	-12,431
303,519	-12,635
303,534	-12,584
303,549	-12,858
303,564	-12,055
303,579	-12,024
303,594	-12,865
303,609	-11,881
303,624	-12,833
303,639	-12,912
303,654	-12,113
303,669	-12,519
303,684	-12,217
303,699	-12,371
303,714	-13,107
303,729	-12,735
303,744	-13,391
303,759	-12,372
303,774	-12,496
303,789	-12,740
303,804	-12,589
303,819	-12,874
303,834	-12,712
303,849	-12,831
303,864	-13,437
303,879	-13,416
303,894	-12,898
303,909	-13,338
303,925	-13,618
303,940	-13,933
303,954	-13,029
303,969	-13,033
303,985	-13,965
304,000	-13,653
304,014	-13,100
304,029	-13,771
304,045	-13,755
304,060	-13,347
304,075	-13,687
304,089	-13,651
304,105	-14,141
304,120	-14,170
304,135	-13,332
304,150	-13,767
304,165	-13,455
304,180	-13,840
304,195	-14,842
304,210	-13,803
304,225	-13,912
304,240	-13,715
304,255	-13,829
304,270	-14,119
304,285	-13,541
304,300	-14,328
304,315	-14,562
304,330	-14,019
304,345	-14,374
304,360	-14,448
304,375	-14,558
304,390	-14,943
304,405	-14,465
304,420	-14,875
304,435	-14,358
304,450	-14,266
304,465	-14,882
304,480	-14,259
304,495	-14,960
304,510	-14,829
304,525	-14,506
304,540	-14,154
304,555	-14,690
304,570	-15,225
304,585	-14,356
304,600	-14,732
304,615	-14,550
304,630	-15,221
304,645	-14,788
304,660	-14,491
304,675	-15,152
304,690	-15,367
304,705	-14,744
304,720	-14,562
304,735	-14,707
304,750	-14,665
304,765	-15,231
304,780	-14,503
304,795	-15,434
304,810	-15,814
304,825	-15,367
304,840	-15,842
304,855	-15,299
304,870	-15,795
304,885	-15,463
304,900	-15,908
304,915	-15,230
304,930	-15,118
304,945	-15,604
304,960	-15,091
304,975	-16,484
304,990	-15,550
305,005	-15,333
305,020	-15,874
305,035	-15,441
305,050	-15,601
305,065	-16,322
305,080	-15,930
305,095	-16,355
305,110	-15,461
305,125	-15,701
305,140	-16,387
305,155	-15,934
305,170	-16,249
305,185	-16,468
305,200	-15,780
305,215	-16,120
305,230	-15,883
305,245	-16,208
305,260	-16,638
305,275	-15,995
305,290	-16,877
305,305	-15,983
305,320	-16,915
305,335	-16,623
305,350	-16,165
305,365	-16,856
305,380	-16,670
305,395	-17,155
305,410	-16,216
305,425	-16,140
305,440	-16,254
305,455	-16,744
305,470	-16,427
305,485	-16,160
305,500	-16,570
305,515	-16,389
305,530	-16,563
305,545	-16,437
305,560	-17,213
305,575	-17,212
305,590	-16,609
305,605	-17,139
305,620	-16,527
305,635	-16,565
305,650	-17,472
305,665	-17,596
305,680	-17,791
305,695	-17,113
305,710	-16,781
305,725	-16,900
305,740	-17,902
305,755	-17,354
305,770	-17,714
305,785	-17,247
305,800	-17,195
305,815	-17,089
305,830	-17,163
305,845	-18,145
305,860	-17,763
305,875	-18,434
305,890	-18,192
305,906	-17,513
305,921	-17,517
305,935	-18,018
305,950	-17,846
305,966	-18,076
305,981	-17,553
305,995	-17,567
306,010	-17,962
306,026	-18,056
306,041	-18,406
306,055	-17,763
306,070	-18,058
306,086	-18,513
306,101	-18,582
306,116	-18,551
306,131	-17,973
306,146	-18,624
306,161	-18,668
306,176	-18,065
306,191	-18,220
306,206	-19,176
306,221	-18,759
306,236	-18,999
306,251	-18,882
306,266	-18,485
306,281	-18,619
306,296	-18,392
306,311	-18,411
306,326	-19,539
306,341	-18,720
306,356	-19,266
306,371	-18,783
306,386	-18,476
306,401	-19,137
306,416	-18,534
306,431	-19,205
306,446	-19,555
306,461	-18,862
306,476	-19,186
306,491	-18,854
306,506	-18,768
306,521	-19,609
306,536	-19,072
306,551	-19,522
306,566	-19,069
306,581	-18,943
306,596	-19,278
306,611	-18,891
306,626	-19,541
306,641	-19,621
306,656	-19,103
306,671	-19,072
306,686	-19,216
306,701	-19,420
306,716	-20,212
306,731	-19,418
306,746	-19,487
306,761	-19,281
306,776	-19,626
306,791	-20,241
306,806	-20,371
306,821	-19,532
306,836	-19,862
306,851	-19,640
306,866	-20,221
306,881	-19,543
306,896	-19,883
306,911	-19,856
306,926	-19,960
306,941	-19,759
306,956	-20,294
306,971	-20,108
306,986	-20,217
307,001	-21,094
307,016	-20,330
307,031	-20,680
307,046	-20,002
307,061	-19,915
307,076	-20,115
307,091	-20,229
307,106	-21,036
307,121	-21,110
307,136	-20,416
307,151	-20,952
307,166	-20,199
307,181	-20,273
307,196	-21,164
307,211	-20,677
307,226	-21,032
307,241	-20,815
307,256	-20,483
307,271	-20,963
307,286	-20,581
307,301	-21,206
307,316	-21,702
307,331	-20,547
307,346	-21,013
307,361	-20,966
307,376	-21,311
307,391	-21,621
307,406	-21,415
307,421	-21,479
307,436	-21,237
307,451	-20,970
307,466	-22,027
307,481	-21,479
307,496	-21,152
307,511	-21,196
307,526	-21,180
307,541	-20,958
307,556	-21,980
307,571	-21,287
307,586	-21,782
307,601	-21,666
307,616	-21,910
307,631	-21,608
307,646	-21,351
307,661	-21,802
307,676	-21,384
307,691	-21,499
307,706	-22,285
307,721	-21,888
307,736	-21,540
307,751	-21,474
307,766	-21,553
307,781	-22,239
307,796	-22,278
307,811	-22,598
307,826	-22,436
307,841	-21,663
307,856	-21,923
307,871	-22,764
307,886	-21,991
307,901	-22,662
307,916	-22,114
307,932	-21,892
307,947	-22,092
307,962	-22,075
307,976	-23,037
307,991	-22,695
308,007	-21,977
308,022	-22,432
308,036	-22,205
308,051	-21,988
308,067	-23,246
308,082	-22,703
308,097	-23,194
308,111	-22,310
308,127	-22,289
308,142	-22,308
308,157	-22,613
308,172	-23,043
308,187	-23,252
308,202	-22,770
308,217	-22,488
308,232	-22,637
308,247	-23,273
308,262	-22,690
308,277	-22,754
308,292	-22,613
308,307	-23,750
308,322	-23,062
308,337	-23,407
308,352	-23,546
308,367	-22,843
308,382	-23,002
308,397	-22,911
308,412	-23,421
308,427	-23,821
308,442	-23,394
308,457	-23,187
308,472	-23,432
308,487	-24,103
308,502	-23,174
308,517	-23,368
308,532	-23,372
308,547	-23,301
308,562	-23,947
308,577	-24,116
308,592	-23,618
308,607	-23,442
308,622	-23,586
308,637	-23,986
308,652	-24,241
308,667	-24,154
308,682	-24,494
308,697	-23,841
308,712	-23,544
308,727	-23,939
308,742	-23,773
308,757	-24,379
308,772	-24,458
308,787	-23,950
308,802	-23,758
308,817	-24,209
308,832	-24,002
308,847	-24,467
308,862	-24,797
308,877	-24,515
308,892	-24,489
308,907	-24,463
308,922	-24,522
308,937	-25,183
308,952	-24,991
308,967	-24,403
308,982	-24,282
308,997	-24,220
309,012	-24,440
309,027	-24,363
309,042	-24,438
309,057	-24,988
309,072	-24,756
309,087	-24,861
309,102	-24,288
309,117	-24,743
309,132	-25,294
309,147	-24,676
309,162	-24,815
309,177	-25,556
309,192	-24,933
309,207	-25,454
309,222	-25,086
309,237	-25,296
309,252	-25,882
309,267	-25,188
309,282	-25,764
309,297	-25,226
309,312	-25,511
309,327	-26,167
309,342	-25,168
309,357	-26,084
309,372	-25,592
309,387	-25,260
309,402	-25,454
309,417	-25,483
309,432	-26,034
309,447	-25,987
309,462	-25,901
309,477	-26,121
309,492	-25,302
309,507	-25,948
309,522	-26,107
309,537	-26,166
309,552	-26,817
309,567	-26,109
309,582	-25,571
309,597	-25,605
309,612	-25,820
309,627	-26,681
309,642	-26,810
309,657	-25,882
309,672	-25,645
309,687	-26,185
309,702	-26,826
309,717	-26,364
309,732	-26,879
309,747	-26,381
309,762	-26,420
309,777	-26,585
309,792	-27,256
309,807	-26,342
309,822	-27,389
309,837	-26,916
309,852	-26,283
309,867	-26,368
309,882	-26,557
309,897	-27,348
309,912	-27,257
309,928	-27,657
309,942	-27,275
309,957	-27,444
309,973	-26,570
309,988	-26,700
310,002	-27,215
310,017	-27,389
310,033	-27,554
310,048	-27,071
310,062	-26,729
310,077	-26,888
310,093	-26,933
310,108	-27,383
310,123	-28,034
310,138	-27,130
310,153	-27,821
310,168	-27,153
310,183	-27,187
310,198	-27,953
310,213	-27,104
310,228	-28,076
310,243	-27,684
310,258	-27,211
310,273	-27,782
310,288	-27,319
310,303	-27,785
310,318	-28,185
310,333	-27,582
310,348	-28,097
310,363	-27,705
310,378	-27,313
310,393	-28,029
310,408	-28,328
310,423	-28,082
310,438	-27,469
310,453	-27,824
310,468	-28,770
310,483	-27,902
310,498	-27,961
310,513	-28,351
310,528	-28,796
310,543	-28,725
310,558	-27,906
310,573	-28,121
310,588	-28,576
310,603	-28,469
310,618	-29,145
310,633	-28,472
310,648	-28,110
310,663	-28,390
310,678	-28,163
310,693	-28,518
310,708	-29,084
310,723	-28,862
310,738	-28,294
310,753	-28,679
310,768	-28,623
310,783	-28,862
310,798	-29,428
310,813	-29,618
310,828	-29,115
310,843	-28,647
310,858	-28,782
310,873	-29,197
310,888	-29,125
310,903	-29,892
310,918	-29,093
310,933	-28,806
310,948	-29,016
310,963	-29,130
310,978	-29,354
310,993	-29,689
311,008	-29,759
311,023	-29,868
311,038	-29,149
311,053	-29,499
311,068	-30,115
311,083	-29,813
311,098	-30,238
311,113	-29,856
311,128	-29,373
311,143	-29,473
311,158	-29,652
311,173	-30,037
311,188	-29,710
311,203	-29,659
311,218	-30,114
311,233	-30,710
311,248	-30,202
311,263	-29,970
311,278	-30,024
311,293	-30,640
311,308	-30,082
311,323	-30,262
311,338	-30,406
311,353	-30,891
311,368	-30,504
311,383	-30,182
311,398	-30,743
311,413	-30,842
311,428	-30,304
311,443	-30,167
311,458	-30,879
311,473	-31,173
311,488	-30,907
311,503	-31,261
311,518	-30,543
311,533	-30,617
311,548	-30,546
311,563	-31,001
311,578	-31,517
311,593	-30,999
311,608	-31,524
311,623	-31,052
311,638	-30,715
311,653	-31,240
311,668	-31,184
311,683	-31,614
311,698	-31,152
311,713	-31,216
311,728	-30,959
311,743	-31,123
311,758	-31,578
311,773	-31,046
311,788	-31,105
311,803	-31,349
311,818	-31,308
311,833	-31,934
311,848	-31,772
311,863	-31,566
311,878	-31,891
311,893	-31,393
311,908	-31,487
311,923	-31,762
311,938	-31,610
311,954	-31,790
311,969	-31,774
311,983	-32,409
311,998	-32,338
312,014	-31,866
312,029	-31,930
312,043	-32,846
312,058	-32,549
312,074	-31,861
312,089	-32,467
312,103	-32,014
312,119	-32,610
312,134	-32,830
312,149	-32,523
312,164	-33,183
312,179	-33,022
312,194	-32,093
312,209	-32,573
312,224	-32,236
312,239	-32,621
312,254	-33,608
312,269	-32,493
312,284	-33,526
312,299	-32,677
312,314	-32,691
312,329	-33,251
312,344	-32,894
312,359	-33,380
312,374	-33,434
312,389	-32,615
312,404	-33,070
312,419	-32,833
312,434	-33,063
312,449	-33,553
312,464	-32,700
312,479	-33,526
312,494	-32,908
312,509	-32,922
312,524	-33,287
312,539	-33,903
312,554	-33,942
312,569	-33,093
312,584	-33,057
312,599	-34,019
312,614	-33,020
312,629	-34,237
312,644	-33,183
312,659	-33,558
312,674	-34,294
312,689	-34,017
312,704	-33,299
312,719	-33,253
312,734	-34,189
312,749	-34,825
312,764	-33,806
312,779	-33,619
312,794	-33,824
312,809	-34,294
312,824	-33,601
312,839	-34,488
312,854	-34,572
312,869	-35,062
312,884	-34,409
312,899	-35,075
312,914	-34,151
312,929	-34,757
312,944	-34,560
312,959	-34,805
312,974	-34,217
312,989	-34,160
313,004	-34,591
313,019	-34,273
313,034	-34,969
313,049	-34,356
313,064	-34,165
313,079	-34,600
313,094	-34,479
313,109	-34,492
313,124	-35,555
313,139	-34,450
313,154	-35,292
313,169	-34,719
313,184	-34,622
313,199	-35,113
313,214	-34,871
313,229	-35,617
313,244	-35,205
313,259	-34,722
313,274	-35,052
313,289	-35,001
313,304	-35,316
313,319	-35,811
313,334	-35,138
313,349	-35,187
313,364	-34,975
313,379	-35,290
313,394	-35,896
313,409	-35,097
313,424	-35,858
313,439	-35,922
313,454	-36,062
313,469	-35,459
313,484	-35,026
313,499	-35,768
313,514	-36,333
313,529	-35,479
313,544	-35,544
313,559	-35,542
313,574	-36,354
313,589	-36,744
313,604	-35,975
313,619	-36,531
313,634	-36,279
313,649	-35,917
313,664	-36,086
313,679	-35,834
313,694	-35,798
313,709	-36,575
313,724	-36,027
313,739	-35,895
313,754	-36,195
313,769	-36,048
313,784	-36,448
313,799	-37,415
313,814	-36,496
313,829	-36,811
313,844	-36,254
313,859	-36,298
313,875	-36,296
313,889	-36,767
313,904	-37,418
313,920	-36,965
313,935	-36,553
313,950	-37,078
313,964	-36,826
313,979	-36,815
313,995	-37,581
314,010	-37,274
314,024	-37,273
314,039	-36,991
314,055	-36,514
314,070	-37,325
314,084	-37,434
314,099	-37,508
314,115	-36,981
314,130	-36,975
314,145	-37,189
314,160	-37,634
314,175	-37,112
314,190	-37,447
314,205	-37,776
314,220	-37,770
314,235	-37,253
314,250	-38,029
314,265	-37,807
314,280	-38,037
314,295	-38,171
314,310	-37,503
314,325	-37,482
314,340	-37,877
314,355	-37,605
314,370	-38,005
314,385	-38,365
314,400	-37,647
314,415	-38,277
314,430	-37,880
314,445	-37,673
314,460	-37,843
314,475	-37,701
314,490	-38,362
314,505	-38,311
314,520	-37,593
314,535	-37,627
314,550	-37,806
314,565	-38,091
314,580	-39,007
314,595	-38,093
314,610	-38,925
314,625	-38,282
314,640	-38,557
314,655	-38,225
314,670	-38,720
314,685	-38,879
314,700	-38,953
314,715	-38,205
314,730	-38,324
314,745	-38,283
314,760	-38,232
314,775	-39,088
314,790	-38,826
314,805	-38,629
314,820	-38,624
314,835	-38,763
314,850	-39,414
314,865	-38,565
314,880	-38,574
314,895	-39,275
314,910	-39,580
314,925	-39,233
314,940	-38,835
314,955	-39,461
314,970	-39,605
314,985	-39,128
315,000	-39,051
