285,000	24,974
285,015	25,377
285,030	25,203
285,045	24,142
285,060	23,567
285,075	24,857
285,090	24,734
285,105	24,650
285,120	23,960
285,135	23,280
285,150	23,362
285,165	23,504
285,180	23,821
285,195	23,898
285,210	23,624
285,225	23,807
285,240	22,881
285,255	22,511
285,270	23,230
285,285	23,152
285,300	23,018
285,315	23,000
285,330	21,652
285,345	22,662
285,360	21,616
285,375	22,410
285,390	22,512
285,405	21,947
285,420	21,041
285,435	21,524
285,450	22,032
285,465	21,693
285,480	21,930
285,495	21,686
285,510	21,167
285,525	20,612
285,540	20,894
285,555	21,488
285,570	20,502
285,585	21,256
285,600	20,851
285,615	20,236
285,630	20,604
285,645	20,736
285,660	20,728
285,675	20,765
285,690	20,526
285,705	20,683
285,720	19,852
285,735	20,014
285,750	20,407
285,765	20,128
285,780	20,195
285,795	20,207
285,810	18,830
285,825	19,563
285,840	18,953
285,855	19,592
285,870	19,985
285,885	19,771
285,901	19,853
285,916	19,087
285,930	18,888
285,945	19,502
285,961	19,368
285,976	19,410
285,990	19,347
286,005	18,160
286,021	18,613
286,036	18,179
286,050	19,269
286,065	19,225
286,080	18,706
286,096	19,114
286,111	18,022
286,125	18,094
286,141	18,868
286,156	18,378
286,171	18,701
286,186	18,868
286,201	17,455
286,216	18,300
286,231	17,474
286,246	18,303
286,261	18,631
286,276	18,006
286,291	17,421
286,306	17,663
286,321	18,442
286,336	18,208
286,351	18,331
286,366	18,312
286,381	18,033
286,396	17,067
286,411	18,157
286,426	16,679
286,441	17,940
286,456	17,987
286,471	17,251
286,486	17,162
286,501	17,089
286,516	16,579
286,531	17,825
286,546	16,844
286,561	17,708
286,576	17,138
286,591	16,733
286,606	16,806
286,621	17,615
286,636	17,225
286,651	17,242
286,666	17,304
286,681	16,488
286,696	16,901
286,711	16,411
286,726	17,045
286,741	17,212
286,756	16,391
286,771	16,960
286,786	15,688
286,801	16,116
286,816	16,749
286,831	16,079
286,846	16,783
286,861	16,544
286,876	15,473
286,891	16,252
286,906	15,677
286,921	16,280
286,936	16,102
286,951	15,426
286,966	16,105
286,981	15,590
286,996	14,995
287,011	15,734
287,026	15,009
287,041	15,492
287,056	15,534
287,071	14,567
287,086	15,136
287,101	13,919
287,116	15,064
287,131	14,259
287,146	14,852
287,161	14,789
287,176	14,254
287,191	13,724
287,206	14,518
287,221	14,359
287,236	14,411
287,251	14,257
287,266	13,135
287,281	13,328
287,296	12,934
287,311	13,798
287,326	13,740
287,341	13,676
287,356	12,249
287,371	12,757
287,386	12,252
287,401	13,157
287,416	12,993
287,431	13,155
287,446	12,921
287,461	11,694
287,476	11,746
287,491	11,402
287,506	11,819
287,521	11,947
287,536	12,129
287,551	11,208
287,566	11,120
287,581	10,440
287,596	11,996
287,611	11,601
287,626	11,427
287,641	11,449
287,656	10,578
287,671	9,722
287,686	11,219
287,701	10,829
287,716	10,891
287,731	10,768
287,746	9,827
287,761	10,024
287,776	9,414
287,791	10,699
287,806	10,390
287,821	9,615
287,836	10,404
287,851	9,147
287,866	9,339
287,881	10,003
287,897	9,799
287,911	9,795
287,926	9,246
287,942	8,405
287,957	8,953
287,971	8,514
287,986	9,368
288,002	9,315
288,017	8,935
288,031	9,208
288,046	8,763
288,062	8,248
288,077	8,917
288,092	8,197
288,107	8,775
288,122	8,962
288,137	7,500
288,152	8,585
288,167	7,213
288,182	8,518
288,197	8,369
288,212	7,779
288,227	8,197
288,242	7,477
288,257	7,564
288,272	8,052
288,287	7,723
288,302	8,010
288,317	7,887
288,332	6,850
288,347	7,148
288,362	6,708
288,377	7,698
288,392	7,720
288,407	7,822
288,422	6,630
288,437	7,098
288,452	6,829
288,467	7,473
288,482	7,354
288,497	7,215
288,512	6,861
288,527	6,592
288,542	7,221
288,557	7,363
288,572	7,114
288,587	7,025
288,602	7,047
288,617	6,277
288,632	6,589
288,647	5,568
288,662	7,074
288,677	6,890
288,692	6,867
288,707	6,783
288,722	6,183
288,737	6,697
288,752	6,709
288,767	5,778
288,782	6,943
288,797	6,588
288,812	5,517
288,827	6,291
288,842	5,335
288,857	6,194
288,872	6,552
288,887	5,636
288,902	6,691
288,917	5,384
288,932	5,521
288,947	6,380
288,962	5,760
288,977	6,414
288,992	6,004
289,007	4,963
289,022	5,757
289,037	5,558
289,052	5,871
289,067	6,203
289,082	5,869
289,097	6,147
289,112	5,487
289,127	5,112
289,142	5,911
289,157	6,083
289,172	6,045
289,187	6,012
289,202	4,820
289,217	5,584
289,232	5,195
289,247	5,798
289,262	6,031
289,277	5,386
289,292	5,919
289,307	5,334
289,322	5,295
289,337	5,804
289,352	5,961
289,367	5,867
289,382	5,944
289,397	4,577
289,412	5,556
289,427	4,966
289,442	5,750
289,457	5,883
289,472	5,423
289,487	4,492
289,502	5,391
289,517	4,876
289,532	5,671
289,547	5,672
289,562	5,699
289,577	5,540
289,592	4,925
289,607	5,338
289,622	5,656
289,637	5,482
289,652	5,714
289,667	5,435
289,682	4,169
289,697	5,138
289,712	4,718
289,727	5,111
289,742	5,569
289,757	5,656
289,772	5,417
289,787	4,928
289,802	4,869
289,817	5,443
289,832	5,043
289,847	5,526
289,862	4,956
289,877	4,457
289,892	4,845
289,907	4,295
289,923	5,219
289,937	4,950
289,952	4,716
289,967	5,285
289,983	4,063
289,998	4,486
290,012	4,889
290,027	4,414
290,043	5,223
290,058	5,014
290,072	3,893
290,088	4,175
290,103	3,761
290,118	4,740
290,133	4,938
290,148	4,954
290,163	5,232
290,178	4,471
290,193	4,022
290,208	4,971
290,223	4,798
290,238	5,130
290,253	5,067
290,268	4,261
290,283	5,121
290,298	4,285
290,313	4,768
290,328	5,126
290,343	4,511
290,358	5,220
290,373	4,224
290,388	4,250
290,403	5,069
290,418	5,211
290,433	5,058
290,448	4,693
290,463	4,440
290,478	5,143
290,493	3,861
290,508	4,640
290,523	4,973
290,538	4,373
290,553	4,229
290,568	3,975
290,583	3,771
290,598	4,941
290,613	4,948
290,628	5,005
290,643	4,927
290,658	3,740
290,673	4,098
290,688	5,082
290,703	4,783
290,718	4,976
290,733	4,922
290,748	3,560
290,763	4,309
290,778	3,658
290,793	4,643
290,808	5,051
290,823	4,717
290,838	5,124
290,853	4,189
290,868	4,190
290,883	4,874
290,898	4,760
290,913	4,707
290,928	4,699
290,943	3,863
290,958	4,105
290,973	3,430
290,988	4,676
291,003	4,622
291,018	4,052
291,033	4,601
291,048	4,141
291,063	3,862
291,078	4,826
291,093	3,830
291,108	4,599
291,123	4,110
291,138	3,435
291,153	3,812
291,168	3,438
291,183	4,307
291,198	4,600
291,213	4,085
291,228	4,563
291,243	4,008
291,258	3,639
291,273	4,784
291,288	4,590
291,303	4,381
291,318	4,212
291,333	3,482
291,348	3,810
291,363	3,280
291,378	4,124
291,393	4,422
291,408	4,258
291,423	4,064
291,438	3,880
291,453	3,265
291,468	4,430
291,483	4,427
291,498	4,394
291,513	3,708
291,528	3,645
291,543	4,339
291,558	3,298
291,573	3,926
291,588	4,354
291,603	4,170
291,618	3,249
291,633	3,772
291,648	3,062
291,663	4,177
291,678	4,404
291,693	4,095
291,708	4,097
291,723	3,437
291,738	3,589
291,753	3,967
291,768	3,517
291,783	4,256
291,798	4,123
291,813	2,816
291,828	3,364
291,843	2,939
291,858	3,899
291,873	4,071
291,889	3,261
291,903	4,044
291,918	3,585
291,933	3,878
291,949	3,954
291,964	3,911
291,978	3,928
291,993	3,609
292,009	2,974
292,024	3,336
292,038	3,057
292,053	3,916
292,068	3,918
292,084	3,318
292,099	3,801
292,114	3,001
292,129	3,027
292,144	3,701
292,159	2,951
292,174	3,599
292,189	3,190
292,204	2,680
292,219	3,213
292,234	2,217
292,249	3,016
292,264	3,545
292,279	2,659
292,294	3,689
292,309	2,998
292,324	2,508
292,339	3,578
292,354	3,655
292,369	3,427
292,384	3,659
292,399	2,597
292,414	2,569
292,429	2,260
292,444	2,618
292,459	3,367
292,474	3,168
292,489	2,237
292,504	2,906
292,519	1,900
292,534	3,230
292,549	3,152
292,564	3,268
292,579	3,260
292,594	2,068
292,609	2,471
292,624	2,679
292,639	2,901
292,654	3,213
292,669	2,603
292,684	2,003
292,699	2,547
292,714	2,042
292,729	2,856
292,744	3,019
292,759	3,206
292,774	3,323
292,789	2,337
292,804	2,770
292,819	2,987
292,834	2,683
292,849	2,875
292,864	3,047
292,879	1,820
292,894	2,429
292,909	2,125
292,924	2,387
292,939	2,650
292,954	2,877
292,969	2,939
292,984	2,119
292,999	1,935
293,014	2,824
293,029	1,978
293,044	2,822
293,059	2,719
293,074	1,402
293,089	2,732
293,104	1,621
293,119	2,606
293,134	2,713
293,149	2,368
293,164	2,887
293,179	1,434
293,194	1,757
293,209	2,546
293,224	2,147
293,239	2,700
293,254	1,989
293,269	1,284
293,284	1,812
293,299	1,343
293,314	2,237
293,329	2,540
293,344	2,276
293,359	2,468
293,374	2,088
293,389	1,393
293,404	2,408
293,419	2,681
293,434	2,186
293,449	1,992
293,464	1,372
293,479	1,659
293,494	1,200
293,509	1,492
293,524	2,216
293,539	1,992
293,554	1,483
293,569	1,519
293,584	1,396
293,599	2,285
293,614	2,317
293,629	2,259
293,644	1,999
293,659	1,605
293,674	1,466
293,689	2,060
293,704	1,334
293,719	2,028
293,734	1,579
293,749	0,623
293,764	1,512
293,779	1,147
293,794	1,726
293,809	1,818
293,824	2,040
293,839	1,932
293,854	1,452
293,869	1,107
293,884	1,997
293,899	1,126
293,914	1,900
293,930	2,012
293,945	0,690
293,959	0,983
293,974	0,503
293,990	1,633
294,005	1,740
294,019	1,511
294,034	1,513
294,050	1,234
294,065	0,890
294,079	1,478
294,094	1,525
294,110	1,547
294,125	1,338
294,140	0,507
294,155	1,176
294,170	0,240
294,185	1,435
294,200	1,567
294,215	1,093
294,230	1,691
294,245	0,750
294,260	0,270
294,275	1,546
294,290	1,337
294,305	1,399
294,320	1,636
294,335	0,791
294,350	0,602
294,365	0,067
294,380	0,791
294,395	1,264
294,410	1,331
294,425	1,383
294,440	0,622
294,455	0,057
294,470	0,851
294,485	1,349
294,500	1,261
294,515	1,208
294,530	0,527
294,545	1,091
294,560	0,215
294,575	0,889
294,590	1,201
294,605	0,596
294,620	1,190
294,635	1,041
294,650	0,346
294,665	1,185
294,680	1,041
294,695	1,173
294,710	1,175
294,725	0,194
294,740	0,316
294,755	1,000
294,770	0,475
294,785	1,324
294,800	0,684
294,815	-0,152
294,830	0,773
294,845	0,158
294,860	0,877
294,875	1,044
294,890	1,156
294,905	0,912
294,920	0,527
294,935	0,805
294,950	1,198
294,965	0,502
294,980	1,186
294,995	1,112
295,010	-0,104
295,025	0,494
295,040	0,275
295,055	1,210
295,070	1,182
295,085	0,757
295,100	1,466
295,115	0,660
295,130	0,166
295,145	1,050
295,160	1,047
295,175	1,430
295,190	0,749
295,205	0,410
295,220	0,652
295,235	0,368
295,250	1,453
295,265	1,445
295,280	0,925
295,295	1,494
295,310	0,833
295,325	0,971
295,340	1,499
295,355	1,756
295,370	1,613
295,385	1,178
295,400	1,045
295,415	0,821
295,430	0,416
295,445	1,421
295,460	1,693
295,475	1,189
295,490	1,677
295,505	1,272
295,520	0,823
295,535	1,471
295,550	1,784
295,565	1,906
295,580	1,883
295,595	0,816
295,610	0,853
295,625	1,116
295,640	1,644
295,655	2,202
295,670	1,622
295,685	1,072
295,700	1,906
295,715	1,311
295,730	1,529
295,745	2,162
295,760	2,214
295,775	2,251
295,790	1,235
295,805	1,207
295,820	2,126
295,835	1,486
295,850	2,380
295,865	2,332
295,880	0,994
295,895	1,789
295,911	1,715
295,925	2,284
295,940	2,456
295,955	2,031
295,971	2,710
295,986	1,523
296,000	1,971
296,015	2,625
296,031	2,461
296,046	2,884
296,060	2,971
296,075	1,825
296,091	2,950
296,106	1,718
296,121	2,241
296,136	2,684
296,151	2,781
296,166	3,013
296,181	2,178
296,196	2,435
296,211	3,049
296,226	2,238
296,241	3,348
296,256	2,783
296,271	2,484
296,286	3,153
296,301	2,482
296,316	2,725
296,331	3,414
296,346	2,994
296,361	3,944
296,376	2,968
296,391	2,724
296,406	3,874
296,421	3,619
296,436	3,852
296,451	3,889
296,466	3,399
296,481	2,789
296,496	3,252
296,511	3,189
296,526	3,898
296,541	3,664
296,556	2,863
296,571	3,492
296,586	2,957
296,601	4,187
296,616	4,405
296,631	4,401
296,646	4,298
296,661	3,673
296,676	3,759
296,691	3,611
296,706	4,049
296,721	4,562
296,736	4,153
296,751	3,533
296,766	4,261
296,781	3,636
296,796	4,295
296,811	4,939
296,826	4,730
296,841	4,250
296,856	4,387
296,871	4,464
296,886	5,193
296,901	4,453
296,916	5,437
296,931	5,479
296,946	4,754
296,961	5,167
296,976	4,456
296,991	5,436
297,006	5,693
297,021	5,966
297,036	6,138
297,051	5,032
297,066	5,079
297,081	6,179
297,096	5,624
297,111	6,418
297,126	6,068
297,141	5,479
297,156	6,960
297,171	5,818
297,186	6,988
297,201	7,346
297,216	7,167
297,231	7,490
297,246	7,055
297,261	7,373
297,276	8,413
297,291	7,828
297,306	8,687
297,321	8,934
297,336	8,871
297,351	9,183
297,366	9,135
297,381	10,175
297,396	11,129
297,411	11,577
297,426	12,080
297,441	12,223
297,456	12,435
297,471	14,403
297,486	15,212
297,501	16,161
297,516	17,773
297,531	18,351
297,546	20,008
297,561	21,995
297,576	24,680
297,591	27,515
297,606	30,796
297,621	33,320
297,636	38,352
297,651	42,029
297,666	47,682
297,681	52,654
297,696	58,147
297,711	63,489
297,726	67,974
297,741	72,865
297,756	77,390
297,771	83,645
297,786	87,889
297,801	91,291
297,816	94,653
297,831	98,229
297,846	100,488
297,861	103,483
297,876	105,611
297,891	106,892
297,906	107,802
297,921	107,046
297,937	108,046
297,952	108,860
297,966	108,746
297,981	108,673
297,997	108,128
298,012	106,581
298,026	106,367
298,041	104,844
298,057	105,658
298,072	104,842
298,087	102,913
298,102	102,905
298,116	100,885
298,132	99,278
298,147	98,422
298,162	95,801
298,177	94,680
298,192	92,159
298,207	89,101
298,222	87,228
298,237	84,571
298,252	82,723
298,267	81,055
298,282	78,830
298,297	76,415
298,312	73,568
298,327	70,767
298,342	69,655
298,357	66,473
298,372	65,426
298,387	62,941
298,402	60,515
298,417	58,320
298,432	56,131
298,447	55,566
298,462	54,078
298,477	51,357
298,492	50,531
298,507	47,976
298,522	46,273
298,537	45,582
298,552	44,455
298,567	42,832
298,582	41,440
298,597	39,040
298,612	38,043
298,627	36,571
298,642	35,725
298,657	35,250
298,672	33,637
298,687	31,628
298,702	31,299
298,717	30,182
298,732	29,482
298,747	29,198
298,762	28,302
298,777	27,276
298,792	25,768
298,807	25,354
298,822	24,859
298,837	23,035
298,852	23,453
298,867	22,628
298,882	21,165
298,897	21,352
298,912	19,709
298,927	19,997
298,942	19,447
298,957	18,862
298,972	18,332
298,987	17,266
299,002	17,127
299,017	16,713
299,032	15,727
299,047	15,808
299,062	15,574
299,077	14,292
299,092	14,149
299,107	12,977
299,122	13,029
299,137	13,482
299,152	12,677
299,167	12,779
299,182	11,797
299,197	10,601
299,212	11,655
299,227	10,579
299,242	11,102
299,257	10,527
299,272	9,626
299,287	10,175
299,302	9,314
299,317	9,521
299,332	9,438
299,347	9,174
299,362	9,155
299,377	8,214
299,392	7,815
299,407	8,258
299,422	8,360
299,437	8,101
299,452	7,762
299,467	6,555
299,482	6,341
299,497	6,539
299,512	6,430
299,527	6,943
299,542	6,714
299,557	6,535
299,572	5,419
299,587	5,240
299,602	5,989
299,617	5,494
299,632	6,007
299,647	5,919
299,662	4,797
299,677	4,959
299,692	4,495
299,707	4,682
299,722	5,336
299,737	5,307
299,752	4,076
299,767	4,925
299,782	3,783
299,797	4,642
299,812	4,178
299,827	4,806
299,842	4,638
299,857	3,536
299,872	3,578
299,887	4,352
299,902	3,998
299,917	4,290
299,933	4,382
299,947	3,557
299,962	3,789
299,978	2,944
299,993	4,109
300,007	4,180
300,022	3,851
300,038	3,883
300,053	3,829
300,067	2,939
300,083	3,823
300,098	2,967
300,113	3,636
300,128	3,763
300,143	2,717
300,158	3,586
300,173	2,570
300,188	2,712
300,203	3,481
300,218	3,167
300,233	3,434
300,248	3,070
300,263	2,525
300,278	2,762
300,293	2,604
300,308	3,468
300,323	2,873
300,338	2,564
300,353	2,751
300,368	2,702
300,383	2,739
300,398	3,087
300,413	3,019
300,428	3,036
300,443	2,445
300,458	1,971
300,473	2,599
300,488	2,877
300,503	2,949
300,518	2,765
300,533	1,654
300,548	2,959
300,563	1,542
300,578	2,291
300,593	2,769
300,608	2,454
300,623	2,592
300,638	2,242
300,653	1,958
300,668	2,506
300,683	2,664
300,698	2,555
300,713	1,750
300,728	2,158
300,743	1,146
300,758	1,945
300,773	1,596
300,788	2,425
300,803	2,121
300,818	1,034
300,833	2,230
300,848	1,083
300,863	2,259
300,878	2,586
300,893	2,302
300,908	2,354
300,923	1,759
300,938	1,094
300,953	2,224
300,968	1,373
300,983	2,237
300,998	1,903
301,013	0,917
301,028	1,886
301,043	0,755
301,058	2,492
301,073	2,112
301,088	1,417
301,103	2,296
301,118	1,441
301,133	1,312
301,148	2,086
301,163	1,210
301,178	2,275
301,193	2,031
301,208	0,774
301,223	1,999
301,238	0,537
301,253	1,431
301,268	1,914
301,283	1,420
301,298	1,843
301,313	1,228
301,328	0,999
301,343	1,752
301,358	1,087
301,373	1,786
301,388	1,753
301,403	0,806
301,418	1,094
301,433	0,524
301,448	1,624
301,463	1,816
301,478	0,710
301,493	1,760
301,508	1,486
301,523	0,419
301,538	1,800
301,553	1,712
301,568	1,478
301,583	0,612
301,598	0,864
301,613	0,766
301,628	0,752
301,643	1,446
301,658	1,629
301,673	1,585
301,688	0,078
301,703	1,248
301,718	0,041
301,733	1,542
301,748	1,499
301,763	1,575
301,778	1,071
301,793	0,636
301,808	0,557
301,823	0,319
301,838	0,381
301,853	1,496
301,868	1,407
301,884	0,586
301,898	0,668
301,913	0,023
301,928	0,907
301,943	1,451
301,959	1,172
301,974	0,903
301,988	0,939
302,003	0,605
302,019	1,149
302,034	0,137
302,048	1,077
302,063	1,269
302,079	0,830
302,094	0,596
302,109	-0,195
302,124	0,599
302,139	1,253
302,154	1,079
302,169	1,241
302,184	0,375
302,199	0,823
302,214	0,986
302,229	0,536
302,244	1,145
302,259	1,106
302,274	-0,140
302,289	0,704
302,304	-0,243
302,319	0,226
302,334	0,949
302,349	0,389
302,364	1,128
302,379	0,674
302,394	0,029
302,409	0,627
302,424	0,208
302,439	0,625
302,454	0,677
302,469	0,278
302,484	0,209
302,499	-0,170
302,514	-0,088
302,529	0,796
302,544	0,838
302,559	1,006
302,574	0,506
302,589	-0,014
302,604	0,745
302,619	0,777
302,634	0,889
302,649	0,509
302,664	0,095
302,679	-0,094
302,694	0,003
302,709	0,141
302,724	0,729
302,739	0,590
302,754	-0,321
302,769	0,082
302,784	-0,458
302,799	0,186
302,814	0,724
302,829	0,435
302,844	0,702
302,859	-0,289
302,874	-0,302
302,889	-0,822
302,904	0,379
302,919	0,541
302,934	0,558
302,949	-0,504
302,964	0,090
302,979	0,558
302,994	0,509
303,009	0,657
303,024	0,423
303,039	0,590
303,054	0,286
303,069	-0,074
303,084	0,424
303,099	-0,231
303,114	0,719
303,129	0,620
303,144	-0,552
303,159	0,147
303,174	-0,538
303,189	0,467
303,204	0,609
303,219	0,480
303,234	0,482
303,249	-0,033
303,264	-0,096
303,279	0,582
303,294	0,067
303,309	0,551
303,324	0,547
303,339	-0,078
303,354	-0,221
303,369	-0,405
303,384	0,083
303,399	0,421
303,414	0,257
303,429	0,334
303,444	-0,888
303,459	-0,685
303,474	0,239
303,489	-0,692
303,504	0,112
303,519	-0,107
303,534	-0,296
303,549	-0,379
303,564	-0,849
303,579	-0,571
303,594	0,398
303,609	0,019
303,624	0,336
303,639	0,208
303,654	-0,603
303,669	0,006
303,684	0,449
303,699	0,345
303,714	0,177
303,729	-0,820
303,744	-0,622
303,759	-0,415
303,774	-0,544
303,789	0,536
303,804	-0,360
303,819	-0,940
303,834	-0,221
303,849	-0,334
303,864	0,109
303,879	0,381
303,894	0,237
303,909	0,349
303,925	-0,130
303,940	-0,495
303,954	0,269
303,969	-0,456
303,985	0,228
304,000	-0,458
304,014	-0,215
304,029	-0,073
304,045	-1,194
304,060	0,066
304,075	0,098
304,089	0,049
304,105	0,006
304,120	-0,102
304,135	-0,286
304,150	-0,224
304,165	-0,784
304,180	0,276
304,195	0,287
304,210	-1,080
304,225	-0,111
304,240	-0,766
304,255	-0,147
304,270	0,141
304,285	-0,966
304,300	0,184
304,315	0,497
304,330	-0,514
304,345	0,074
304,360	-0,571
304,375	0,323
304,390	0,340
304,405	-1,138
304,420	-0,554
304,435	-0,673
304,450	-0,410
304,465	0,369
304,480	0,200
304,495	0,122
304,510	-0,178
304,525	-0,733
304,540	0,066
304,555	-0,935
304,570	0,145
304,585	0,202
304,600	-0,463
304,615	-1,008
304,630	-0,450
304,645	0,259
304,660	0,346
304,675	0,408
304,690	0,320
304,705	-0,356
304,720	-0,605
304,735	0,049
304,750	0,327
304,765	0,238
304,780	0,405
304,795	-0,245
304,810	-0,484
304,825	-0,959
304,840	-0,044
304,855	0,313
304,870	0,245
304,885	-0,806
304,900	0,309
304,915	-0,281
304,930	-0,315
304,945	0,459
304,960	0,486
304,975	0,312
304,990	-0,117
305,005	-0,702
305,020	0,127
305,035	0,219
305,050	0,241
305,065	0,313
305,080	-0,147
305,095	0,261
305,110	-0,344
305,125	0,230
305,140	0,241
305,155	0,404
305,170	0,275
305,185	-0,120
305,200	-0,489
305,215	0,155
305,230	-0,465
305,245	0,364
305,260	0,155
305,275	-0,265
305,290	0,464
305,305	-0,362
305,320	0,197
305,335	0,409
305,350	0,110
305,365	0,338
305,380	0,354
305,395	-0,542
305,410	0,303
305,425	-0,628
305,440	0,231
305,455	0,323
305,470	-0,588
305,485	-0,185
305,500	-0,214
305,515	-0,287
305,530	0,457
305,545	0,108
305,560	0,651
305,575	-0,481
305,590	-0,539
305,605	-0,036
305,620	0,468
305,635	0,233
305,650	0,461
305,665	-0,882
305,680	-0,218
305,695	-0,176
305,710	0,458
305,725	0,344
305,740	0,391
305,755	0,568
305,770	-0,142
305,785	-0,847
305,800	-0,334
305,815	0,475
305,830	0,617
305,845	0,473
305,860	-0,563
305,875	-0,521
305,890	-0,519
305,906	-0,427
305,921	0,487
305,935	0,534
305,950	-0,302
305,966	-0,265
305,981	-0,404
305,995	0,601
306,010	0,402
306,026	0,123
306,041	0,340
306,055	0,332
306,070	-0,162
306,086	0,456
306,101	-0,470
306,116	0,349
306,131	0,556
306,146	-1,021
306,161	0,194
306,176	-0,772
306,191	-0,299
306,206	0,480
306,221	0,356
306,236	0,584
306,251	0,455
306,266	-0,015
306,281	0,238
306,296	-0,628
306,311	0,352
306,326	0,484
306,341	-0,602
306,356	0,312
306,371	-0,529
306,386	-0,482
306,401	0,322
306,416	-0,193
306,431	0,380
306,446	-0,952
306,461	-0,669
306,476	0,406
306,491	-0,645
306,506	0,209
306,521	0,236
306,536	-0,204
306,551	0,159
306,566	-0,842
306,581	0,077
306,596	0,430
306,611	0,431
306,626	0,458
306,641	-0,031
306,656	-0,892
306,671	0,333
306,686	0,290
306,701	0,307
306,716	0,539
306,731	-0,518
306,746	-0,295
306,761	-0,414
306,776	0,455
306,791	0,417
306,806	0,444
306,821	-0,427
306,836	0,177
306,851	-0,784
306,866	0,541
306,881	0,453
306,896	0,394
306,911	-0,020
306,926	-0,530
306,941	-0,804
306,956	-0,517
306,971	0,298
306,986	0,555
307,001	-0,040
307,016	-0,876
307,031	0,139
307,046	-0,847
307,061	0,278
307,076	0,345
307,091	0,487
307,106	0,514
307,121	0,546
307,136	-1,007
307,151	0,324
307,166	-0,452
307,181	0,212
307,196	0,760
307,211	-0,783
307,226	0,046
307,241	-0,489
307,256	0,075
307,271	0,713
307,286	0,073
307,301	0,476
307,316	0,603
307,331	-0,623
307,346	0,607
307,361	-0,188
307,376	0,465
307,391	0,542
307,406	-0,229
307,421	0,691
307,436	-0,626
307,451	-0,198
307,466	0,370
307,481	0,733
307,496	0,539
307,511	0,656
307,526	-0,220
307,541	0,439
307,556	-0,086
307,571	0,633
307,586	0,720
307,601	0,140
307,616	0,412
307,631	-0,724
307,646	0,471
307,661	0,372
307,676	0,435
307,691	0,667
307,706	0,042
307,721	-0,664
307,736	0,567
307,751	0,814
307,766	0,525
307,781	0,687
307,796	0,122
307,811	0,445
307,826	-0,009
307,841	0,028
307,856	0,656
307,871	0,502
307,886	-0,008
307,901	0,631
307,916	-0,766
307,932	0,665
307,947	0,712
307,962	0,879
307,976	0,625
307,991	0,642
308,007	-0,189
308,022	-0,423
308,036	1,058
308,051	0,668
308,067	0,655
308,082	-0,341
308,097	0,924
308,111	0,144
308,127	0,171
308,142	0,834
308,157	0,540
308,172	0,758
308,187	0,158
308,202	-0,548
308,217	0,913
308,232	0,038
308,247	0,691
308,262	0,753
308,277	0,183
308,292	0,947
308,307	-0,104
308,322	0,068
308,337	0,792
308,352	0,402
308,367	1,131
308,382	0,727
308,397	0,363
308,412	0,590
308,427	0,261
308,442	1,010
308,457	0,776
308,472	0,552
308,487	0,203
308,502	0,199
308,517	1,044
308,532	1,231
308,547	0,952
308,562	0,823
308,577	0,950
308,592	-0,312
308,607	0,522
308,622	0,078
308,637	1,022
308,652	1,259
308,667	0,349
308,682	-0,231
308,697	0,227
308,712	0,760
308,727	0,993
308,742	0,964
308,757	1,267
308,772	0,376
308,787	-0,500
308,802	0,986
308,817	0,913
308,832	0,925
308,847	0,971
308,862	0,045
308,877	0,127
308,892	0,044
308,907	0,828
308,922	1,140
308,937	0,460
308,952	0,206
308,967	1,281
308,982	0,586
308,997	0,753
309,012	0,975
309,027	0,957
309,042	1,215
309,057	0,444
309,072	-0,021
309,087	0,588
309,102	0,459
309,117	1,233
309,132	1,185
309,147	0,043
309,162	1,048
309,177	-0,024
309,192	0,961
309,207	0,832
309,222	0,804
309,237	0,740
309,252	0,652
309,267	-0,119
309,282	1,057
309,297	0,266
309,312	0,915
309,327	1,313
309,342	0,241
309,357	0,995
309,372	0,250
309,387	0,913
309,402	1,271
309,417	1,032
309,432	1,094
309,447	1,091
309,462	0,085
309,477	1,335
309,492	-0,258
309,507	1,138
309,522	1,541
309,537	0,640
309,552	0,381
309,567	-0,089
309,582	0,811
309,597	1,234
309,612	1,190
309,627	1,322
309,642	0,958
309,657	0,167
309,672	1,107
309,687	1,424
309,702	1,170
309,717	1,383
309,732	0,317
309,747	0,499
309,762	0,566
309,777	1,460
309,792	1,241
309,807	1,128
309,822	1,330
309,837	0,885
309,852	0,722
309,867	1,195
309,882	1,442
309,897	1,198
309,912	1,375
309,928	0,500
309,942	0,672
309,957	-0,043
309,973	1,247
309,988	1,359
310,002	1,266
310,017	0,244
310,033	0,873
310,048	0,202
310,062	0,721
310,077	1,439
310,093	1,221
310,108	1,563
310,123	0,698
310,138	0,740
310,153	1,343
310,168	0,638
310,183	1,322
310,198	0,150
310,213	0,342
310,228	0,911
310,243	0,240
310,258	0,803
310,273	1,673
310,288	0,902
310,303	1,636
310,318	1,006
310,333	0,577
310,348	1,456
310,363	0,555
310,378	1,354
310,393	1,697
310,408	1,017
310,423	1,199
310,438	0,388
310,453	1,127
310,468	1,836
310,483	1,677
310,498	1,594
310,513	1,129
310,528	0,118
310,543	1,594
310,558	0,873
310,573	1,557
310,588	1,749
310,603	0,949
310,618	0,574
310,633	0,576
310,648	1,460
310,663	1,116
310,678	1,755
310,693	1,742
310,708	0,811
310,723	0,712
310,738	1,637
310,753	1,729
310,768	1,550
310,783	1,717
310,798	0,992
310,813	0,362
310,828	0,514
310,843	0,912
310,858	1,590
310,873	1,121
310,888	1,899
310,903	0,983
310,918	0,850
310,933	1,514
310,948	1,601
310,963	1,597
310,978	1,624
310,993	0,508
311,008	0,750
311,023	0,767
311,038	0,638
311,053	1,713
311,068	1,735
311,083	1,315
311,098	1,683
311,113	0,867
311,128	1,285
311,143	1,072
311,158	1,234
311,173	1,807
311,188	0,836
311,203	0,953
311,218	1,707
311,233	0,751
311,248	1,836
311,263	1,692
311,278	1,318
311,293	1,962
311,308	1,026
311,323	1,067
311,338	1,831
311,353	1,953
311,368	1,895
311,383	1,521
311,398	0,625
311,413	1,624
311,428	1,049
311,443	1,979
311,458	2,006
311,473	1,365
311,488	1,588
311,503	1,213
311,518	1,566
311,533	1,909
311,548	1,660
311,563	1,672
311,578	1,593
311,593	0,958
311,608	1,472
311,623	1,087
311,638	1,660
311,653	1,823
311,668	0,967
311,683	0,944
311,698	1,522
311,713	1,549
311,728	1,967
311,743	1,788
311,758	1,945
311,773	1,225
311,788	0,635
311,803	1,905
311,818	1,982
311,833	1,813
311,848	1,795
311,863	1,260
311,878	0,826
311,893	0,782
311,908	1,105
311,923	1,347
311,938	1,359
311,954	0,709
311,969	2,015
311,983	0,552
311,998	1,752
312,014	1,754
312,029	1,711
312,043	1,787
312,058	0,877
312,074	0,763
312,089	1,221
312,103	0,972
312,119	1,806
312,134	1,272
312,149	0,962
312,164	1,771
312,179	0,755
312,194	1,073
312,209	2,148
312,224	1,497
312,239	2,226
312,254	1,225
312,269	1,127
312,284	2,046
312,299	0,609
312,314	1,874
312,329	1,941
312,344	1,446
312,359	2,040
312,374	0,758
312,389	1,682
312,404	1,473
312,419	1,355
312,434	1,883
312,449	0,626
312,464	0,773
312,479	1,321
312,494	1,328
312,509	1,997
312,524	2,099
312,539	1,369
312,554	2,173
312,569	0,871
312,584	1,635
312,599	1,962
312,614	1,578
312,629	2,111
312,644	1,561
312,659	0,846
312,674	1,911
312,689	0,604
312,704	2,085
312,719	2,102
312,734	1,161
312,749	1,303
312,764	1,129
312,779	1,201
312,794	2,005
312,809	1,515
312,824	1,983
312,839	1,474
312,854	0,934
312,869	1,672
312,884	2,075
312,899	1,902
312,914	2,144
312,929	1,464
312,944	1,130
312,959	1,362
312,974	1,193
312,989	1,441
313,004	2,195
313,019	1,098
313,034	2,068
313,049	0,841
313,064	1,304
313,079	2,319
313,094	2,060
313,109	2,122
313,124	1,497
313,139	0,952
313,154	1,580
313,169	0,985
313,184	2,180
313,199	1,686
313,214	1,417
313,229	1,694
313,244	1,265
313,259	2,345
313,274	2,401
313,289	1,847
313,304	2,335
313,319	1,900
313,334	1,275
313,349	2,255
313,364	1,344
313,379	2,163
313,394	2,270
313,409	1,499
313,424	2,319
313,439	1,137
313,454	2,252
313,469	2,324
313,484	2,220
313,499	2,287
313,514	1,637
313,529	1,057
313,544	1,696
313,559	1,036
313,574	2,060
313,589	2,283
313,604	1,642
313,619	0,962
313,634	1,220
313,649	2,179
313,664	2,316
313,679	2,148
313,694	2,270
313,709	2,181
313,724	2,193
313,739	2,345
313,754	1,173
313,769	2,218
313,784	2,330
313,799	1,765
313,814	0,990
313,829	1,152
313,844	2,452
313,859	2,429
313,875	2,240
313,889	2,157
313,904	1,888
313,920	1,233
313,935	2,097
313,950	2,209
313,964	2,311
313,979	2,263
313,995	2,234
314,010	1,484
314,024	1,681
314,039	1,532
314,055	2,015
314,070	1,651
314,084	2,124
314,099	2,472
314,115	2,188
314,130	1,718
314,145	2,382
314,160	2,439
314,175	2,335
314,190	1,996
314,205	1,261
314,220	2,100
314,235	1,745
314,250	2,399
314,265	2,291
314,280	1,766
314,295	2,309
314,310	1,137
314,325	2,132
314,340	2,550
314,355	1,995
314,370	2,282
314,385	1,592
314,400	1,107
314,415	2,483
314,430	1,698
314,445	2,502
314,460	2,373
314,475	1,623
314,490	2,587
314,505	1,325
314,520	2,119
314,535	2,467
314,550	2,088
314,565	2,466
314,580	1,931
314,595	1,847
314,610	2,401
314,625	1,810
314,640	2,203
314,655	2,707
314,670	2,087
314,685	1,873
314,700	1,498
314,715	1,585
314,730	2,314
314,745	2,421
314,760	2,608
314,775	2,224
314,790	1,484
314,805	2,228
314,820	2,565
314,835	2,537
314,850	2,398
314,865	2,164
314,880	1,830
314,895	1,942
314,910	1,934
314,925	2,377
314,940	1,998
314,955	2,641
314,970	1,886
314,985	1,627
315,000	2,050
