285,000	-8,929
285,015	-9,288
285,030	-9,417
285,045	-8,854
285,060	-8,536
285,075	-8,795
285,090	-8,237
285,105	-7,608
285,120	-8,108
285,135	-7,705
285,150	-7,328
285,165	-7,692
285,180	-7,500
285,195	-7,593
285,210	-7,205
285,225	-7,058
285,240	-6,620
285,255	-6,212
285,270	-6,617
285,285	-5,913
285,300	-5,721
285,315	-6,226
285,330	-6,209
285,345	-5,851
285,360	-5,062
285,375	-5,728
285,390	-4,929
285,405	-5,458
285,420	-4,474
285,435	-4,502
285,450	-4,867
285,465	-3,977
285,480	-4,362
285,495	-4,420
285,510	-4,569
285,525	-4,542
285,540	-4,240
285,555	-3,536
285,570	-3,790
285,585	-3,242
285,600	-3,917
285,615	-3,203
285,630	-2,635
285,645	-3,295
285,660	-3,334
285,675	-3,277
285,690	-3,075
285,705	-2,321
285,720	-2,174
285,735	-2,769
285,750	-2,592
285,765	-1,782
285,780	-2,112
285,795	-2,210
285,810	-1,386
285,825	-2,082
285,840	-2,050
285,855	-1,908
285,870	-1,766
285,885	-1,864
285,901	-1,221
285,916	-0,903
285,930	-1,318
285,945	-0,734
285,961	-0,547
285,976	-1,268
285,990	-1,030
286,005	-0,166
286,021	-0,816
286,036	-0,679
286,050	-0,201
286,065	-0,475
286,080	-0,067
286,096	0,085
286,111	0,327
286,125	-0,273
286,141	0,456
286,156	-0,014
286,171	-0,153
286,186	0,020
286,201	0,111
286,216	0,033
286,231	0,982
286,246	0,834
286,261	0,590
286,276	0,822
286,291	0,307
286,306	0,720
286,321	0,712
286,336	0,839
286,351	0,816
286,366	1,569
286,381	1,536
286,396	1,111
286,411	1,379
286,426	1,907
286,441	1,402
286,456	1,344
286,471	1,591
286,486	1,583
286,501	1,690
286,516	2,363
286,531	1,558
286,546	1,745
286,561	1,782
286,576	2,485
286,591	1,970
286,606	2,554
286,621	2,601
286,636	2,261
286,651	2,268
286,666	3,042
286,681	3,079
286,696	2,308
286,711	2,846
286,726	3,530
286,741	2,664
286,756	3,303
286,771	2,918
286,786	2,770
286,801	3,293
286,816	2,944
286,831	2,990
286,846	3,017
286,861	3,801
286,876	3,151
286,891	3,178
286,906	3,716
286,921	3,316
286,936	4,005
286,951	4,278
286,966	3,602
286,981	3,674
286,996	4,428
287,011	4,053
287,026	3,719
287,041	4,448
287,056	4,515
287,071	4,075
287,086	4,644
287,101	4,400
287,116	4,136
287,131	5,105
287,146	4,751
287,161	4,301
287,176	4,573
287,191	5,333
287,206	4,672
287,221	4,719
287,236	5,292
287,251	5,319
287,266	5,281
287,281	5,633
287,296	5,339
287,311	5,145
287,326	5,523
287,341	5,389
287,356	5,080
287,371	5,719
287,386	6,062
287,401	5,371
287,416	5,899
287,431	5,595
287,446	5,802
287,461	5,613
287,476	6,152
287,491	5,612
287,506	5,699
287,521	6,322
287,536	5,822
287,551	6,240
287,566	6,473
287,581	6,464
287,596	6,110
287,611	6,307
287,626	6,224
287,641	5,894
287,656	6,387
287,671	6,324
287,686	6,060
287,701	6,608
287,716	6,615
287,731	6,471
287,746	6,362
287,761	5,973
287,776	6,346
287,791	6,227
287,806	6,063
287,821	5,995
287,836	5,996
287,851	6,484
287,866	5,960
287,881	6,167
287,897	6,424
287,911	6,421
287,926	5,796
287,942	6,605
287,957	5,694
287,971	5,931
287,986	5,612
288,002	5,614
288,017	5,400
288,031	6,124
288,046	5,809
288,062	5,269
288,077	6,023
288,092	5,584
288,107	5,289
288,122	5,181
288,137	5,644
288,152	5,004
288,167	4,840
288,182	5,338
288,197	4,853
288,212	4,539
288,227	4,962
288,242	4,397
288,257	4,424
288,272	5,072
288,287	4,342
288,302	4,158
288,317	4,310
288,332	4,147
288,347	4,008
288,362	3,879
288,377	4,472
288,392	3,762
288,407	3,949
288,422	4,211
288,437	3,827
288,452	3,498
288,467	3,850
288,482	3,095
288,497	3,342
288,512	3,685
288,527	3,411
288,542	3,157
288,557	3,625
288,572	3,606
288,587	2,746
288,602	3,279
288,617	2,458
288,632	2,490
288,647	2,772
288,662	2,794
288,677	2,359
288,692	2,752
288,707	3,045
288,722	2,259
288,737	2,632
288,752	2,323
288,767	2,189
288,782	1,940
288,797	1,987
288,812	1,808
288,827	1,458
288,842	2,167
288,857	2,480
288,872	1,549
288,887	2,042
288,902	2,275
288,917	1,368
288,932	1,937
288,947	1,828
288,962	1,383
288,977	1,871
288,992	1,808
289,007	1,148
289,022	1,646
289,037	1,723
289,052	0,937
289,067	1,551
289,082	0,830
289,097	0,812
289,112	0,728
289,127	1,497
289,142	0,772
289,157	0,482
289,172	0,715
289,187	1,233
289,202	0,633
289,217	1,011
289,232	1,509
289,247	0,598
289,262	0,575
289,277	0,611
289,292	0,428
289,307	0,961
289,322	0,556
289,337	0,352
289,352	0,881
289,367	1,012
289,382	0,633
289,397	1,081
289,412	0,331
289,427	0,498
289,442	0,148
289,457	0,020
289,472	0,257
289,487	0,113
289,502	0,501
289,517	0,392
289,532	0,209
289,547	0,325
289,562	0,061
289,577	-0,012
289,592	0,366
289,607	-0,029
289,622	-0,177
289,637	0,010
289,652	0,066
289,667	0,023
289,682	0,536
289,697	0,362
289,712	0,605
289,727	0,090
289,742	0,402
289,757	-0,273
289,772	-0,306
289,787	-0,490
289,802	-0,233
289,817	-0,321
289,832	0,302
289,847	0,605
289,862	-0,121
289,877	0,292
289,892	0,464
289,907	-0,366
289,923	-0,209
289,937	0,449
289,952	-0,316
289,967	-0,636
289,983	-0,197
289,998	-0,462
290,012	-0,259
290,027	0,113
290,043	-0,552
290,058	-0,425
290,072	0,219
290,088	-0,607
290,103	-0,671
290,118	-0,538
290,133	-0,527
290,148	-0,375
290,163	-0,629
290,178	-0,145
290,193	-0,455
290,208	0,028
290,223	-0,040
290,238	-0,139
290,253	-0,528
290,268	0,236
290,283	-0,655
290,298	-0,629
290,313	-0,145
290,328	-0,104
290,343	-0,157
290,358	-0,035
290,373	-0,254
290,388	-0,112
290,403	0,055
290,418	0,007
290,433	-0,152
290,448	-0,476
290,463	0,017
290,478	-0,418
290,493	0,035
290,508	-0,013
290,523	-0,418
290,538	-0,471
290,553	0,042
290,568	-0,428
290,583	-0,707
290,598	-0,294
290,613	-0,553
290,628	-0,622
290,643	-0,450
290,658	-0,207
290,673	-0,376
290,688	-0,014
290,703	0,349
290,718	-0,170
290,733	0,172
290,748	-0,072
290,763	-0,507
290,778	-0,249
290,793	-0,242
290,808	-0,406
290,823	-0,314
290,838	0,435
290,853	0,401
290,868	-0,289
290,883	-0,267
290,898	-0,065
290,913	-0,254
290,928	-0,503
290,943	-0,416
290,958	0,228
290,973	-0,031
290,988	0,040
291,003	0,112
291,018	0,314
291,033	-0,301
291,048	-0,505
291,063	-0,277
291,078	-0,060
291,093	-0,354
291,108	-0,187
291,123	0,080
291,138	-0,124
291,153	-0,368
291,168	0,146
291,183	0,122
291,198	0,149
291,213	0,206
291,228	-0,083
291,243	-0,393
291,258	0,391
291,273	-0,219
291,288	0,039
291,303	0,316
291,318	0,323
291,333	-0,217
291,348	0,447
291,363	0,323
291,378	-0,307
291,393	-0,536
291,408	-0,249
291,423	-0,077
291,438	-0,080
291,453	0,188
291,468	-0,152
291,483	-0,220
291,498	0,373
291,513	0,224
291,528	-0,250
291,543	0,343
291,558	0,300
291,573	-0,250
291,588	0,218
291,603	-0,102
291,618	-0,055
291,633	0,293
291,648	0,400
291,663	0,046
291,678	0,253
291,693	0,611
291,708	-0,130
291,723	0,564
291,738	0,520
291,753	-0,090
291,768	-0,118
291,783	-0,036
291,798	-0,215
291,813	0,529
291,828	0,631
291,843	0,367
291,858	-0,053
291,873	0,551
291,889	-0,160
291,903	-0,273
291,918	0,265
291,933	-0,255
291,949	-0,409
291,964	0,325
291,978	0,342
291,993	-0,238
292,009	0,425
292,024	0,332
292,038	-0,093
292,053	-0,492
292,068	0,016
292,084	-0,404
292,099	-0,232
292,114	-0,014
292,129	0,263
292,144	-0,252
292,159	0,617
292,174	0,404
292,189	-0,277
292,204	0,432
292,219	0,238
292,234	-0,477
292,249	0,126
292,264	-0,133
292,279	-0,282
292,294	0,487
292,309	0,514
292,324	-0,016
292,339	0,342
292,354	0,088
292,369	-0,236
292,384	-0,315
292,399	0,233
292,414	-0,312
292,429	-0,330
292,444	0,439
292,459	0,260
292,474	-0,345
292,489	0,183
292,504	0,240
292,519	-0,200
292,534	0,364
292,549	-0,116
292,564	-0,295
292,579	-0,213
292,594	0,100
292,609	-0,450
292,624	-0,133
292,639	0,566
292,654	-0,119
292,669	0,339
292,684	0,260
292,699	-0,155
292,714	-0,368
292,729	0,436
292,744	-0,285
292,759	-0,233
292,774	0,200
292,789	0,528
292,804	-0,408
292,819	-0,126
292,834	0,513
292,849	-0,163
292,864	0,245
292,879	0,317
292,894	-0,308
292,909	-0,427
292,924	0,197
292,939	-0,318
292,954	0,185
292,969	0,387
292,984	0,409
292,999	0,195
293,014	0,207
293,029	-0,163
293,044	-0,607
293,059	-0,425
293,074	-0,363
293,089	-0,357
293,104	0,026
293,119	0,148
293,134	-0,427
293,149	0,082
293,164	0,404
293,179	-0,397
293,194	-0,450
293,209	0,289
293,224	-0,336
293,239	-0,074
293,254	0,093
293,269	-0,336
293,284	-0,054
293,299	0,444
293,314	0,230
293,329	-0,199
293,344	0,409
293,359	-0,256
293,374	-0,274
293,389	-0,499
293,404	-0,276
293,419	-0,335
293,434	-0,072
293,449	0,316
293,464	-0,169
293,479	0,028
293,494	0,511
293,509	-0,229
293,524	-0,323
293,539	0,205
293,554	-0,329
293,569	-0,418
293,584	-0,341
293,599	-0,309
293,614	-0,102
293,629	0,361
293,644	0,583
293,659	-0,273
293,674	0,391
293,689	-0,430
293,704	-0,288
293,719	-0,266
293,734	-0,154
293,749	-0,343
293,764	-0,166
293,779	0,322
293,794	0,595
293,809	0,221
293,824	0,383
293,839	-0,007
293,854	-0,231
293,869	0,598
293,884	-0,192
293,899	-0,311
293,914	-0,003
293,930	-0,328
293,945	-0,336
293,959	-0,048
293,974	-0,207
293,990	-0,065
294,005	0,563
294,019	0,435
294,034	-0,135
294,050	-0,304
294,065	-0,112
294,079	-0,311
294,094	-0,088
294,110	0,264
294,125	0,271
294,140	0,302
294,155	0,545
294,170	0,185
294,185	-0,194
294,200	0,640
294,215	-0,141
294,230	0,167
294,245	0,234
294,260	0,221
294,275	0,303
294,290	0,415
294,305	0,206
294,320	-0,033
294,335	0,550
294,350	0,291
294,365	-0,214
294,380	0,670
294,395	0,527
294,410	-0,149
294,425	-0,047
294,440	0,346
294,455	0,027
294,470	0,364
294,485	0,456
294,500	0,248
294,515	0,023
294,530	0,421
294,545	-0,078
294,560	0,008
294,575	-0,155
294,590	0,383
294,605	-0,147
294,620	0,707
294,635	0,578
294,650	-0,087
294,665	0,487
294,680	0,493
294,695	0,079
294,710	-0,105
294,725	0,509
294,740	-0,026
294,755	0,031
294,770	0,318
294,785	-0,097
294,800	0,040
294,815	0,724
294,830	0,324
294,845	-0,065
294,860	-0,103
294,875	0,144
294,890	0,015
294,905	0,985
294,920	0,811
294,935	0,101
294,950	0,478
294,965	0,325
294,980	0,025
294,995	0,032
295,010	0,430
295,025	0,226
295,040	0,288
295,055	0,987
295,070	0,352
295,085	0,313
295,100	0,721
295,115	0,582
295,130	0,794
295,145	0,851
295,160	0,607
295,175	0,569
295,190	0,816
295,205	0,823
295,220	0,559
295,235	0,771
295,250	0,712
295,265	0,860
295,280	1,398
295,295	1,099
295,310	0,835
295,325	0,836
295,340	1,089
295,355	0,865
295,370	0,892
295,385	1,159
295,400	0,825
295,415	0,716
295,430	1,520
295,445	1,557
295,460	1,243
295,475	1,685
295,490	1,411
295,505	0,766
295,520	1,179
295,535	1,642
295,550	1,533
295,565	1,816
295,580	2,249
295,595	1,338
295,610	1,896
295,625	1,968
295,640	1,599
295,655	1,450
295,670	1,893
295,685	1,564
295,700	2,117
295,715	1,868
295,730	2,005
295,745	1,756
295,760	2,028
295,775	2,571
295,790	1,981
295,805	2,374
295,820	2,376
295,835	2,418
295,850	2,094
295,865	2,045
295,880	2,072
295,895	2,129
295,911	2,893
295,925	2,333
295,940	2,696
295,955	2,978
295,971	2,513
295,986	2,570
296,000	2,828
296,015	2,694
296,031	2,465
296,046	2,983
296,060	3,371
296,075	2,726
296,091	3,490
296,106	3,526
296,121	2,946
296,136	3,389
296,151	3,290
296,166	3,026
296,181	3,179
296,196	3,566
296,211	3,252
296,226	3,224
296,241	3,962
296,256	3,623
296,271	4,036
296,286	3,416
296,301	3,508
296,316	3,635
296,331	4,093
296,346	3,623
296,361	3,821
296,376	4,434
296,391	4,461
296,406	3,906
296,421	4,063
296,436	4,631
296,451	4,322
296,466	4,534
296,481	4,641
296,496	4,207
296,511	4,710
296,526	5,133
296,541	4,312
296,556	4,479
296,571	5,163
296,586	4,899
296,601	4,670
296,616	4,882
296,631	4,784
296,646	5,041
296,661	4,762
296,676	4,984
296,691	5,122
296,706	5,715
296,721	5,902
296,736	5,191
296,751	5,544
296,766	5,852
296,781	5,437
296,796	5,950
296,811	6,067
296,826	5,708
296,841	5,835
296,856	6,348
296,871	5,698
296,886	6,141
296,901	6,539
296,916	5,829
296,931	6,131
296,946	6,780
296,961	6,476
296,976	6,397
296,991	6,253
297,006	6,445
297,021	6,587
297,036	6,574
297,051	7,172
297,066	6,512
297,081	6,955
297,096	7,654
297,111	7,064
297,126	7,271
297,141	7,664
297,156	7,705
297,171	7,491
297,186	7,975
297,201	7,781
297,216	7,993
297,231	8,817
297,246	8,789
297,261	8,665
297,276	9,294
297,291	8,859
297,306	9,142
297,321	9,996
297,336	9,797
297,351	9,844
297,366	10,302
297,381	10,785
297,396	10,676
297,411	11,836
297,426	12,024
297,441	12,311
297,456	12,543
297,471	13,704
297,486	13,690
297,501	14,619
297,516	15,860
297,531	16,183
297,546	17,237
297,561	18,417
297,576	20,229
297,591	21,490
297,606	23,979
297,621	25,666
297,636	27,853
297,651	30,723
297,666	34,240
297,681	38,074
297,696	41,460
297,711	46,582
297,726	51,132
297,741	56,073
297,756	61,280
297,771	66,246
297,786	70,836
297,801	77,036
297,816	81,592
297,831	86,763
297,846	92,080
297,861	97,172
297,876	100,579
297,891	104,532
297,906	107,648
297,921	109,084
297,937	111,152
297,952	110,692
297,966	110,578
297,981	110,033
297,997	109,403
298,012	108,297
298,026	106,939
298,041	105,968
298,057	104,350
298,072	103,053
298,087	101,971
298,102	99,927
298,116	97,847
298,132	96,259
298,147	93,618
298,162	91,308
298,177	89,299
298,192	86,874
298,207	83,826
298,222	81,968
298,237	79,552
298,252	76,309
298,267	74,721
298,282	72,336
298,297	69,209
298,312	66,858
298,327	65,336
298,342	62,735
298,357	60,926
298,372	59,328
298,387	57,319
298,402	55,696
298,417	53,802
298,432	52,299
298,447	49,974
298,462	48,867
298,477	47,164
298,492	45,531
298,507	44,003
298,522	43,478
298,537	41,564
298,552	40,713
298,567	38,920
298,582	37,708
298,597	37,168
298,612	35,645
298,627	34,714
298,642	33,748
298,657	33,148
298,672	31,530
298,687	30,503
298,702	30,324
298,717	29,479
298,732	28,146
298,747	27,842
298,762	27,052
298,777	25,970
298,792	26,117
298,807	24,835
298,822	24,040
298,837	23,755
298,852	23,336
298,867	22,239
298,882	22,231
298,897	21,516
298,912	20,910
298,927	20,320
298,942	19,826
298,957	19,897
298,972	18,846
298,987	18,838
299,002	18,127
299,017	17,828
299,032	17,930
299,047	17,415
299,062	16,680
299,077	16,777
299,092	16,477
299,107	15,707
299,122	15,433
299,137	15,866
299,152	15,105
299,167	14,565
299,182	14,512
299,197	14,122
299,212	14,334
299,227	13,860
299,242	13,606
299,257	13,066
299,272	13,067
299,287	12,843
299,302	12,459
299,317	12,907
299,332	12,347
299,347	12,013
299,362	12,310
299,377	12,156
299,392	11,421
299,407	12,080
299,422	11,921
299,437	10,990
299,452	10,801
299,467	10,993
299,482	10,614
299,497	11,302
299,512	11,249
299,527	10,258
299,542	11,032
299,557	10,863
299,572	10,348
299,587	10,029
299,602	10,025
299,617	9,807
299,632	9,633
299,647	9,985
299,662	9,491
299,677	9,267
299,692	9,880
299,707	10,007
299,722	9,512
299,737	9,870
299,752	9,786
299,767	9,227
299,782	9,143
299,797	9,455
299,812	8,865
299,827	8,932
299,842	9,104
299,857	9,186
299,872	9,353
299,887	9,335
299,902	8,830
299,917	8,722
299,933	9,195
299,947	8,429
299,962	8,727
299,978	8,593
299,993	9,297
300,007	8,326
300,022	9,065
300,038	8,860
300,053	8,606
300,067	8,578
300,083	9,026
300,098	8,411
300,113	8,147
300,128	9,011
300,143	8,441
300,158	8,412
300,173	8,720
300,188	8,351
300,203	8,312
300,218	8,710
300,233	8,200
300,248	8,342
300,263	8,815
300,278	8,145
300,293	8,343
300,308	8,374
300,323	8,597
300,338	8,122
300,353	8,540
300,368	8,893
300,383	8,413
300,398	8,434
300,413	8,486
300,428	8,072
300,443	8,169
300,458	8,195
300,473	7,961
300,488	8,299
300,503	8,827
300,518	8,483
300,533	8,224
300,548	8,536
300,563	8,137
300,578	8,018
300,593	8,075
300,608	8,242
300,623	7,858
300,638	8,030
300,653	8,684
300,668	8,068
300,683	8,381
300,698	8,934
300,713	8,038
300,728	8,105
300,743	8,573
300,758	8,053
300,773	8,356
300,788	8,598
300,803	8,194
300,818	8,291
300,833	8,608
300,848	8,008
300,863	8,341
300,878	8,669
300,893	7,983
300,908	8,060
300,923	8,012
300,938	8,134
300,953	7,884
300,968	8,002
300,983	8,455
300,998	7,930
301,013	7,942
301,028	8,881
301,043	8,035
301,058	7,952
301,073	8,555
301,088	8,221
301,103	7,831
301,118	8,510
301,133	8,161
301,148	7,731
301,163	8,575
301,178	8,652
301,193	8,142
301,208	8,821
301,223	8,682
301,238	8,268
301,253	8,119
301,268	8,817
301,283	8,002
301,298	7,878
301,313	8,567
301,328	7,962
301,343	8,661
301,358	8,747
301,373	8,734
301,388	7,843
301,403	8,692
301,418	7,922
301,433	8,019
301,448	8,055
301,463	8,223
301,478	7,893
301,493	8,432
301,508	8,870
301,523	8,295
301,538	8,582
301,553	8,183
301,568	8,059
301,583	8,011
301,598	8,203
301,613	8,044
301,628	8,096
301,643	8,674
301,658	8,851
301,673	8,341
301,688	8,564
301,703	8,194
301,718	8,030
301,733	8,443
301,748	7,924
301,763	7,925
301,778	8,534
301,793	8,696
301,808	8,056
301,823	8,198
301,838	8,641
301,853	8,281
301,868	8,569
301,884	8,470
301,898	8,191
301,913	7,957
301,928	8,250
301,943	7,956
301,959	8,012
301,974	8,425
301,988	8,602
302,003	8,328
302,019	8,736
302,034	8,001
302,048	8,052
302,063	8,611
302,079	7,825
302,094	8,128
302,109	8,540
302,124	8,833
302,139	8,353
302,154	8,596
302,169	8,472
302,184	8,213
302,199	8,766
302,214	8,256
302,229	8,073
302,244	7,899
302,259	8,673
302,274	8,113
302,289	8,686
302,304	8,447
302,319	8,629
302,334	7,964
302,349	8,432
302,364	8,654
302,379	8,119
302,394	7,860
302,409	8,589
302,424	8,174
302,439	8,176
302,454	8,293
302,469	8,024
302,484	8,121
302,499	8,674
302,514	8,230
302,529	8,181
302,544	8,258
302,559	8,059
302,574	7,865
302,589	8,559
302,604	8,195
302,619	7,986
302,634	8,604
302,649	8,792
302,664	8,131
302,679	8,840
302,694	8,150
302,709	8,066
302,724	8,258
302,739	8,441
302,754	8,056
302,769	8,073
302,784	8,736
302,799	8,156
302,814	8,925
302,829	8,882
302,844	8,738
302,859	8,243
302,874	8,556
302,889	8,197
302,904	8,223
302,919	7,919
302,934	8,337
302,949	8,068
302,964	8,872
302,979	8,202
302,994	8,615
303,009	8,782
303,024	8,432
303,039	8,063
303,054	8,085
303,069	8,367
303,084	8,229
303,099	8,526
303,114	8,989
303,129	8,264
303,144	8,792
303,159	8,979
303,174	8,549
303,189	8,195
303,204	8,352
303,219	8,394
303,234	8,476
303,249	8,051
303,264	8,555
303,279	8,897
303,294	8,688
303,309	8,790
303,324	8,411
303,339	8,914
303,354	9,096
303,369	8,155
303,384	8,332
303,399	8,464
303,414	8,210
303,429	8,327
303,444	8,890
303,459	8,807
303,474	8,733
303,489	8,915
303,504	8,777
303,519	8,297
303,534	9,086
303,549	8,541
303,564	8,553
303,579	8,174
303,594	8,346
303,609	8,428
303,624	8,840
303,639	8,963
303,654	8,448
303,669	8,911
303,684	8,873
303,699	8,503
303,714	8,158
303,729	8,607
303,744	8,538
303,759	8,841
303,774	8,812
303,789	8,704
303,804	8,404
303,819	8,787
303,834	8,904
303,849	8,399
303,864	8,762
303,879	8,523
303,894	8,369
303,909	8,356
303,925	9,115
303,940	8,665
303,954	8,486
303,969	9,185
303,985	8,530
304,000	8,922
304,014	9,100
304,029	8,505
304,045	8,316
304,060	8,623
304,075	8,435
304,089	8,602
304,105	9,065
304,120	9,041
304,135	8,913
304,150	8,834
304,165	8,851
304,180	8,667
304,195	9,210
304,210	8,470
304,225	8,477
304,240	8,503
304,255	8,826
304,270	8,547
304,285	8,538
304,300	8,981
304,315	8,647
304,330	8,864
304,345	9,107
304,360	8,702
304,375	8,624
304,390	9,322
304,405	8,537
304,420	8,739
304,435	9,041
304,450	9,359
304,465	8,458
304,480	9,001
304,495	8,923
304,510	8,854
304,525	8,766
304,540	8,793
304,555	8,834
304,570	9,483
304,585	9,269
304,600	8,894
304,615	8,831
304,630	9,314
304,645	9,426
304,660	8,986
304,675	9,474
304,690	8,664
304,705	8,756
304,720	9,394
304,735	8,679
304,750	9,247
304,765	9,415
304,780	9,421
304,795	9,027
304,810	9,460
304,825	9,236
304,840	9,027
304,855	9,013
304,870	9,030
304,885	8,951
304,900	8,883
304,915	9,040
304,930	9,142
304,945	9,219
304,960	9,587
304,975	9,032
304,990	8,898
305,005	9,692
305,020	9,107
305,035	9,003
305,050	9,010
305,065	8,796
305,080	9,194
305,095	8,955
305,110	9,157
305,125	8,798
305,140	9,812
305,155	8,861
305,170	9,364
305,185	8,859
305,200	9,488
305,215	8,893
305,230	9,587
305,245	9,709
305,260	9,711
305,275	9,281
305,290	9,905
305,305	9,701
305,320	9,301
305,335	9,639
305,350	9,520
305,365	9,181
305,380	9,709
305,395	8,858
305,410	9,121
305,425	9,468
305,440	9,766
305,455	9,065
305,470	10,125
305,485	9,350
305,500	9,241
305,515	9,238
305,530	9,314
305,545	9,311
305,560	9,328
305,575	9,766
305,590	9,978
305,605	9,458
305,620	9,881
305,635	10,159
305,650	9,413
305,665	10,182
305,680	9,582
305,695	9,413
305,710	10,247
305,725	10,003
305,740	9,318
305,755	9,891
305,770	9,362
305,785	9,408
305,800	9,972
305,815	9,492
305,830	9,604
305,845	9,475
305,860	10,083
305,875	9,373
305,890	9,560
305,906	10,224
305,921	10,130
305,935	9,836
305,950	9,983
305,966	10,281
305,981	9,872
305,995	10,254
306,010	9,624
306,026	9,530
306,041	9,698
306,055	9,584
306,070	9,646
306,086	9,647
306,101	9,744
306,116	9,846
306,131	10,069
306,146	9,699
306,161	9,605
306,176	9,472
306,191	9,629
306,206	9,470
306,221	9,532
306,236	10,231
306,251	10,162
306,266	9,517
306,281	10,060
306,296	9,821
306,311	9,968
306,326	9,629
306,341	10,338
306,356	9,698
306,371	9,669
306,386	10,022
306,401	9,818
306,416	10,065
306,431	10,268
306,446	10,390
306,461	10,241
306,476	10,428
306,491	9,803
306,506	9,669
306,521	9,646
306,536	9,793
306,551	9,830
306,566	9,711
306,581	10,375
306,596	9,850
306,611	10,193
306,626	10,269
306,641	9,699
306,656	9,982
306,671	10,440
306,686	9,880
306,701	10,288
306,716	10,390
306,731	9,975
306,746	9,947
306,761	10,325
306,776	9,950
306,791	9,837
306,806	10,470
306,821	9,619
306,836	9,932
306,851	10,074
306,866	9,805
306,881	10,128
306,896	9,813
306,911	9,915
306,926	10,298
306,941	10,465
306,956	10,512
306,971	9,857
306,986	10,034
307,001	10,236
307,016	10,058
307,031	9,829
307,046	10,467
307,061	10,052
307,076	10,440
307,091	10,642
307,106	10,032
307,121	9,939
307,136	10,542
307,151	9,937
307,166	10,150
307,181	9,946
307,196	9,972
307,211	9,864
307,226	10,492
307,241	10,208
307,256	10,059
307,271	10,442
307,286	10,048
307,301	10,134
307,316	9,870
307,331	10,067
307,346	9,989
307,361	10,678
307,376	10,594
307,391	10,581
307,406	10,312
307,421	10,800
307,436	10,756
307,451	10,267
307,466	10,634
307,481	10,160
307,496	10,256
307,511	10,088
307,526	10,526
307,541	10,262
307,556	10,263
307,571	10,345
307,586	10,477
307,601	10,639
307,616	10,767
307,631	10,507
307,646	10,354
307,661	10,942
307,676	10,211
307,691	10,825
307,706	10,902
307,721	10,523
307,736	10,885
307,751	11,012
307,766	10,221
307,781	10,344
307,796	11,062
307,811	10,648
307,826	10,228
307,841	10,220
307,856	10,708
307,871	10,193
307,886	10,736
307,901	10,919
307,916	10,599
307,932	10,771
307,947	10,934
307,962	10,223
307,976	10,215
307,991	11,019
308,007	10,494
308,022	10,355
308,036	11,074
308,051	10,895
308,067	10,712
308,082	10,954
308,097	10,414
308,111	10,571
308,127	10,528
308,142	10,319
308,157	10,491
308,172	10,312
308,187	11,066
308,202	10,411
308,217	10,292
308,232	11,081
308,247	10,486
308,262	10,849
308,277	10,449
308,292	10,486
308,307	10,091
308,322	10,474
308,337	10,531
308,352	10,598
308,367	10,750
308,382	10,987
308,397	10,558
308,412	11,016
308,427	10,636
308,442	10,458
308,457	10,414
308,472	10,862
308,487	10,733
308,502	10,294
308,517	10,862
308,532	10,558
308,547	10,956
308,562	11,163
308,577	10,628
308,592	10,680
308,607	11,228
308,622	10,839
308,637	10,354
308,652	11,259
308,667	10,789
308,682	10,500
308,697	11,018
308,712	10,608
308,727	10,665
308,742	11,333
308,757	11,150
308,772	10,655
308,787	10,621
308,802	10,994
308,817	10,710
308,832	10,436
308,847	10,914
308,862	10,470
308,877	10,606
308,892	11,295
308,907	10,765
308,922	10,767
308,937	11,341
308,952	11,137
308,967	10,983
308,982	10,669
308,997	10,901
309,012	10,938
309,027	11,531
309,042	11,533
309,057	11,038
309,072	11,335
309,087	11,613
309,102	11,073
309,117	11,260
309,132	10,996
309,147	10,993
309,162	10,949
309,177	11,146
309,192	11,203
309,207	10,954
309,222	11,433
309,237	11,108
309,252	10,844
309,267	11,653
309,282	11,404
309,297	11,080
309,312	11,573
309,327	11,093
309,342	10,965
309,357	11,713
309,372	11,479
309,387	11,120
309,402	11,362
309,417	11,354
309,432	11,155
309,447	10,906
309,462	11,500
309,477	11,080
309,492	11,147
309,507	11,158
309,522	11,933
309,537	10,971
309,552	11,695
309,567	11,426
309,582	11,127
309,597	11,570
309,612	11,220
309,627	10,936
309,642	11,535
309,657	11,777
309,672	11,062
309,687	11,013
309,702	11,792
309,717	11,006
309,732	11,690
309,747	11,702
309,762	11,202
309,777	11,129
309,792	11,291
309,807	11,172
309,822	11,084
309,837	11,406
309,852	11,809
309,867	11,124
309,882	11,336
309,897	11,809
309,912	11,535
309,928	11,772
309,942	11,578
309,957	11,410
309,973	11,381
309,988	11,598
310,002	11,419
310,017	11,246
310,033	11,824
310,048	11,269
310,062	11,938
310,077	11,824
310,093	11,344
310,108	11,256
310,123	11,523
310,138	11,089
310,153	11,361
310,168	11,684
310,183	12,072
310,198	11,271
310,213	11,663
310,228	12,066
310,243	11,296
310,258	11,318
310,273	11,956
310,288	11,491
310,303	11,413
310,318	11,921
310,333	11,321
310,348	11,132
310,363	11,670
310,378	11,311
310,393	11,323
310,408	12,011
310,423	11,612
310,438	11,408
310,453	11,861
310,468	11,472
310,483	11,187
310,498	11,284
310,513	11,461
310,528	11,152
310,543	11,876
310,558	12,043
310,573	11,418
310,588	11,249
310,603	11,848
310,618	11,418
310,633	11,275
310,648	11,677
310,663	11,258
310,678	11,510
310,693	11,823
310,708	11,724
310,723	11,219
310,738	12,224
310,753	11,549
310,768	11,119
310,783	11,256
310,798	11,478
310,813	11,415
310,828	11,592
310,843	11,885
310,858	11,911
310,873	11,346
310,888	11,549
310,903	11,274
310,918	11,201
310,933	12,085
310,948	11,440
310,963	11,412
310,978	12,081
310,993	11,616
311,008	11,758
311,023	12,216
311,038	12,102
311,053	11,301
311,068	12,045
311,083	11,535
311,098	11,236
311,113	11,278
311,128	11,611
311,143	11,507
311,158	11,443
311,173	11,977
311,188	11,758
311,203	11,383
311,218	11,280
311,233	11,392
311,248	11,474
311,263	12,198
311,278	11,382
311,293	11,353
311,308	11,340
311,323	12,034
311,338	11,333
311,353	12,162
311,368	11,969
311,383	11,524
311,398	11,997
311,413	11,472
311,428	11,650
311,443	11,240
311,458	11,909
311,473	11,699
311,488	11,490
311,503	12,099
311,518	11,669
311,533	11,521
311,548	12,265
311,563	12,231
311,578	11,430
311,593	11,979
311,608	11,645
311,623	11,255
311,638	11,608
311,653	12,051
311,668	11,395
311,683	11,828
311,698	12,131
311,713	11,400
311,728	11,903
311,743	11,644
311,758	11,576
311,773	11,512
311,788	11,840
311,803	11,636
311,818	12,104
311,833	12,101
311,848	11,937
311,863	11,573
311,878	12,266
311,893	11,837
311,908	12,240
311,923	11,865
311,938	11,471
311,954	11,382
311,969	12,101
311,983	11,927
311,998	11,457
312,014	11,910
312,029	11,992
312,043	11,477
312,058	11,384
312,074	11,947
312,089	11,497
312,103	11,514
312,119	11,997
312,134	11,743
312,149	12,452
312,164	11,907
312,179	12,144
312,194	11,945
312,209	12,183
312,224	11,789
312,239	11,695
312,254	11,556
312,269	11,803
312,284	11,635
312,299	12,188
312,314	12,255
312,329	11,595
312,344	12,093
312,359	11,879
312,374	11,645
312,389	11,722
312,404	11,969
312,419	11,680
312,434	11,661
312,449	12,099
312,464	11,790
312,479	11,757
312,494	12,410
312,509	12,322
312,524	11,787
312,539	12,240
312,554	11,890
312,569	11,732
312,584	11,608
312,599	12,096
312,614	11,777
312,629	12,330
312,644	12,623
312,659	11,963
312,674	11,934
312,689	11,715
312,704	11,847
312,719	11,949
312,734	12,071
312,749	12,173
312,764	11,779
312,779	11,660
312,794	11,747
312,809	11,954
312,824	12,307
312,839	12,289
312,854	11,498
312,869	12,272
312,884	12,549
312,899	11,894
312,914	12,472
312,929	12,128
312,944	12,135
312,959	12,232
312,974	12,569
312,989	12,391
313,004	12,262
313,019	12,615
313,034	11,959
313,049	11,535
313,064	12,254
313,079	12,105
313,094	11,991
313,109	12,389
313,124	12,391
313,139	11,891
313,154	12,369
313,169	12,295
313,184	11,911
313,199	12,544
313,214	12,391
313,229	11,856
313,244	12,374
313,259	12,682
313,274	11,996
313,289	12,419
313,304	12,787
313,319	12,573
313,334	12,585
313,349	12,692
313,364	12,352
313,379	12,193
313,394	12,466
313,409	11,981
313,424	12,053
313,439	12,326
313,454	12,824
313,469	12,063
313,484	12,646
313,499	11,996
313,514	12,203
313,529	12,346
313,544	12,177
313,559	12,093
313,574	12,210
313,589	12,106
313,604	12,088
313,619	12,421
313,634	12,824
313,649	12,504
313,664	12,486
313,679	12,207
313,694	12,259
313,709	12,271
313,724	12,207
313,739	12,294
313,754	12,125
313,769	12,508
313,784	12,780
313,799	12,240
313,814	12,553
313,829	12,765
313,844	12,872
313,859	12,192
313,875	13,011
313,889	12,140
313,904	12,513
313,920	12,821
313,935	12,366
313,950	12,147
313,964	12,670
313,979	12,301
313,995	12,789
314,010	12,931
314,024	12,346
314,039	12,172
314,055	12,369
314,070	12,336
314,084	12,313
314,099	12,736
314,115	12,822
314,130	12,458
314,145	12,590
314,160	12,878
314,175	12,594
314,190	12,645
314,205	13,068
314,220	12,257
314,235	12,530
314,250	13,239
314,265	12,358
314,280	12,730
314,295	12,938
314,310	12,699
314,325	12,435
314,340	13,003
314,355	12,744
314,370	12,550
314,385	12,557
314,400	12,418
314,415	12,485
314,430	12,622
314,445	13,285
314,460	12,359
314,475	12,893
314,490	12,363
314,505	13,047
314,520	12,838
314,535	13,255
314,550	12,911
314,565	12,662
314,580	13,446
314,595	13,072
314,610	13,048
314,625	13,566
314,640	13,693
314,655	13,023
314,670	13,411
314,685	13,052
314,700	12,973
314,715	13,020
314,730	12,886
314,745	12,888
314,760	13,040
314,775	13,578
314,790	13,480
314,805	13,346
314,820	13,493
314,835	13,063
314,850	12,724
314,865	13,724
314,880	12,968
314,895	13,150
314,910	13,443
314,925	13,254
314,940	12,810
314,955	12,886
314,970	13,720
314,985	12,819
315,000	13,473
