33.08
32.45
32.41
33.20
33.05
33.58
33.19
32.64
33.09
33.09
33.89
34.06
33.57
34.22
33.82
33.36
34.58
33.81
34.53
34.31
33.41
34.60
33.57
34.81
34.97
33.88
35.22
33.64
33.87
35.16
35.27
34.99
35.18
34.24
34.74
34.08
35.67
35.32
34.61
34.29
34.87
34.40
35.37
35.36
35.29
35.49
34.62
34.73
35.33
35.21
35.32
35.05
34.23
34.63
34.18
35.19
34.96
35.07
35.06
34.24
34.07
34.89
34.66
35.07
33.85
33.81
34.18
34.42
34.63
34.72
33.96
34.35
33.99
33.66
34.29
33.66
34.15
33.90
32.72
33.21
32.62
34.03
33.76
33.24
33.60
32.31
32.70
33.26
32.72
33.25
32.75
32.08
32.48
31.68
32.69
32.72
32.40
32.37
31.35
31.63
32.38
32.23
32.06
32.28
31.19
31.11
30.48
31.31
31.31
30.96
30.19
30.55
30.27
30.79
30.50
30.82
30.75
29.71
29.67
30.40
29.59
30.22
29.80
28.78
29.61
28.72
29.50
29.53
28.76
29.27
28.28
28.12
28.99
28.56
28.15
28.08
27.50
27.99
27.27
27.45
28.03
27.24
27.82
26.54
26.77
27.24
26.34
27.05
26.52
25.68
25.89
25.40
26.19
26.30
25.63
26.11
25.33
25.28
25.83
25.59
25.45
25.49
24.26
24.77
24.29
24.63
24.91
24.44
23.98
23.50
23.33
24.35
24.32
24.15
23.81
23.10
22.97
22.86
23.36
23.41
22.75
22.16
22.46
22.44
22.84
22.87
22.49
22.68
21.42
21.34
22.24
21.73
22.00
21.97
20.99
21.03
20.57
21.45
21.41
20.87
21.05
20.13
19.70
20.66
20.03
20.50
20.54
19.73
19.21
19.10
20.09
19.90
19.19
19.84
18.44
18.76
19.45
19.06
19.25
18.56
18.00
18.68
17.90
19.02
18.86
18.65
18.65
18.06
17.91
18.26
18.28
18.15
18.44
17.31
17.31
16.64
18.21
17.94
16.98
16.77
16.88
16.82
17.74
17.51
17.31
16.81
16.69
16.40
16.15
16.68
17.11
16.68
16.00
16.30
15.65
16.60
16.76
16.59
16.52
15.66
16.00
16.55
16.54
16.44
16.56
15.55
16.58
15.80
16.51
16.01
15.91
16.38
15.43
15.59
16.23
15.41
16.15
16.08
15.17
16.00
15.45
15.93
16.13
16.03
16.26
15.52
15.44
16.43
15.53
16.30
16.39
15.20
15.78
15.44
16.17
16.36
16.19
16.47
15.78
15.52
16.53
16.56
16.72
16.62
15.81
15.82
15.68
15.91
16.99
16.55
15.73
16.80
15.69
16.80
17.02
16.91
16.93
15.99
16.29
17.31
16.43
17.27
16.75
16.33
17.35
16.88
17.55
17.68
17.49
17.55
16.85
16.83
17.73
16.80
17.58
17.70
16.58
17.71
16.75
17.38
17.61
17.54
17.67
17.31
17.02
17.76
17.06
17.57
17.28
16.51
16.84
16.67
17.51
17.47
16.72
17.02
16.56
16.36
16.98
16.87
16.63
15.46
15.71
15.71
14.96
15.98
15.87
15.67
15.65
14.72
14.12
14.82
14.69
14.86
14.56
13.60
13.17
12.60
13.18
13.39
12.55
11.70
12.20
11.89
12.12
12.18
11.92
11.32
10.76
10.58
10.89
10.71
10.70
10.41
10.37
9.438
8.681
9.340
9.326
9.262
9.158
8.266
7.670
8.339
8.365
8.261
8.277
7.230
7.683
6.881
7.615
7.476
6.760
7.122
6.265
6.628
6.849
6.134
6.787
5.840
6.082
6.153
4.730
5.784
5.881
5.165
5.953
4.846
4.481
5.456
5.487
5.308
4.847
4.497
4.333
3.863
4.611
4.753
4.232
4.550
4.019
3.328
4.458
4.384
4.219
4.030
3.640
3.290
3.276
3.894
3.745
3.625
2.483
3.297
3.118
3.626
3.571
3.437
3.458
2.507
2.037
3.382
2.455
3.364
2.919
1.792
2.635
2.220
2.964
3.035
2.389
2.797
2.291
1.926
2.790
2.310
2.602
2.753
1.516
2.335
1.348
2.257
2.489
2.033
2.461
1.775
1.224
1.988
1.252
2.271
1.675
1.396
1.648
0.882
1.710
2.087
1.963
1.909
1.439
0.879
1.486
1.703
1.659
1.204
0.990
0.981
0.616
1.289
1.446
1.131
0.490
0.943
0.473
1.346
1.292
1.263
0.487
0.674
0.334
0.095
0.472
1.135
0.956
0.581
0.442
0.037
0.745
1.137
0.862
0.823
0.388
-0.01
0.847
-0.03
0.629
0.655
0.120
0.040
0.378
0.258
0.736
-0.15
0.663
-0.19
-0.43
0.707
-0.01
0.243
0.439
-0.19
-0.12
-0.49
0.113
0.285
0.286
0.202
-0.00
-0.86
0.296
-0.62
0.283
0.390
-0.44
0.026
-0.90
-0.04
0.265
-0.29
-0.04
-0.75
-1.10
-0.67
-0.44
-0.13
0.033
-0.79
-0.80
-1.03
-0.31
-0.27
-0.64
-1.37
-0.69
-1.26
-0.79
-0.42
-0.42
-0.33
-0.90
-0.77
-1.40
-1.37
-0.44
-0.43
-1.60
-1.00
-1.26
-0.76
-0.54
-0.83
-1.97
-0.43
-1.36
-0.71
-1.58
-0.89
-1.28
-1.88
-0.59
-1.48
-1.48
-0.73
-0.82
-1.01
-1.17
-1.04
-0.92
-1.74
-1.11
-1.12
-1.47
-1.74
-2.11
-1.78
-1.19
-1.07
-1.27
-1.85
-1.66
-1.34
-1.77
-1.08
-1.18
-2.37
-2.03
-2.50
-1.66
-1.31
-1.91
-1.22
-2.37
-2.04
-1.66
-1.26
-1.58
-1.44
-2.19
-2.46
-2.47
-2.29
-1.76
-1.52
-2.22
-2.17
-2.78
-1.99
-1.51
-1.67
-1.54
-2.43
-1.81
-1.58
-2.33
-1.44
-1.37
-2.53
-1.56
-2.33
-1.87
-1.37
-1.80
-1.56
-1.85
-2.33
-1.76
-2.12
-1.71
-1.50
-2.44
-1.73
-2.87
-1.65
-1.71
-2.75
-1.44
-1.96
-2.14
-1.42
-2.12
-1.41
-1.22
-1.79
-1.39
-2.50
-1.27
-1.36
-1.27
-1.27
-1.86
-1.97
-1.86
-1.14
-1.19
-1.93
-2.19
-1.88
-2.07
-1.97
-1.14
-1.86
-1.06
-1.03
-1.87
-1.05
-0.94
-1.37
-0.96
-1.53
-1.58
-2.24
-1.18
-1.27
-0.97
-1.78
-0.65
-1.77
-0.73
-0.81
-0.67
-0.67
-1.91
-1.48
-0.40
-1.46
-0.45
-1.12
-1.49
-0.82
-1.33
-0.56
-0.39
-0.44
-0.31
-1.00
-1.27
-0.34
-1.38
-0.27
-0.58
-1.26
-0.39
-0.83
-0.95
-0.23
-0.47
-0.05
-1.39
-0.78
-0.20
-0.69
-0.04
-0.33
-0.68
-0.57
-1.15
-0.86
0.208
-0.54
0.191
-0.35
-0.51
-0.21
0.306
0.151
-0.64
-0.33
-1.03
-0.39
-0.28
0.314
-0.34
0.261
-0.03
-0.33
0.305
0.366
0.518
0.760
-0.41
-0.23
0.206
-0.29
0.469
0.190
0.181
0.107
-0.20
0.460
0.642
0.678
0.679
-0.53
-0.48
0.813
0.253
0.675
0.701
0.241
0.769
0.083
0.350
0.883
0.849
0.765
0.465
0.206
0.974
0.649
1.282
1.073
0.181
1.045
0.299
0.441
0.527
0.618
1.191
0.957
-0.07
0.914
0.544
1.192
1.193
0.763
0.479
0.364
0.711
1.129
1.366
1.603
0.726
0.126
1.300
1.452
1.152
1.650
0.688
0.734
0.194
0.867
1.661
1.572
0.600
1.158
0.798
1.020
1.783
1.789
1.685
1.100
1.141
0.896
0.938
1.942
2.194
0.881
1.439
0.943
1.902
1.954
1.749
1.785
1.571
1.612
2.020
1.660
2.097
2.209
1.794
2.633
1.280
2.489
2.560
2.592
2.593
2.153
2.029
2.882
1.735
2.820
3.137
2.055
2.357
2.192
2.524
3.248
3.384
3.601
3.046
2.390
3.570
3.380
4.008
3.543
3.610
3.681
4.068
4.536
5.184
5.531
5.853
5.749
5.660
7.798
8.837
10.04
11.79
14.04
16.30
18.24
21.90
26.96
31.05
35.06
41.21
45.33
52.16
58.20
64.26
70.11
76.52
81.99
88.06
94.37
100.5
105.3
109.6
114.6
117.3
121.2
123.0
124.9
125.8
125.1
123.7
123.3
120.6
119.0
116.7
113.6
111.3
107.4
105.3
102.4
99.21
96.50
93.50
89.59
87.84
84.54
82.45
79.71
76.47
73.21
71.04
68.98
67.19
64.96
62.82
60.09
57.91
56.70
54.10
52.66
51.15
48.59
47.45
45.36
43.51
42.86
41.63
40.03
38.10
36.45
35.51
34.72
33.49
32.50
30.92
29.76
28.46
27.92
27.70
26.63
25.34
25.06
23.52
23.35
22.75
22.17
21.52
20.35
19.18
19.14
18.16
18.23
17.63
16.09
16.69
15.25
15.38
15.35
14.61
14.49
13.28
12.91
13.03
11.94
12.43
11.93
11.32
11.33
10.44
11.02
10.56
10.18
10.28
9.275
8.915
9.132
8.541
8.984
8.554
8.053
7.899
6.717
7.340
7.847
7.487
7.609
6.958
6.032
6.319
6.490
6.587
6.302
5.150
5.296
5.594
5.755
5.791
5.612
5.608
5.108
4.106
5.210
5.111
5.093
4.988
3.736
3.968
3.819
3.835
4.723
4.343
3.542
4.296
3.143
3.581
4.068
3.939
3.976
3.581
2.995
3.703
3.128
3.680
3.576
2.630
3.042
1.955
3.275
3.246
2.891
3.173
2.478
2.348
2.771
2.170
2.893
2.859
2.525
2.932
2.106
2.804
2.720
2.139
2.722
2.834
1.140
1.983
1.819
2.292
2.178
1.196
1.217
1.474
1.766
2.314
2.285
2.221
2.167
1.060
2.104
2.130
1.976
2.148
1.457
1.573
0.752
1.139
1.873
1.989
2.101
1.876
1.220
1.568
1.804
1.685
1.616
1.146
1.052
0.913
0.974
1.557
1.433
0.571
1.415
0.885
1.402
1.674
1.359
1.310
0.910
0.390
1.023
0.598
1.462
1.669
0.797
1.410
0.117
0.535
1.173
1.274
1.160
0.921
-0.06
0.657
0.719
1.206
1.268
0.582
1.230
0.479
0.761
0.998
0.402
0.915
0.991
0.009
1.014
-0.02
0.991
0.892
0.481
0.824
-0.07
0.816
0.988
0.547
0.920
0.956
-0.20
0.597
0.423
0.906
0.801
0.316
0.032
0.033
0.355
0.938
0.824
-0.10
0.540
-0.46
-0.03
0.940
0.755
0.701
-0.17
-0.13
-0.11
-0.15
0.677
0.703
-0.02
0.706
-0.08
0.261
0.594
0.595
0.446
0.036
-0.24
0.434
-0.09
0.567
0.493
-0.00
0.530
-0.07
-0.30
0.514
-0.02
0.491
0.633
-0.61
0.545
-0.28
0.367
0.634
-0.09
-0.50
-0.34
0.257
0.489
-0.25
0.361
0.277
-0.68
0.003
-0.21
0.482
0.538
-0.26
-0.34
-0.31
-0.33
0.273
0.500
0.286
-0.27
-0.57
0.164
0.331
0.392
0.484
-0.63
-0.63
-0.68
-0.48
0.479
0.210
-0.43
0.187
-0.52
0.134
0.160
-0.08
0.198
-0.07
-0.71
-0.14
-0.09
0.274
0.220
-0.40
-0.23
-0.70
-0.08
0.276
0.071
0.263
-0.29
-0.83
0.071
-0.50
-0.00
-0.09
-0.52
0.207
-0.70
-0.45
0.191
0.357
0.379
-0.68
-0.98
-0.07
-0.46
-0.01
0.386
-0.47
-0.62
-0.75
-0.44
0.311
0.493
0.153
0.220
-0.81
0.282
-0.46
-0.20
0.386
-0.39
-0.48
-1.06
0.240
0.256
0.127
0.459
-0.16
-0.69
-0.44
0.269
-0.22
0.191
-0.09
-0.44
-0.63
-0.54
0.307
0.533
0.078
-0.20
-0.83
-0.21
0.239
0.059
0.136
0.347
-0.70
0.099
-0.88
0.583
0.268
-0.16
0.401
-0.41
-0.16
0.149
-0.23
0.066
0.372
-1.06
0.485
-0.38
0.287
0.379
0.014
0.306
-0.46
-0.44
0.244
0.165
0.296
-0.17
-0.89
-0.60
-0.48
0.533
0.379
-0.39
-0.52
-0.59
-0.41
0.224
0.436
0.256
-0.22
-0.40
0.415
0.211
0.302
0.449
-0.51
-0.25
-0.73
-0.63
0.259
0.391
0.407
0.343
-0.42
-0.36
0.627
0.328
0.143
0.014
0.075
-0.62
-0.41
0.200
0.231
-0.34
0.007
-0.57
0.090
0.412
0.147
0.399
0.310
0.437
0.493
-0.13
0.155
0.361
-0.31
0.599
-0.58
-0.32
0.231
-0.19
0.284
0.351
0.317
0.313
-0.32
-0.11
0.075
-0.03
0.484
0.074
0.206
0.362
0.379
0.249
0.200
0.412
0.353
-0.98
0.395
-0.00
-0.19
-0.34
-0.06
-0.31
0.413
0.148
0.365
0.431
-0.73
0.127
0.339
0.511
0.367
-0.29
-0.38
-0.12
-0.38
0.267
0.469
0.255
-0.09
0.387
0.067
0.811
0.100
0.237
-0.05
-1.02
-0.08
-0.30
0.338
0.449
-0.26
0.517
-0.23
-0.23
0.219
0.210
0.437
0.408
-0.30
0.350
-0.76
0.398
0.600
-0.26
0.582
-0.42
0.168
0.445
0.537
0.438
-0.22
-0.56
0.536
-0.40
0.097
0.384
0.160
0.502
-0.68
-0.44
0.536
0.462
0.317
0.148
-0.57
0.612
-0.40
0.719
0.655
0.225
-0.67
-0.31
0.133
0.521
0.567
0.628
0.434
-0.38
0.291
0.593
0.594
0.806
-0.11
-0.12
-0.16
-0.04
0.817
0.893
0.132
0.635
-0.50
0.547
0.779
0.409
0.841
0.867
-0.17
0.649
-0.22
0.631
0.908
0.057
0.815
0.095
0.111
0.749
0.404
0.786
0.336
-0.33
-0.01
-0.29
0.842
1.029
0.218
0.796
-0.18
0.382
0.829
0.735
0.776
0.893
-0.21
0.394
0.124
0.883
0.623
0.283
0.861
-0.19
0.091
1.095
0.816
1.078
0.527
-0.08
0.830
-0.28
0.792
0.718
0.383
0.385
0.286
0.217
0.789
0.384
0.827
0.969
-0.26
0.489
0.897
0.818
1.034
0.504
-0.08
0.401
0.362
0.885
0.886
-0.07
0.843
-0.05
0.665
1.032
0.758
1.045
0.810
-0.40
0.727
0.744
0.995
1.032
0.426
0.954
0.102
0.344
1.012
0.512
0.985
0.770
-0.15
0.698
0.418
1.041
1.187
0.491
1.310
0.619
1.227
1.294
1.149
1.231
1.106
0.235
0.627
-0.01
1.181
1.323
1.284
0.237
0.594
0.355
1.188
1.300
1.407
1.312
0.531
0.983
0.709
1.312
1.413
0.592
0.257
0.474
0.561
1.344
1.390
1.296
0.781
0.321
1.215
1.401
1.433
1.208
1.299
0.333
0.690
0.746
1.490
1.436
0.715
1.523
0.622
0.618
1.406
1.157
1.449
0.793
0.924
0.946
0.029
1.204
1.055
1.261
1.594
0.858
1.059
1.397
1.317
4.267
7.990
10.97
14.19
15.15
17.50
18.20
18.05
18.83
18.05
17.97
18.45
18.44
18.06
17.41
16.61
16.73
16.14
16.62
16.65
16.04
15.03
15.27
15.05
15.48
15.51
15.04
14.88
13.16
13.86
14.21
13.88
13.66
13.37
12.64
12.47
11.82
12.72
11.89
12.44
12.56
11.57
11.63
12.22
11.77
11.97
11.05
10.60
10.61
10.52
10.97
11.02
10.13
10.81
9.376
9.858
10.46
10.30
10.21
9.346
9.317
9.785
8.678
9.883
9.307
9.028
9.535
8.954
8.324
9.157
8.271
8.954
9.211
8.084
8.787
8.277
8.639
8.816
8.225
8.763
8.032
7.898
8.551
8.613
8.463
7.451
7.227
8.100
7.495
8.043
8.305
7.679
6.968
7.621
7.246
8.235
8.071
8.087
7.511
7.127
7.283
7.926
7.331
7.954
7.634
6.933
7.521
6.865
7.964
8.121
7.982
7.738
6.881
7.063
7.956
7.536
7.994
7.243
7.058
7.621
7.412
7.980
7.941
7.325
7.953
7.307
7.790
7.887
7.396
7.759
7.439
6.748
7.641
6.951
7.860
7.786
7.671
7.888
7.117
7.273
7.982
7.983
8.155
7.589
6.703
7.562
7.026
7.544
8.102
7.481
8.114
7.172
7.304
8.042
8.304
7.869
7.951
6.763
7.346
6.886
7.970
7.971
7.717
7.282
7.473
7.219
8.118
7.853
8.115
8.041
7.170
7.376
8.029
8.061
8.257
8.003
7.066
7.418
7.695
7.922
8.019
7.027
7.876
7.515
7.421
8.155
7.700
8.182
7.095
7.026
7.965
7.380
7.536
8.270
7.143
7.881
7.822
7.231
8.110
7.554
8.208
7.687
7.508
7.855
7.455
8.018
8.210
7.669
8.387
7.787
6.925
8.115
7.645
8.158
7.973
7.132
7.670
7.054
7.712
8.511
7.770
7.435
7.592
7.257
8.206
8.031
8.283
8.369
7.679
7.630
7.059
8.234
8.230
8.001
6.979
7.832
7.498
8.095
8.317
8.474
8.590
7.127
7.615
8.218
7.888
8.315
7.755
7.269
7.797
7.658
8.271
8.478
7.867
8.360
7.569
7.746
8.293
7.828
8.451
8.086
7.220
8.053
7.779
8.623
8.554
7.983
8.591
7.644
7.495
8.534
8.535
8.556
8.297
7.471
7.893
7.458
8.623
8.523
8.655
8.581
8.131
7.856
8.464
8.751
8.602
9.064
7.776
7.963
7.238
8.101
8.649
7.707
7.789
8.271
8.207
8.700
8.701
8.793
8.398
8.028
8.530
7.528
8.182