300,000	17,242
300,015	17,404
300,030	17,230
300,045	17,246
300,060	16,365
300,075	16,467
300,090	15,897
300,105	16,716
300,120	16,587
300,135	16,438
300,150	16,445
300,165	15,634
300,180	15,400
300,195	16,078
300,210	15,473
300,225	15,906
300,240	15,712
300,255	14,936
300,270	15,585
300,285	14,368
300,300	15,091
300,315	15,073
300,330	14,658
300,345	15,051
300,360	14,626
300,375	14,122
300,390	14,499
300,405	13,979
300,420	14,643
300,435	14,143
300,450	13,768
300,465	13,735
300,480	13,044
300,495	13,492
300,510	13,970
300,525	14,267
300,540	13,833
300,555	13,233
300,570	12,938
300,585	13,346
300,600	12,811
300,615	13,199
300,630	13,280
300,645	12,515
300,660	12,316
300,675	11,846
300,690	12,364
300,705	12,907
300,720	12,578
300,735	12,604
300,750	12,475
300,765	11,825
300,780	12,333
300,795	12,024
300,810	12,091
300,825	12,223
300,840	11,492
300,855	11,163
300,870	11,265
300,885	10,755
300,901	11,603
300,916	11,434
300,930	10,438
300,945	11,417
300,961	10,376
300,976	11,310
300,990	11,332
301,005	10,992
301,021	11,214
301,036	10,379
301,050	10,125
301,065	10,763
301,080	10,053
301,096	10,420
301,111	10,607
301,125	9,476
301,141	9,808
301,156	9,163
301,171	9,831
301,186	10,244
301,201	9,544
301,216	9,585
301,231	9,401
301,246	9,322
301,261	9,715
301,276	8,599
301,291	9,598
301,306	9,514
301,321	8,518
301,336	9,442
301,351	8,571
301,366	9,199
301,381	8,845
301,396	8,897
301,411	9,034
301,426	8,925
301,441	8,219
301,456	8,893
301,471	8,163
301,486	8,706
301,501	8,181
301,516	7,911
301,531	7,637
301,546	7,353
301,561	8,432
301,576	8,519
301,591	8,220
301,606	8,307
301,621	8,093
301,636	7,031
301,651	7,474
301,666	8,147
301,681	7,989
301,696	6,972
301,711	7,465
301,726	7,030
301,741	6,736
301,756	6,873
301,771	7,757
301,786	7,543
301,801	7,439
301,816	6,909
301,831	6,786
301,846	6,461
301,861	7,200
301,876	7,252
301,891	7,263
301,906	6,392
301,921	6,153
301,936	5,834
301,951	6,432
301,966	6,830
301,981	6,811
301,996	6,336
302,011	6,478
302,026	5,502
302,041	6,416
302,056	6,719
302,071	6,274
302,086	6,265
302,101	5,891
302,116	5,035
302,131	6,300
302,146	5,399
302,161	6,213
302,176	6,149
302,191	5,283
302,206	5,977
302,221	4,685
302,236	5,759
302,251	5,957
302,266	5,712
302,281	5,849
302,296	5,003
302,311	4,684
302,326	5,443
302,341	5,108
302,356	5,471
302,371	4,946
302,386	4,737
302,401	5,325
302,416	4,289
302,431	5,087
302,446	5,024
302,461	4,710
302,476	5,047
302,491	4,778
302,506	3,912
302,521	4,716
302,536	4,261
302,551	4,915
302,566	4,625
302,581	4,311
302,596	3,967
302,611	4,299
302,626	4,757
302,641	4,763
302,656	4,810
302,671	4,751
302,686	4,196
302,701	3,927
302,716	4,370
302,731	4,326
302,746	4,523
302,761	4,244
302,776	3,313
302,791	3,405
302,806	3,276
302,821	4,175
302,836	4,257
302,851	3,762
302,866	3,212
302,881	3,655
302,897	3,005
302,911	3,708
302,926	3,720
302,942	3,912
302,957	3,783
302,971	2,882
302,986	3,144
303,002	2,905
303,017	3,674
303,031	3,721
303,046	3,592
303,062	2,435
303,077	3,590
303,092	2,990
303,107	3,508
303,122	3,700
303,137	3,375
303,152	3,301
303,167	2,907
303,182	2,397
303,197	3,156
303,212	2,455
303,227	2,993
303,242	2,960
303,257	1,964
303,272	2,803
303,287	2,257
303,302	2,741
303,317	2,983
303,332	2,563
303,347	2,981
303,362	3,012
303,377	1,685
303,392	2,910
303,407	2,040
303,422	2,583
303,437	2,669
303,452	2,159
303,467	1,910
303,482	1,486
303,497	2,480
303,512	2,682
303,527	2,438
303,542	2,525
303,557	2,065
303,572	1,881
303,587	2,404
303,602	1,769
303,617	2,613
303,632	2,168
303,647	1,853
303,662	1,710
303,677	1,064
303,692	2,295
303,707	2,050
303,722	2,248
303,737	2,309
303,752	1,629
303,767	1,325
303,782	1,813
303,797	1,999
303,812	2,136
303,827	2,213
303,842	0,916
303,857	1,193
303,872	0,989
303,887	1,462
303,902	1,840
303,917	1,435
303,932	0,694
303,947	1,253
303,962	1,209
303,977	1,326
303,992	1,919
304,007	1,645
304,022	1,777
304,037	1,026
304,052	1,038
304,067	0,889
304,082	0,941
304,097	1,629
304,112	1,756
304,127	0,705
304,142	1,117
304,157	0,743
304,172	1,562
304,187	1,629
304,202	1,620
304,217	1,496
304,232	0,721
304,247	0,597
304,262	1,190
304,277	0,480
304,292	1,253
304,307	1,189
304,322	0,504
304,337	1,092
304,352	0,502
304,367	0,860
304,382	1,197
304,397	1,264
304,412	1,235
304,427	0,826
304,442	0,131
304,457	1,155
304,472	0,460
304,487	0,777
304,502	1,175
304,517	0,389
304,532	0,360
304,547	-0,235
304,562	0,830
304,577	0,902
304,592	0,402
304,607	0,915
304,622	-0,518
304,637	0,191
304,652	0,719
304,667	-0,102
304,682	0,988
304,697	0,759
304,712	-0,137
304,727	-0,111
304,742	-0,255
304,757	0,329
304,772	0,706
304,787	0,602
304,802	0,860
304,817	0,360
304,832	-0,436
304,847	0,388
304,862	0,615
304,877	0,597
304,892	0,623
304,907	-0,408
304,923	-0,677
304,937	-0,630
304,952	-0,333
304,967	0,490
304,983	0,317
304,998	-0,414
305,012	0,245
305,027	-0,942
305,043	0,298
305,058	0,595
305,072	0,471
305,088	0,418
305,103	0,008
305,118	-0,366
305,133	0,322
305,148	0,188
305,163	0,330
305,178	0,312
305,193	-0,980
305,208	-0,332
305,223	-0,376
305,238	-0,244
305,253	0,284
305,268	0,171
305,283	-0,104
305,298	-0,132
305,313	-0,426
305,328	0,087
305,343	-0,388
305,358	0,446
305,373	0,216
305,388	-0,760
305,403	-0,121
305,418	-0,671
305,433	0,418
305,448	-0,011
305,463	0,186
305,478	0,192
305,493	-1,080
305,508	-0,582
305,523	0,127
305,538	-0,809
305,553	0,085
305,568	0,332
305,583	-0,439
305,598	-0,242
305,613	-1,022
305,628	-0,610
305,643	-0,147
305,658	-0,356
305,673	0,137
305,688	-0,789
305,703	-0,507
305,718	-0,239
305,733	-0,624
305,748	0,080
305,763	0,081
305,778	-0,790
305,793	-0,116
305,808	-1,027
305,823	-0,499
305,838	-0,041
305,853	-0,416
305,868	-0,018
305,883	-0,443
305,898	0,005
305,913	-0,259
305,928	-0,052
305,943	-0,051
305,958	0,081
305,973	-0,659
305,988	-0,838
306,003	-0,752
306,018	-0,580
306,033	-0,001
306,048	-0,581
306,063	-0,740
306,078	-0,588
306,093	-1,304
306,108	-0,069
306,123	-0,102
306,138	-0,111
306,153	0,021
306,168	-1,171
306,183	-1,154
306,198	-0,205
306,213	-0,890
306,228	-0,292
306,243	-0,276
306,258	-0,971
306,273	-0,729
306,288	-0,948
306,303	-0,349
306,318	-0,122
306,333	-0,597
306,348	-0,119
306,363	-0,950
306,378	-1,565
306,393	0,111
306,408	-0,940
306,423	-0,222
306,438	-0,787
306,453	-1,141
306,468	-0,708
306,483	-0,576
306,498	-0,294
306,513	-0,403
306,528	-0,833
306,543	-0,390
306,558	-0,940
306,573	-1,004
306,588	-0,446
306,603	-1,141
306,618	-0,462
306,633	-0,140
306,648	-1,256
306,663	-0,533
306,678	-1,494
306,693	-0,495
306,708	-0,518
306,723	-0,838
306,738	-0,420
306,753	-0,850
306,768	-1,470
306,783	-0,796
306,798	-0,479
306,813	-0,452
306,828	-0,616
306,843	-1,357
306,858	-1,129
306,873	-1,418
306,889	-0,810
306,903	-0,363
306,918	-0,998
306,933	-0,651
306,949	-0,940
306,964	-1,189
306,978	-0,565
306,993	-0,659
307,009	-0,552
307,024	-0,405
307,038	-1,221
307,053	-1,415
307,068	-1,539
307,084	-1,497
307,099	-0,658
307,114	-0,481
307,129	-1,252
307,144	-1,145
307,159	-1,490
307,174	-0,616
307,189	-0,263
307,204	-0,733
307,219	-1,569
307,234	-1,081
307,249	-1,355
307,264	-0,536
307,279	-0,735
307,294	-0,708
307,309	-0,541
307,324	-1,648
307,339	-1,255
307,354	-1,570
307,369	-0,646
307,384	-0,333
307,399	-1,109
307,414	-0,526
307,429	-1,171
307,444	-1,355
307,459	-0,737
307,474	-1,196
307,489	-0,603
307,504	-0,687
307,519	-1,693
307,534	-0,955
307,549	-1,595
307,564	-1,062
307,579	-0,604
307,594	-1,234
307,609	-0,656
307,624	-1,271
307,639	-1,450
307,654	-0,817
307,669	-1,021
307,684	-0,769
307,699	-1,213
307,714	-1,608
307,729	-1,255
307,744	-1,449
307,759	-0,686
307,774	-0,840
307,789	-1,079
307,804	-0,601
307,819	-1,226
307,834	-1,355
307,849	-0,611
307,864	-0,650
307,879	-0,994
307,894	-0,606
307,909	-1,096
307,924	-1,110
307,939	-1,645
307,954	-0,751
307,969	-0,574
307,984	-1,049
307,999	-1,589
308,014	-1,065
308,029	-0,994
308,044	-0,802
308,059	-0,379
308,074	-0,618
308,089	-0,842
308,104	-1,272
308,119	-0,653
308,134	-1,359
308,149	-0,791
308,164	-0,303
308,179	-0,717
308,194	-0,691
308,209	-0,930
308,224	-1,736
308,239	-1,057
308,254	-0,274
308,269	-0,428
308,284	-0,421
308,299	-1,011
308,314	-1,160
308,329	-0,346
308,344	-0,811
308,359	-0,554
308,374	-0,687
308,389	-1,508
308,404	-0,494
308,419	-1,309
308,434	-0,465
308,449	-0,248
308,464	-0,859
308,479	-0,010
308,494	-0,881
308,509	-0,804
308,524	-0,336
308,539	-0,224
308,554	-0,358
308,569	-0,106
308,584	-1,152
308,599	-0,639
308,614	-1,044
308,629	-0,090
308,644	-0,053
308,659	-0,292
308,674	0,011
308,689	-0,524
308,704	-0,638
308,719	0,120
308,734	-0,334
308,749	0,153
308,764	-0,005
308,779	-0,656
308,794	-0,554
308,809	-0,713
308,824	0,216
308,839	0,393
308,854	-0,327
308,869	0,306
308,884	-0,193
308,899	-0,167
308,914	0,306
308,930	-0,038
308,945	0,359
308,959	0,486
308,974	-0,355
308,990	-0,434
309,005	-0,663
309,019	0,557
309,034	0,594
309,050	0,736
309,065	-0,441
309,079	0,077
309,094	-0,503
309,110	0,702
309,125	0,814
309,140	0,530
309,155	0,802
309,170	-0,129
309,185	0,519
309,200	-0,116
309,215	0,587
309,230	1,050
309,245	0,952
309,260	0,151
309,275	0,829
309,290	0,515
309,305	1,128
309,320	0,057
309,335	1,106
309,350	1,243
309,365	0,874
309,380	0,534
309,395	1,328
309,410	0,653
309,425	1,457
309,440	1,478
309,455	0,351
309,470	1,210
309,485	1,037
309,500	1,580
309,515	1,381
309,530	1,447
309,545	1,880
309,560	1,180
309,575	0,996
309,590	2,095
309,605	1,500
309,620	2,114
309,635	2,276
309,650	1,455
309,665	1,827
309,680	1,608
309,695	2,021
309,710	2,278
309,725	2,129
309,740	2,517
309,755	2,488
309,770	2,044
309,785	2,752
309,800	2,122
309,815	2,870
309,830	3,068
309,845	2,267
309,860	2,935
309,875	2,245
309,890	3,019
309,905	3,336
309,920	2,761
309,935	3,414
309,950	2,950
309,965	2,791
309,980	3,535
309,995	3,837
310,010	3,758
310,025	3,885
310,040	3,110
310,055	3,843
310,070	3,128
310,085	3,976
310,100	4,214
310,115	3,764
310,130	3,575
310,145	4,093
310,160	3,618
310,175	4,663
310,190	4,659
310,205	4,751
310,220	5,013
310,235	3,796
310,250	4,349
310,265	5,218
310,280	5,079
310,295	5,422
310,310	5,208
310,325	4,277
310,340	5,161
310,355	4,501
310,370	5,254
310,385	5,472
310,400	5,824
310,415	6,046
310,430	5,195
310,445	5,287
310,460	6,066
310,475	5,531
310,490	6,144
310,505	6,091
310,520	5,365
310,535	5,973
310,550	5,764
310,565	6,403
310,580	6,665
310,595	6,346
310,610	6,473
310,625	6,228
310,640	6,410
310,655	7,019
310,670	6,278
310,685	6,716
310,700	6,356
310,715	6,253
310,730	6,600
310,745	6,526
310,760	6,874
310,775	7,071
310,790	6,992
310,805	7,455
310,820	6,700
310,835	6,832
310,850	7,641
310,865	6,795
310,880	7,458
310,895	7,535
310,911	6,829
310,925	7,879
310,940	7,243
310,955	7,832
310,971	7,793
310,986	7,805
311,000	7,992
311,015	7,422
311,031	7,965
311,046	7,971
311,060	8,053
311,075	7,949
311,091	8,026
311,106	6,809
311,121	7,478
311,136	7,108
311,151	8,303
311,166	8,099
311,181	7,484
311,196	6,678
311,211	7,903
311,226	7,363
311,241	7,886
311,256	7,622
311,271	7,513
311,286	7,715
311,301	6,850
311,316	6,931
311,331	7,530
311,346	7,340
311,361	7,603
311,376	7,023
311,391	6,789
311,406	6,941
311,421	6,155
311,436	7,044
311,451	7,361
311,466	7,137
311,481	7,134
311,496	6,248
311,511	6,440
311,526	6,848
311,541	6,884
311,556	6,545
311,571	6,406
311,586	6,237
311,601	6,379
311,616	5,408
311,631	6,347
311,646	6,193
311,661	5,508
311,676	6,106
311,691	5,486
311,706	5,442
311,721	5,930
311,736	5,310
311,751	5,853
311,766	4,857
311,781	4,542
311,796	5,341
311,811	4,149
311,826	4,692
311,841	5,135
311,856	5,182
311,871	5,204
311,886	4,232
311,901	4,279
311,916	4,937
311,931	4,718
311,946	4,595
311,961	4,406
311,976	4,141
311,991	3,817
312,006	3,964
312,021	4,046
312,036	4,368
312,051	3,954
312,066	4,206
312,081	3,460
312,096	3,176
312,111	3,764
312,126	3,946
312,141	3,597
312,156	3,669
312,171	2,738
312,186	3,216
312,201	3,042
312,216	3,063
312,231	3,616
312,246	3,432
312,261	2,551
312,276	2,874
312,291	2,108
312,306	2,927
312,321	3,064
312,336	3,196
312,351	2,205
312,366	2,362
312,381	2,273
312,396	3,082
312,411	2,256
312,426	2,624
312,441	2,329
312,456	1,614
312,471	2,272
312,486	1,868
312,501	2,436
312,516	2,703
312,531	1,732
312,546	2,415
312,561	1,314
312,576	1,546
312,591	2,229
312,606	1,534
312,621	2,328
312,636	2,164
312,651	1,037
312,666	1,330
312,681	0,730
312,696	1,789
312,711	2,006
312,726	1,376
312,741	1,663
312,756	0,537
312,771	1,045
312,786	1,497
312,801	1,283
312,816	1,285
312,831	1,432
312,846	1,112
312,861	0,873
312,876	0,935
312,891	1,558
312,906	1,560
312,921	1,185
312,937	1,453
312,952	0,597
312,966	0,644
312,981	1,292
312,997	1,083
313,012	1,179
313,026	0,900
313,041	0,195
313,057	0,989
313,072	0,333
313,087	0,846
313,102	1,194
313,116	1,070
313,132	-0,001
313,147	0,557
313,162	0,262
313,177	1,086
313,192	0,892
313,207	0,954
313,222	0,915
313,237	0,170
313,252	0,357
313,267	-0,303
313,282	0,867
313,297	0,958
313,312	0,238
313,327	-0,463
313,342	0,532
313,357	0,528
313,372	0,801
313,387	0,897
313,402	0,829
313,417	0,570
313,432	-0,021
313,447	0,327
313,462	0,569
313,477	0,476
313,492	0,778
313,507	0,142
313,522	-0,548
313,537	-0,010
313,552	-0,299
313,567	0,575
313,582	0,567
313,597	0,077
313,612	0,620
313,627	-0,035
313,642	-0,004
313,657	0,444
313,672	-0,262
313,687	0,241
313,702	0,268
313,717	-0,512
313,732	-0,110
313,747	-0,429
313,762	0,274
313,777	0,366
313,792	-0,289
313,807	0,269
313,822	-0,020
313,837	0,057
313,852	0,223
313,867	0,185
313,882	0,522
313,897	-0,274
313,912	-0,708
313,927	-0,225
313,942	-0,580
313,957	0,189
313,972	0,376
313,987	0,197
314,002	0,259
314,017	-0,371
314,032	-0,289
314,047	0,194
314,062	0,225
314,077	0,367
314,092	0,013
314,107	-0,387
314,122	-0,351
314,137	-0,720
314,152	0,310
314,167	0,356
314,182	0,092
314,197	-0,614
314,212	-0,306
314,227	-0,370
314,242	0,585
314,257	0,260
314,272	0,352
314,287	-0,123
314,302	-0,678
314,317	-0,210
314,332	-0,670
314,347	-0,217
314,362	0,542
314,377	0,403
314,392	-0,754
314,407	0,466
314,422	0,413
314,437	0,514
314,452	0,421
314,467	0,041
314,482	-0,424
314,497	-0,623
314,512	-0,135
314,527	0,323
314,542	0,230
314,557	0,382
314,572	-0,068
314,587	-0,678
314,602	-0,155
314,617	-1,222
314,632	0,529
314,647	0,701
314,662	-0,751
314,677	0,564
314,692	0,140
314,707	0,041
314,722	0,468
314,737	0,555
314,752	0,592
314,767	0,358
314,782	-0,443
314,797	0,100
314,812	-0,159
314,827	0,590
314,842	0,727
314,857	-0,099
314,872	0,720
314,887	-0,176
314,902	0,161
314,917	0,915
314,933	-0,042
314,947	0,888
314,962	0,338
314,978	0,254
314,993	0,346
315,007	0,388
315,022	0,916
315,038	0,902
315,053	0,919
315,067	1,011
315,083	0,696
315,098	0,663
315,113	1,060
315,128	1,232
315,143	1,464
315,158	1,030
315,173	0,294
315,188	1,153
315,203	0,293
315,218	1,267
315,233	1,524
315,248	0,874
315,263	0,795
315,278	1,027
315,293	0,723
315,308	1,632
315,323	1,729
315,338	1,876
315,353	2,088
315,368	0,906
315,383	1,294
315,398	1,852
315,413	1,763
315,428	1,895
315,443	1,536
315,458	0,975
315,473	1,579
315,488	1,074
315,503	2,304
315,518	2,140
315,533	2,237
315,548	2,589
315,563	1,889
315,578	1,901
315,593	2,689
315,608	2,144
315,623	2,612
315,638	2,378
315,653	2,034
315,668	2,406
315,683	1,997
315,698	3,031
315,713	2,220
315,728	2,989
315,743	3,397
315,758	2,666
315,773	2,838
315,788	3,532
315,803	3,107
315,818	3,991
315,833	3,732
315,848	3,367
315,863	3,780
315,878	3,190
315,893	4,445
315,908	4,417
315,923	4,102
315,938	4,706
315,953	3,579
315,968	4,272
315,983	4,926
315,998	4,286
316,013	5,199
316,028	4,514
316,043	4,746
316,058	5,395
316,073	4,845
316,088	5,659
316,103	5,695
316,118	5,456
316,133	6,099
316,148	5,499
316,163	5,611
316,178	6,159
316,193	6,677
316,208	6,824
316,223	6,831
316,238	6,396
316,253	7,576
316,268	6,454
316,283	7,870
316,298	7,736
316,313	7,928
316,328	8,255
316,343	8,713
316,358	9,221
316,373	10,646
316,388	11,470
316,403	12,530
316,418	13,113
316,433	14,067
316,448	16,100
316,463	18,137
316,478	20,460
316,493	23,480
316,508	26,169
316,523	29,279
316,538	33,878
316,553	38,262
316,568	43,709
316,583	48,945
316,598	54,457
316,613	60,099
316,628	65,060
316,643	71,685
316,658	78,360
316,673	84,083
316,688	90,502
316,703	96,255
316,718	102,704
316,733	108,307
316,748	114,074
316,763	120,468
316,778	126,306
316,793	131,341
316,808	136,683
316,823	141,087
316,838	145,676
316,853	150,350
316,868	153,832
316,884	157,789
316,898	160,619
316,913	162,054
316,928	165,155
316,943	166,756
316,959	169,204
316,974	170,344
316,988	170,556
317,003	171,495
317,019	170,398
317,034	171,072
317,048	170,381
317,063	169,395
317,079	167,571
317,094	165,362
317,109	161,784
317,124	159,830
317,139	155,945
317,154	153,079
317,169	149,150
317,184	144,193
317,199	140,594
317,214	135,712
317,229	130,594
317,244	126,735
317,259	122,545
317,274	118,279
317,289	113,322
317,304	109,032
317,319	105,468
317,334	100,551
317,349	97,504
317,364	94,277
317,379	89,716
317,394	85,876
317,409	83,316
317,424	79,913
317,439	77,738
317,454	74,741
317,469	71,930
317,484	68,788
317,499	65,290
317,514	63,346
317,529	61,613
317,544	58,942
317,559	56,827
317,574	54,332
317,589	52,037
317,604	49,737
317,619	48,039
317,634	46,782
317,649	44,954
317,664	43,371
317,679	41,863
317,694	39,052
317,709	37,910
317,724	37,099
317,739	35,787
317,754	34,455
317,769	32,506
317,784	30,888
317,799	30,213
317,814	29,061
317,829	28,421
317,844	27,159
317,859	25,671
317,874	25,337
317,889	23,583
317,904	22,938
317,919	22,704
317,934	21,623
317,949	21,013
317,964	19,996
317,979	18,719
317,994	18,480
318,009	16,973
318,024	17,506
318,039	16,765
318,054	15,072
318,069	15,610
318,084	14,433
318,099	13,933
318,114	14,010
318,129	13,656
318,144	13,056
318,159	12,109
318,174	11,324
318,189	11,420
318,204	10,600
318,219	11,143
318,234	10,788
318,249	9,762
318,264	9,338
318,279	9,254
318,294	9,030
318,309	8,836
318,324	8,858
318,339	8,488
318,354	7,682
318,369	7,142
318,384	7,515
318,399	6,358
318,414	7,091
318,429	6,907
318,444	6,478
318,459	5,853
318,474	5,498
318,489	5,440
318,504	5,672
318,519	5,729
318,534	5,264
318,549	5,431
318,564	4,134
318,579	4,998
318,594	4,779
318,609	4,419
318,624	4,616
318,639	4,322
318,654	3,471
318,669	3,839
318,684	3,183
318,699	4,103
318,714	3,924
318,729	3,384
318,744	3,812
318,759	3,768
318,774	2,917
318,789	3,315
318,804	3,367
318,819	3,253
318,834	2,783
318,849	1,947
318,864	2,801
318,879	2,166
318,894	2,919
318,909	2,946
318,925	2,125
318,940	2,678
318,954	1,847
318,969	2,566
318,985	2,533
319,000	1,802
319,014	2,380
319,029	2,242
319,045	1,315
319,060	2,134
319,075	1,554
319,089	2,207
319,105	1,868
319,120	1,734
319,135	2,242
319,150	1,667
319,165	1,343
319,180	2,337
319,195	2,048
319,210	1,999
319,225	1,183
319,240	1,110
319,255	1,076
319,270	0,637
319,285	1,646
319,300	1,923
319,315	1,484
319,330	0,763
319,345	1,281
319,360	1,097
319,375	1,595
319,390	1,642
319,405	1,513
319,420	1,309
319,435	0,839
319,450	0,931
319,465	0,672
319,480	1,245
319,495	1,572
319,510	0,882
319,525	0,663
319,540	0,724
319,555	0,666
319,570	1,465
319,585	1,486
319,600	1,538
319,615	0,386
319,630	0,313
319,645	1,001
319,660	0,973
319,675	1,641
319,690	1,437
319,705	0,877
319,720	0,172
319,735	0,750
319,750	0,711
319,765	1,410
319,780	1,326
319,795	0,495
319,810	0,868
319,825	0,809
319,840	1,177
319,855	1,153
319,870	1,110
319,885	1,352
319,900	0,782
319,915	0,157
319,930	0,865
319,945	-0,071
319,960	1,164
319,975	0,930
319,990	-0,157
320,005	0,697
320,020	1,110
320,035	0,791
320,050	0,732
320,065	0,764
320,080	0,836
320,095	0,777
320,110	-0,335
320,125	0,675
320,140	-0,517
320,155	0,848
320,170	0,780
320,185	0,119
320,200	0,788
320,215	0,062
320,230	0,124
320,245	0,767
320,260	0,914
320,275	0,826
320,290	0,606
320,305	-0,270
320,320	0,268
320,335	-0,016
320,350	0,668
320,365	0,248
320,380	0,560
320,395	-0,025
320,410	0,147
320,425	0,139
320,440	0,772
320,455	0,879
320,470	0,911
320,485	0,536
320,500	-0,084
320,515	-0,168
320,530	0,892
320,545	0,798
320,560	0,699
320,575	0,621
320,590	-0,516
320,605	0,127
320,620	0,104
320,635	0,602
320,650	-0,399
320,665	0,695
320,680	0,376
320,695	0,162
320,710	0,354
320,725	0,601
320,740	0,638
320,755	0,730
320,770	0,656
320,785	-0,355
320,800	0,469
320,815	0,455
320,830	0,457
320,845	0,599
320,860	-0,292
320,875	0,426
320,890	-0,174
320,906	0,169
320,921	0,697
320,935	0,478
320,950	0,680
320,966	0,180
320,981	-0,300
320,995	0,740
321,010	-0,036
321,026	0,607
321,041	0,714
321,055	0,159
321,070	0,616
321,086	-0,415
321,101	-0,032
321,116	0,541
321,131	0,342
321,146	0,614
321,161	0,576
321,176	0,111
321,191	0,323
321,206	-0,071
321,221	0,678
321,236	0,328
321,251	-0,252
321,266	0,787
321,281	0,102
321,296	0,424
321,311	0,631
321,326	0,272
321,341	0,625
321,356	0,135
321,371	-0,135
321,386	0,158
321,401	-0,562
321,416	0,372
321,431	0,458
321,446	-0,282
321,461	-0,321
321,476	-0,269
321,491	-0,012
321,506	0,747
321,521	-0,044
321,536	0,710
321,551	0,711
321,566	-0,365
321,581	0,519
321,596	0,616
321,611	0,537
321,626	0,794
321,641	0,355
321,656	0,160
321,671	0,348
321,686	-0,172
321,701	0,471
321,716	0,793
321,731	0,971
321,746	0,686
321,761	-0,160
321,776	0,624
321,791	0,651
321,806	0,346
321,821	0,107
321,836	0,284
321,851	-0,045
321,866	0,473
321,881	-0,609
321,896	0,927
321,911	0,753
321,926	0,284
321,941	0,877
321,956	0,001
321,971	-0,023
321,986	0,781
322,001	0,567
322,016	0,719
322,031	0,816
322,046	-0,481
322,061	0,980
322,076	-0,037
322,091	0,988
322,106	1,059
322,121	0,188
322,136	0,847
322,151	-0,079
322,166	0,193
322,181	1,172
322,196	0,823
322,211	0,514
322,226	0,450
322,241	0,171
322,256	0,513
322,271	0,169
322,286	1,008
322,301	1,115
322,316	0,539
322,331	1,022
322,346	0,487
322,361	0,409
322,376	0,982
322,391	0,878
322,406	0,970
322,421	0,555
322,436	-0,055
322,451	0,704
322,466	0,405
322,481	0,827
322,496	1,085
322,511	0,439
322,526	0,511
322,541	0,583
322,556	0,228
322,571	1,142
322,586	0,968
322,601	1,301
322,616	0,801
322,631	-0,020
322,646	0,774
322,661	1,433
322,676	0,908
322,691	1,080
322,706	0,765
322,721	0,245
322,736	0,969
322,751	0,574
322,766	1,172
322,781	1,244
322,796	0,740
322,811	1,222
322,826	0,527
322,841	0,789
322,856	1,232
322,871	1,379
322,886	1,275
322,901	0,565
322,916	-0,075
322,932	0,488
322,947	0,640
322,962	1,488
322,976	1,345
322,991	0,554
323,007	1,393
323,022	0,472
323,036	1,180
323,051	1,703
323,067	0,838
323,082	1,341
323,097	1,382
323,111	0,837
323,127	1,295
323,142	0,514
323,157	1,494
323,172	1,520
323,187	1,141
323,202	1,172
323,217	0,632
323,232	1,351
323,247	1,483
323,262	1,685
323,277	1,576
323,292	1,131
323,307	0,903
323,322	1,561
323,337	0,499
323,352	1,654
323,367	1,671
323,382	1,201
323,397	1,072
323,412	1,174
323,427	1,727
323,442	1,989
323,457	1,830
323,472	2,098
323,487	1,482
323,502	0,652
323,517	1,506
323,532	0,720
323,547	2,070
323,562	1,801
323,577	0,740
323,592	1,378
323,607	1,124
323,622	1,020
323,637	1,779
323,652	2,011
323,667	1,802
323,682	1,533
323,697	0,878
323,712	1,566
323,727	2,204
323,742	1,795
323,757	2,142
323,772	1,677
323,787	0,912
323,802	1,375
323,817	1,963
323,832	2,265
323,847	1,921
323,862	1,300
323,877	2,190
323,892	1,083
323,907	2,012
323,922	1,949
323,937	1,324
323,952	1,982
323,967	1,557
323,982	1,028
323,997	1,014
324,012	1,171
324,027	2,185
324,042	2,202
324,057	1,607
324,072	2,235
324,087	1,650
324,102	1,275
324,117	2,244
324,132	2,176
324,147	1,761
324,162	1,532
324,177	1,042
324,192	1,631
324,207	1,447
324,222	2,010
324,237	1,971
324,252	1,637
324,267	1,914
324,282	1,625
324,297	1,551
324,312	2,490
324,327	0,928
324,342	2,539
324,357	1,437
324,372	1,564
324,387	2,137
324,402	1,687
324,417	2,602
324,432	2,563
324,447	1,501
324,462	1,744
324,477	1,189
324,492	2,012
324,507	2,550
324,522	1,484
324,537	2,694
324,552	2,570
324,567	1,469
324,582	2,574
324,597	1,602
324,612	2,722
324,627	2,663
324,642	2,264
324,657	2,050
324,672	2,136
324,687	1,852
324,702	2,736
324,717	2,778
324,732	2,689
324,747	2,696
324,762	1,764
324,777	2,553
324,792	2,795
324,807	2,877
324,822	2,739
324,837	2,289
324,852	1,889
324,867	1,866
324,882	2,153
324,897	2,671
324,912	2,863
324,928	2,067
324,942	2,515
324,957	1,855
324,973	2,433
324,988	2,785
325,002	2,291
325,017	2,949
325,033	2,755
325,048	2,065
325,062	2,994
325,077	2,278
325,093	3,122
325,108	2,933
325,123	2,383
325,138	2,831
325,153	2,116
325,168	2,749
325,183	3,051
325,198	2,707
325,213	3,160
325,228	2,795
325,243	2,200
325,258	3,074
325,273	2,223
325,288	2,842
325,303	3,179
325,318	2,348
325,333	3,353
325,348	2,391
325,363	2,739
325,378	3,212
325,393	3,279
325,408	3,320
325,423	3,056
325,438	2,361
325,453	3,230
325,468	2,404
325,483	3,107
325,498	3,445
325,513	2,875
325,528	2,796
325,543	2,437
325,558	2,719
325,573	3,588
325,588	3,264
325,603	3,476
325,618	3,447
325,633	2,842
325,648	3,470
325,663	3,647
325,678	3,493
325,693	3,460
325,708	2,970
325,723	2,696
325,738	3,063
325,753	3,602
325,768	3,738
325,783	3,720
325,798	3,702
325,813	3,287
325,828	2,787
325,843	2,974
325,858	3,688
325,873	3,564
325,888	3,631
325,903	3,075
325,918	2,992
325,933	3,003
325,948	3,155
325,963	3,854
325,978	3,770
325,993	3,025
326,008	3,919
326,023	2,998
326,038	3,786
326,053	3,958
326,068	4,005
326,083	3,911
326,098	3,397
326,113	3,132
326,128	4,102
326,143	3,406
326,158	3,899
326,173	4,051
326,188	3,366
326,203	4,049
326,218	2,968
326,233	3,596
326,248	3,964
326,263	3,995
326,278	3,912
326,293	3,462
326,308	3,067
326,323	3,585
326,338	3,567
326,353	4,310
326,368	4,181
326,383	3,431
326,398	4,360
326,413	3,399
326,428	3,516
326,443	4,144
326,458	3,860
326,473	4,293
326,488	4,535
326,503	3,363
326,518	4,167
326,533	3,752
326,548	4,481
326,563	4,482
326,578	3,947
326,593	3,568
326,608	3,850
326,623	3,887
326,638	4,465
326,653	4,577
326,668	4,609
326,683	4,640
326,698	3,799
326,713	4,418
326,728	4,575
326,743	4,636
326,758	4,738
326,773	4,083
326,788	4,561
326,803	3,740
326,818	4,213
326,833	4,681
326,848	3,559
326,863	4,764
326,878	4,019
326,893	4,025
326,908	4,563
326,923	4,790
326,938	4,676
326,954	4,688
326,969	4,489
326,983	3,768
326,998	3,931
327,014	3,827
327,029	4,791
327,043	4,888
327,058	4,187
327,074	4,630
327,089	4,065
327,103	4,353
327,119	5,086
327,134	4,757
327,149	5,019
327,164	4,489
327,179	3,874
327,194	5,119
327,209	4,584
327,224	5,072
327,239	5,013
327,254	4,147
327,269	5,087
327,284	4,090
327,299	4,689
327,314	5,282
327,329	4,983
327,344	5,114
327,359	4,966
327,374	4,561
327,389	5,365
327,404	4,494
327,419	5,343
327,434	5,234
327,449	4,909
327,464	4,931
327,479	4,466
327,494	4,829
327,509	5,552
327,524	5,359
327,539	5,746
327,554	5,261
327,569	4,681
327,584	5,535
327,599	5,030
327,614	5,699
327,629	5,535
327,644	4,649
327,659	4,957
327,674	4,752
327,689	5,767
327,704	5,633
327,719	5,815
327,734	5,721
327,749	5,733
327,764	4,732
327,779	5,320
327,794	5,933
327,809	5,919
327,824	5,971
327,839	4,935
327,854	4,886
327,869	5,008
327,884	5,576
327,899	5,979
327,914	6,146
327,929	5,380
327,944	5,998
327,959	5,318
327,974	5,495
327,989	6,119
328,004	5,955
328,019	5,505
328,034	5,742
328,049	5,568
328,064	5,795
328,079	5,787
328,094	6,179
328,109	6,422
328,124	5,180
328,139	5,989
328,154	5,529
328,169	6,022
328,184	6,019
328,199	6,095
328,214	6,563
328,229	5,517
328,244	5,247
328,259	6,302
328,274	5,832
328,289	6,490
328,304	6,407
328,319	5,741
328,334	6,580
328,349	5,559
328,364	6,463
328,379	6,725
328,394	6,145
328,409	6,804
328,424	6,324
328,439	5,669
328,454	6,513
328,469	6,103
328,484	6,907
328,499	6,898
328,514	6,132
328,529	6,244
328,544	5,830
328,559	6,709
328,574	6,424
328,589	6,887
328,604	7,115
328,619	6,555
328,634	5,970
328,649	6,643
328,664	6,213
328,679	7,012
328,694	6,392
328,709	6,609
328,724	7,057
328,739	6,692
328,754	6,849
328,769	6,916
328,784	6,596
328,799	7,265
328,814	6,525
328,829	6,240
328,844	7,129
328,859	7,211
328,875	7,323
328,889	7,214
328,904	6,494
328,920	5,974
328,935	6,371
328,950	6,789
328,964	7,347
328,979	7,454
328,995	6,348
329,010	7,467
329,024	7,178
329,039	7,154
329,055	7,392
329,070	7,448
329,084	7,510
329,099	6,754
329,115	6,200
329,130	7,104
329,145	6,804
329,160	7,749
329,175	7,650
329,190	7,250
329,205	7,071
329,220	6,707
329,235	7,104
329,250	7,703
329,265	7,594
329,280	8,122
329,295	6,880
329,310	6,851
329,325	7,725
329,340	7,396
329,355	7,818
329,370	6,948
329,385	7,160
329,400	8,224
329,415	8,020
329,430	7,561
329,445	8,134
329,460	7,890
329,475	8,363
329,490	7,762
329,505	7,478
329,520	8,277
329,535	7,697
329,550	8,355
329,565	8,352
329,580	7,737
329,595	7,879
329,610	7,780
329,625	8,323
329,640	8,595
329,655	8,511
329,670	8,678
329,685	8,675
329,700	8,030
329,715	8,849
329,730	7,847
329,745	8,716
329,760	8,903
329,775	7,827
329,790	8,054
329,805	7,594
329,820	8,443
329,835	8,756
329,850	8,371
329,865	9,020
329,880	8,469
329,895	7,839
329,910	8,784
329,925	9,091
329,940	8,952
329,955	8,949
329,970	8,449
329,985	7,879
330,000	8,417
