285,000	33,082
285,015	32,457
285,030	32,412
285,045	33,206
285,060	33,052
285,075	33,585
285,090	33,194
285,105	32,649
285,120	33,096
285,135	33,093
285,150	33,896
285,165	34,068
285,180	33,578
285,195	34,221
285,210	33,826
285,225	33,360
285,240	34,585
285,255	33,819
285,270	34,532
285,285	34,318
285,300	33,417
285,315	34,606
285,330	33,574
285,345	34,819
285,360	34,971
285,375	33,889
285,390	35,229
285,405	33,640
285,420	33,872
285,435	35,162
285,450	35,279
285,465	34,999
285,480	35,181
285,495	34,244
285,510	34,741
285,525	34,086
285,540	35,672
285,555	35,322
285,570	34,616
285,585	34,291
285,600	34,874
285,615	34,404
285,630	35,373
285,645	35,364
285,660	35,295
285,675	35,497
285,690	34,625
285,705	34,732
285,720	35,335
285,735	35,216
285,750	35,327
285,765	35,052
285,780	34,236
285,795	34,634
285,810	34,183
285,825	35,193
285,840	34,968
285,855	35,079
285,870	35,061
285,885	34,244
285,901	34,075
285,916	34,899
285,930	34,669
285,945	35,071
285,961	33,859
285,976	33,810
285,990	34,182
286,005	34,429
286,021	34,631
286,036	34,722
286,050	33,966
286,065	34,354
286,080	33,994
286,096	33,669
286,111	34,297
286,125	33,666
286,141	34,154
286,156	33,909
286,171	32,727
286,186	33,215
286,201	32,624
286,216	34,035
286,231	33,760
286,246	33,249
286,261	33,607
286,276	32,314
286,291	32,701
286,306	33,264
286,321	32,729
286,336	33,257
286,351	32,756
286,366	32,080
286,381	32,483
286,396	31,687
286,411	32,696
286,426	32,727
286,441	32,407
286,456	32,378
286,471	31,356
286,486	31,638
286,501	32,382
286,516	32,238
286,531	32,068
286,546	32,285
286,561	31,193
286,576	31,114
286,591	30,488
286,606	31,316
286,621	31,318
286,636	30,968
286,651	30,197
286,666	30,559
286,681	30,270
286,696	30,792
286,711	30,508
286,726	30,820
286,741	30,751
286,756	29,719
286,771	29,675
286,786	30,403
286,801	29,592
286,816	30,225
286,831	29,800
286,846	28,788
286,861	29,611
286,876	28,720
286,891	29,503
286,906	29,530
286,921	28,769
286,936	29,276
286,951	28,280
286,966	28,125
286,981	28,994
286,996	28,563
287,011	28,159
287,026	28,080
287,041	27,509
287,056	27,997
287,071	27,271
287,086	27,458
287,101	28,036
287,116	27,249
287,131	27,827
287,146	26,549
287,161	26,776
287,176	27,244
287,191	26,347
287,206	27,056
287,221	26,520
287,236	25,684
287,251	25,891
287,266	25,405
287,281	26,199
287,296	26,305
287,311	25,630
287,326	26,117
287,341	25,331
287,356	25,282
287,371	25,830
287,386	25,590
287,401	25,451
287,416	25,497
287,431	24,260
287,446	24,777
287,461	24,292
287,476	24,630
287,491	24,917
287,506	24,446
287,521	23,981
287,536	23,501
287,551	23,336
287,566	24,356
287,581	24,327
287,596	24,157
287,611	23,818
287,626	23,102
287,641	22,977
287,656	22,863
287,671	23,361
287,686	23,417
287,701	22,756
287,716	22,161
287,731	22,463
287,746	22,444
287,761	22,841
287,776	22,872
287,791	22,493
287,806	22,684
287,821	21,427
287,836	21,348
287,851	22,242
287,866	21,736
287,881	22,003
287,897	21,974
287,911	20,993
287,926	21,034
287,942	20,574
287,957	21,452
287,971	21,418
287,986	20,873
288,002	21,055
288,017	20,138
288,031	19,703
288,046	20,667
288,062	20,031
288,077	20,509
288,092	20,540
288,107	19,739
288,122	19,219
288,137	19,109
288,152	20,094
288,167	19,909
288,182	19,193
288,197	19,846
288,212	18,448
288,227	18,766
288,242	19,459
288,257	19,064
288,272	19,255
288,287	18,564
288,302	18,004
288,317	18,687
288,332	17,906
288,347	19,021
288,362	18,861
288,377	18,652
288,392	18,653
288,407	18,067
288,422	17,913
288,437	18,265
288,452	18,286
288,467	18,157
288,482	18,444
288,497	17,317
288,512	17,313
288,527	16,642
288,542	18,218
288,557	17,949
288,572	16,987
288,587	16,773
288,602	16,889
288,617	16,820
288,632	17,749
288,647	17,514
288,662	17,310
288,677	16,810
288,692	16,695
288,707	16,406
288,722	16,151
288,737	16,689
288,752	17,116
288,767	16,686
288,782	16,001
288,797	16,302
288,812	15,652
288,827	16,600
288,842	16,767
288,857	16,593
288,872	16,529
288,887	15,668
288,902	16,000
288,917	16,557
288,932	16,544
288,947	16,444
288,962	16,566
288,977	15,554
288,992	16,583
289,007	15,802
289,022	16,510
289,037	16,010
289,052	15,911
289,067	16,389
289,082	15,437
289,097	15,599
289,112	16,237
289,127	15,415
289,142	16,154
289,157	16,085
289,172	15,178
289,187	16,002
289,202	15,451
289,217	15,934
289,232	16,136
289,247	16,037
289,262	16,263
289,277	15,527
289,292	15,448
289,307	16,438
289,322	15,536
289,337	16,309
289,352	16,396
289,367	15,208
289,382	15,786
289,397	15,447
289,412	16,170
289,427	16,362
289,442	16,192
289,457	16,474
289,472	15,788
289,487	15,529
289,502	16,533
289,517	16,564
289,532	16,721
289,547	16,627
289,562	15,815
289,577	15,822
289,592	15,682
289,607	15,919
289,622	16,993
289,637	16,558
289,652	15,737
289,667	16,802
289,682	15,695
289,697	16,804
289,712	17,026
289,727	16,911
289,742	16,938
289,757	15,996
289,772	16,298
289,787	17,312
289,802	16,436
289,817	17,270
289,832	16,759
289,847	16,339
289,862	17,358
289,877	16,883
289,892	17,551
289,907	17,688
289,923	17,498
289,937	17,555
289,952	16,854
289,967	16,835
289,983	17,734
289,998	16,802
290,012	17,581
290,027	17,707
290,043	16,580
290,058	17,715
290,072	16,758
290,088	17,381
290,103	17,613
290,118	17,549
290,133	17,670
290,148	17,310
290,163	17,026
290,178	17,764
290,193	17,068
290,208	17,576
290,223	17,286
290,238	16,510
290,253	16,847
290,268	16,678
290,283	17,511
290,298	17,478
290,313	16,721
290,328	17,028
290,343	16,563
290,358	16,369
290,373	16,982
290,388	16,878
290,403	16,638
290,418	15,466
290,433	15,713
290,448	15,714
290,463	14,968
290,478	15,987
290,493	15,878
290,508	15,679
290,523	15,650
290,538	14,723
290,553	14,122
290,568	14,826
290,583	14,691
290,598	14,863
290,613	14,563
290,628	13,602
290,643	13,171
290,658	12,606
290,673	13,189
290,688	13,396
290,703	12,550
290,718	11,703
290,733	12,206
290,748	11,896
290,763	12,128
290,778	12,184
290,793	11,929
290,808	11,324
290,823	10,769
290,838	10,584
290,853	10,896
290,868	10,717
290,883	10,703
290,898	10,418
290,913	10,374
290,928	9,438
290,943	8,681
290,958	9,340
290,973	9,326
290,988	9,262
291,003	9,158
291,018	8,266
291,033	7,670
291,048	8,339
291,063	8,365
291,078	8,261
291,093	8,277
291,108	7,230
291,123	7,683
291,138	6,881
291,153	7,615
291,168	7,476
291,183	6,760
291,198	7,122
291,213	6,265
291,228	6,628
291,243	6,849
291,258	6,134
291,273	6,787
291,288	5,840
291,303	6,082
291,318	6,153
291,333	4,730
291,348	5,784
291,363	5,881
291,378	5,165
291,393	5,953
291,408	4,846
291,423	4,481
291,438	5,456
291,453	5,487
291,468	5,308
291,483	4,847
291,498	4,497
291,513	4,333
291,528	3,863
291,543	4,611
291,558	4,753
291,573	4,232
291,588	4,550
291,603	4,019
291,618	3,328
291,633	4,458
291,648	4,384
291,663	4,219
291,678	4,030
291,693	3,640
291,708	3,290
291,723	3,276
291,738	3,894
291,753	3,745
291,768	3,625
291,783	2,483
291,798	3,297
291,813	3,118
291,828	3,626
291,843	3,571
291,858	3,437
291,873	3,458
291,889	2,507
291,903	2,037
291,918	3,382
291,933	2,455
291,949	3,364
291,964	2,919
291,978	1,792
291,993	2,635
292,009	2,220
292,024	2,964
292,038	3,035
292,053	2,389
292,068	2,797
292,084	2,291
292,099	1,926
292,114	2,790
292,129	2,310
292,144	2,602
292,159	2,753
292,174	1,516
292,189	2,335
292,204	1,348
292,219	2,257
292,234	2,489
292,249	2,033
292,264	2,461
292,279	1,775
292,294	1,224
292,309	1,988
292,324	1,252
292,339	2,271
292,354	1,675
292,369	1,396
292,384	1,648
292,399	0,882
292,414	1,710
292,429	2,087
292,444	1,963
292,459	1,909
292,474	1,439
292,489	0,879
292,504	1,486
292,519	1,703
292,534	1,659
292,549	1,204
292,564	0,990
292,579	0,981
292,594	0,616
292,609	1,289
292,624	1,446
292,639	1,131
292,654	0,490
292,669	0,943
292,684	0,473
292,699	1,346
292,714	1,292
292,729	1,263
292,744	0,487
292,759	0,674
292,774	0,334
292,789	0,095
292,804	0,472
292,819	1,135
292,834	0,956
292,849	0,581
292,864	0,442
292,879	0,037
292,894	0,745
292,909	1,137
292,924	0,862
292,939	0,823
292,954	0,388
292,969	-0,012
292,984	0,847
292,999	-0,034
293,014	0,629
293,029	0,655
293,044	0,120
293,059	0,040
293,074	0,378
293,089	0,258
293,104	0,736
293,119	-0,150
293,134	0,663
293,149	-0,198
293,164	-0,433
293,179	0,707
293,194	-0,014
293,209	0,243
293,224	0,439
293,239	-0,191
293,254	-0,120
293,269	-0,495
293,284	0,113
293,299	0,285
293,314	0,286
293,329	0,202
293,344	-0,003
293,359	-0,869
293,374	0,296
293,389	-0,621
293,404	0,283
293,419	0,390
293,434	-0,447
293,449	0,026
293,464	-0,901
293,479	-0,042
293,494	0,265
293,509	-0,290
293,524	-0,044
293,539	-0,755
293,554	-1,104
293,569	-0,672
293,584	-0,445
293,599	-0,133
293,614	0,033
293,629	-0,798
293,644	-0,802
293,659	-1,036
293,674	-0,313
293,689	-0,271
293,704	-0,646
293,719	-1,377
293,734	-0,699
293,749	-1,265
293,764	-0,792
293,779	-0,425
293,794	-0,424
293,809	-0,337
293,824	-0,903
293,839	-0,771
293,854	-1,402
293,869	-1,371
293,884	-0,442
293,899	-0,431
293,914	-1,603
293,930	-1,000
293,945	-1,264
293,959	-0,767
293,974	-0,540
293,990	-0,830
294,005	-1,977
294,019	-0,436
294,034	-1,368
294,050	-0,715
294,065	-1,586
294,079	-0,893
294,094	-1,283
294,110	-1,889
294,125	-0,593
294,140	-1,485
294,155	-1,489
294,170	-0,736
294,185	-0,820
294,200	-1,014
294,215	-1,178
294,230	-1,047
294,245	-0,925
294,260	-1,741
294,275	-1,113
294,290	-1,127
294,305	-1,477
294,320	-1,747
294,335	-2,117
294,350	-1,780
294,365	-1,197
294,380	-1,075
294,395	-1,270
294,410	-1,855
294,425	-1,663
294,440	-1,346
294,455	-1,771
294,470	-1,083
294,485	-1,187
294,500	-2,375
294,515	-2,033
294,530	-2,508
294,545	-1,664
294,560	-1,317
294,575	-1,912
294,590	-1,229
294,605	-2,371
294,620	-2,049
294,635	-1,662
294,650	-1,260
294,665	-1,580
294,680	-1,448
294,695	-2,194
294,710	-2,464
294,725	-2,478
294,740	-2,296
294,755	-1,768
294,770	-1,526
294,785	-2,222
294,800	-2,171
294,815	-2,786
294,830	-1,998
294,845	-1,510
294,860	-1,675
294,875	-1,543
294,890	-2,435
294,905	-1,816
294,920	-1,585
294,935	-2,336
294,950	-1,442
294,965	-1,371
294,980	-2,538
294,995	-1,564
295,010	-2,335
295,025	-1,872
295,040	-1,375
295,055	-1,800
295,070	-1,568
295,085	-1,858
295,100	-2,338
295,115	-1,760
295,130	-2,125
295,145	-1,717
295,160	-1,506
295,175	-2,442
295,190	-1,739
295,205	-2,876
295,220	-1,656
295,235	-1,711
295,250	-2,757
295,265	-1,447
295,280	-1,963
295,295	-2,142
295,310	-1,424
295,325	-2,125
295,340	-1,417
295,355	-1,220
295,370	-1,795
295,385	-1,393
295,400	-2,505
295,415	-1,270
295,430	-1,369
295,445	-1,273
295,460	-1,272
295,475	-1,862
295,490	-1,971
295,505	-1,860
295,520	-1,147
295,535	-1,191
295,550	-1,932
295,565	-2,191
295,580	-1,889
295,595	-2,074
295,610	-1,977
295,625	-1,143
295,640	-1,864
295,655	-1,066
295,670	-1,030
295,685	-1,871
295,700	-1,057
295,715	-0,941
295,730	-1,371
295,745	-0,969
295,760	-1,539
295,775	-1,583
295,790	-2,249
295,805	-1,185
295,820	-1,279
295,835	-0,972
295,850	-1,788
295,865	-0,658
295,880	-1,776
295,895	-0,731
295,911	-0,810
295,925	-0,674
295,940	-0,673
295,955	-1,915
295,971	-1,483
295,986	-0,408
296,000	-1,460
296,015	-0,451
296,031	-1,122
296,046	-1,492
296,060	-0,824
296,075	-1,334
296,091	-0,560
296,106	-0,394
296,121	-0,443
296,136	-0,316
296,151	-1,002
296,166	-1,277
296,181	-0,348
296,196	-1,380
296,211	-0,270
296,226	-0,585
296,241	-1,266
296,256	-0,392
296,271	-0,832
296,286	-0,957
296,301	-0,233
296,316	-0,478
296,331	-0,050
296,346	-1,398
296,361	-0,780
296,376	-0,202
296,391	-0,693
296,406	-0,049
296,421	-0,339
296,436	-0,689
296,451	-0,572
296,466	-1,153
296,481	-0,861
296,496	0,208
296,511	-0,543
296,526	0,191
296,541	-0,355
296,556	-0,519
296,571	-0,217
296,586	0,306
296,601	0,151
296,616	-0,640
296,631	-0,333
296,646	-1,039
296,661	-0,391
296,676	-0,289
296,691	0,314
296,706	-0,342
296,721	0,261
296,736	-0,034
296,751	-0,338
296,766	0,305
296,781	0,366
296,796	0,518
296,811	0,760
296,826	-0,418
296,841	-0,231
296,856	0,206
296,871	-0,299
296,886	0,469
296,901	0,190
296,916	0,181
296,931	0,107
296,946	-0,208
296,961	0,460
296,976	0,642
296,991	0,678
297,006	0,679
297,021	-0,533
297,036	-0,482
297,051	0,813
297,066	0,253
297,081	0,675
297,096	0,701
297,111	0,241
297,126	0,769
297,141	0,083
297,156	0,350
297,171	0,883
297,186	0,849
297,201	0,765
297,216	0,465
297,231	0,206
297,246	0,974
297,261	0,649
297,276	1,282
297,291	1,073
297,306	0,181
297,321	1,045
297,336	0,299
297,351	0,441
297,366	0,527
297,381	0,618
297,396	1,191
297,411	0,957
297,426	-0,070
297,441	0,914
297,456	0,544
297,471	1,192
297,486	1,193
297,501	0,763
297,516	0,479
297,531	0,364
297,546	0,711
297,561	1,129
297,576	1,366
297,591	1,603
297,606	0,726
297,621	0,126
297,636	1,300
297,651	1,452
297,666	1,152
297,681	1,650
297,696	0,688
297,711	0,734
297,726	0,194
297,741	0,867
297,756	1,661
297,771	1,572
297,786	0,600
297,801	1,158
297,816	0,798
297,831	1,020
297,846	1,783
297,861	1,789
297,876	1,685
297,891	1,100
297,906	1,141
297,921	0,896
297,937	0,938
297,952	1,942
297,966	2,194
297,981	0,881
297,997	1,439
298,012	0,943
298,026	1,902
298,041	1,954
298,057	1,749
298,072	1,785
298,087	1,571
298,102	1,612
298,116	2,020
298,132	1,660
298,147	2,097
298,162	2,209
298,177	1,794
298,192	2,633
298,207	1,280
298,222	2,489
298,237	2,560
298,252	2,592
298,267	2,593
298,282	2,153
298,297	2,029
298,312	2,882
298,327	1,735
298,342	2,820
298,357	3,137
298,372	2,055
298,387	2,357
298,402	2,192
298,417	2,524
298,432	3,248
298,447	3,384
298,462	3,601
298,477	3,046
298,492	2,390
298,507	3,570
298,522	3,380
298,537	4,008
298,552	3,543
298,567	3,610
298,582	3,681
298,597	4,068
298,612	4,536
298,627	5,184
298,642	5,531
298,657	5,853
298,672	5,749
298,687	5,660
298,702	7,798
298,717	8,837
298,732	10,041
298,747	11,798
298,762	14,041
298,777	16,309
298,792	18,241
298,807	21,903
298,822	26,969
298,837	31,057
298,852	35,065
298,867	41,215
298,882	45,333
298,897	52,164
298,912	58,204
298,927	64,263
298,942	70,111
298,957	76,527
298,972	81,999
298,987	88,063
299,002	94,378
299,017	100,503
299,032	105,328
299,047	109,672
299,062	114,663
299,077	117,312
299,092	121,210
299,107	123,077
299,122	124,989
299,137	125,887
299,152	125,116
299,167	123,723
299,182	123,323
299,197	120,667
299,212	119,073
299,227	116,768
299,242	113,629
299,257	111,348
299,272	107,468
299,287	105,383
299,302	102,495
299,317	99,217
299,332	96,500
299,347	93,503
299,362	89,597
299,377	87,843
299,392	84,544
299,407	82,454
299,422	79,712
299,437	76,474
299,452	73,210
299,467	71,040
299,482	68,985
299,497	67,196
299,512	64,960
299,527	62,825
299,542	60,093
299,557	57,918
299,572	56,706
299,587	54,109
299,602	52,661
299,617	51,152
299,632	48,596
299,647	47,454
299,662	45,369
299,677	43,515
299,692	42,869
299,707	41,631
299,722	40,033
299,737	38,103
299,752	36,459
299,767	35,518
299,782	34,722
299,797	33,494
299,812	32,502
299,827	30,929
299,842	29,766
299,857	28,464
299,872	27,929
299,887	27,704
299,902	26,632
299,917	25,349
299,933	25,064
299,947	23,526
299,962	23,352
299,978	22,756
299,993	22,171
300,007	21,525
300,022	20,358
300,038	19,185
300,053	19,146
300,067	18,165
300,083	18,236
300,098	17,630
300,113	16,097
300,128	16,695
300,143	15,257
300,158	15,383
300,173	15,359
300,188	14,618
300,203	14,499
300,218	13,282
300,233	12,912
300,248	13,033
300,263	11,941
300,278	12,434
300,293	11,933
300,308	11,323
300,323	11,339
300,338	10,443
300,353	11,025
300,368	10,560
300,383	10,185
300,398	10,287
300,413	9,275
300,428	8,915
300,443	9,132
300,458	8,541
300,473	8,984
300,488	8,554
300,503	8,053
300,518	7,899
300,533	6,717
300,548	7,340
300,563	7,847
300,578	7,487
300,593	7,609
300,608	6,958
300,623	6,032
300,638	6,319
300,653	6,490
300,668	6,587
300,683	6,302
300,698	5,150
300,713	5,296
300,728	5,594
300,743	5,755
300,758	5,791
300,773	5,612
300,788	5,608
300,803	5,108
300,818	4,106
300,833	5,210
300,848	5,111
300,863	5,093
300,878	4,988
300,893	3,736
300,908	3,968
300,923	3,819
300,938	3,835
300,953	4,723
300,968	4,343
300,983	3,542
300,998	4,296
301,013	3,143
301,028	3,581
301,043	4,068
301,058	3,939
301,073	3,976
301,088	3,581
301,103	2,995
301,118	3,703
301,133	3,128
301,148	3,680
301,163	3,576
301,178	2,630
301,193	3,042
301,208	1,955
301,223	3,275
301,238	3,246
301,253	2,891
301,268	3,173
301,283	2,478
301,298	2,348
301,313	2,771
301,328	2,170
301,343	2,893
301,358	2,859
301,373	2,525
301,388	2,932
301,403	2,106
301,418	2,804
301,433	2,720
301,448	2,139
301,463	2,722
301,478	2,834
301,493	1,140
301,508	1,983
301,523	1,819
301,538	2,292
301,553	2,178
301,568	1,196
301,583	1,217
301,598	1,474
301,613	1,766
301,628	2,314
301,643	2,285
301,658	2,221
301,673	2,167
301,688	1,060
301,703	2,104
301,718	2,130
301,733	1,976
301,748	2,148
301,763	1,457
301,778	1,573
301,793	0,752
301,808	1,139
301,823	1,873
301,838	1,989
301,853	2,101
301,868	1,876
301,884	1,220
301,898	1,568
301,913	1,804
301,928	1,685
301,943	1,616
301,959	1,146
301,974	1,052
301,988	0,913
302,003	0,974
302,019	1,557
302,034	1,433
302,048	0,571
302,063	1,415
302,079	0,885
302,094	1,402
302,109	1,674
302,124	1,359
302,139	1,310
302,154	0,910
302,169	0,390
302,184	1,023
302,199	0,598
302,214	1,462
302,229	1,669
302,244	0,797
302,259	1,410
302,274	0,117
302,289	0,535
302,304	1,173
302,319	1,274
302,334	1,160
302,349	0,921
302,364	-0,066
302,379	0,657
302,394	0,719
302,409	1,206
302,424	1,268
302,439	0,582
302,454	1,230
302,469	0,479
302,484	0,761
302,499	0,998
302,514	0,402
302,529	0,915
302,544	0,991
302,559	0,009
302,574	1,014
302,589	-0,023
302,604	0,991
302,619	0,892
302,634	0,481
302,649	0,824
302,664	-0,078
302,679	0,816
302,694	0,988
302,709	0,547
302,724	0,920
302,739	0,956
302,754	-0,206
302,769	0,597
302,784	0,423
302,799	0,906
302,814	0,801
302,829	0,316
302,844	0,032
302,859	0,033
302,874	0,355
302,889	0,938
302,904	0,824
302,919	-0,108
302,934	0,540
302,949	-0,462
302,964	-0,039
302,979	0,940
302,994	0,755
303,009	0,701
303,024	-0,175
303,039	-0,134
303,054	-0,112
303,069	-0,151
303,084	0,677
303,099	0,703
303,114	-0,023
303,129	0,706
303,144	-0,086
303,159	0,261
303,174	0,594
303,189	0,595
303,204	0,446
303,219	0,036
303,234	-0,249
303,249	0,434
303,264	-0,091
303,279	0,567
303,294	0,493
303,309	-0,002
303,324	0,530
303,339	-0,070
303,354	-0,305
303,369	0,514
303,384	-0,022
303,399	0,491
303,414	0,633
303,429	-0,610
303,444	0,545
303,459	-0,281
303,474	0,367
303,489	0,634
303,504	-0,097
303,519	-0,507
303,534	-0,341
303,549	0,257
303,564	0,489
303,579	-0,252
303,594	0,361
303,609	0,277
303,624	-0,685
303,639	0,003
303,654	-0,211
303,669	0,482
303,684	0,538
303,699	-0,268
303,714	-0,342
303,729	-0,315
303,744	-0,334
303,759	0,273
303,774	0,500
303,789	0,286
303,804	-0,275
303,819	-0,574
303,834	0,164
303,849	0,331
303,864	0,392
303,879	0,484
303,894	-0,639
303,909	-0,633
303,925	-0,682
303,940	-0,485
303,954	0,479
303,969	0,210
303,985	-0,431
304,000	0,187
304,014	-0,529
304,029	0,134
304,045	0,160
304,060	-0,084
304,075	0,198
304,089	-0,072
304,105	-0,713
304,120	-0,140
304,135	-0,093
304,150	0,274
304,165	0,220
304,180	-0,401
304,195	-0,234
304,210	-0,704
304,225	-0,081
304,240	0,276
304,255	0,071
304,270	0,263
304,285	-0,297
304,300	-0,838
304,315	0,071
304,330	-0,509
304,345	-0,006
304,360	-0,091
304,375	-0,521
304,390	0,207
304,405	-0,709
304,420	-0,452
304,435	0,191
304,450	0,357
304,465	0,379
304,480	-0,688
304,495	-0,983
304,510	-0,079
304,525	-0,464
304,540	-0,012
304,555	0,386
304,570	-0,476
304,585	-0,625
304,600	-0,759
304,615	-0,442
304,630	0,311
304,645	0,493
304,660	0,153
304,675	0,220
304,690	-0,817
304,705	0,282
304,720	-0,464
304,735	-0,202
304,750	0,386
304,765	-0,390
304,780	-0,484
304,795	-1,060
304,810	0,240
304,825	0,256
304,840	0,127
304,855	0,459
304,870	-0,161
304,885	-0,697
304,900	-0,440
304,915	0,269
304,930	-0,222
304,945	0,191
304,960	-0,099
304,975	-0,449
304,990	-0,633
305,005	-0,547
305,020	0,307
305,035	0,533
305,050	0,078
305,065	-0,207
305,080	-0,837
305,095	-0,219
305,110	0,239
305,125	0,059
305,140	0,136
305,155	0,347
305,170	-0,700
305,185	0,099
305,200	-0,888
305,215	0,583
305,230	0,268
305,245	-0,167
305,260	0,401
305,275	-0,410
305,290	-0,168
305,305	0,149
305,320	-0,236
305,335	0,066
305,350	0,372
305,365	-1,066
305,380	0,485
305,395	-0,386
305,410	0,287
305,425	0,379
305,440	0,014
305,455	0,306
305,470	-0,466
305,485	-0,444
305,500	0,244
305,515	0,165
305,530	0,296
305,545	-0,174
305,560	-0,895
305,575	-0,603
305,590	-0,481
305,605	0,533
305,620	0,379
305,635	-0,398
305,650	-0,527
305,665	-0,596
305,680	-0,419
305,695	0,224
305,710	0,436
305,725	0,256
305,740	-0,224
305,755	-0,408
305,770	0,415
305,785	0,211
305,800	0,302
305,815	0,449
305,830	-0,513
305,845	-0,251
305,860	-0,731
305,875	-0,635
305,890	0,259
305,906	0,391
305,921	0,407
305,935	0,343
305,950	-0,423
305,966	-0,362
305,981	0,627
305,995	0,328
306,010	0,143
306,026	0,014
306,041	0,075
306,055	-0,626
306,070	-0,414
306,086	0,200
306,101	0,231
306,116	-0,340
306,131	0,007
306,146	-0,573
306,161	0,090
306,176	0,412
306,191	0,147
306,206	0,399
306,221	0,310
306,236	0,437
306,251	0,493
306,266	-0,133
306,281	0,155
306,296	0,361
306,311	-0,310
306,326	0,599
306,341	-0,583
306,356	-0,326
306,371	0,231
306,386	-0,199
306,401	0,284
306,416	0,351
306,431	0,317
306,446	0,313
306,461	-0,328
306,476	-0,111
306,491	0,075
306,506	-0,034
306,521	0,484
306,536	0,074
306,551	0,206
306,566	0,362
306,581	0,379
306,596	0,249
306,611	0,200
306,626	0,412
306,641	0,353
306,656	-0,985
306,671	0,395
306,686	-0,005
306,701	-0,199
306,716	-0,343
306,731	-0,066
306,746	-0,311
306,761	0,413
306,776	0,148
306,791	0,365
306,806	0,431
306,821	-0,736
306,836	0,127
306,851	0,339
306,866	0,511
306,881	0,367
306,896	-0,299
306,911	-0,388
306,926	-0,121
306,941	-0,381
306,956	0,267
306,971	0,469
306,986	0,255
307,001	-0,090
307,016	0,387
307,031	0,067
307,046	0,811
307,061	0,100
307,076	0,237
307,091	-0,053
307,106	-1,025
307,121	-0,081
307,136	-0,301
307,151	0,338
307,166	0,449
307,181	-0,267
307,196	0,517
307,211	-0,239
307,226	-0,238
307,241	0,219
307,256	0,210
307,271	0,437
307,286	0,408
307,301	-0,308
307,316	0,350
307,331	-0,762
307,346	0,398
307,361	0,600
307,376	-0,267
307,391	0,582
307,406	-0,425
307,421	0,168
307,436	0,445
307,451	0,537
307,466	0,438
307,481	-0,228
307,496	-0,563
307,511	0,536
307,526	-0,406
307,541	0,097
307,556	0,384
307,571	0,160
307,586	0,502
307,601	-0,681
307,616	-0,449
307,631	0,536
307,646	0,462
307,661	0,317
307,676	0,148
307,691	-0,578
307,706	0,612
307,721	-0,400
307,736	0,719
307,751	0,655
307,766	0,225
307,781	-0,671
307,796	-0,319
307,811	0,133
307,826	0,521
307,841	0,567
307,856	0,628
307,871	0,434
307,886	-0,387
307,901	0,291
307,916	0,593
307,932	0,594
307,947	0,806
307,962	-0,116
307,976	-0,125
307,991	-0,168
308,007	-0,042
308,022	0,817
308,036	0,893
308,051	0,132
308,067	0,635
308,082	-0,507
308,097	0,547
308,111	0,779
308,127	0,409
308,142	0,841
308,157	0,867
308,172	-0,179
308,187	0,649
308,202	-0,222
308,217	0,631
308,232	0,908
308,247	0,057
308,262	0,815
308,277	0,095
308,292	0,111
308,307	0,749
308,322	0,404
308,337	0,786
308,352	0,336
308,367	-0,335
308,382	-0,012
308,397	-0,292
308,412	0,842
308,427	1,029
308,442	0,218
308,457	0,796
308,472	-0,181
308,487	0,382
308,502	0,829
308,517	0,735
308,532	0,776
308,547	0,893
308,562	-0,214
308,577	0,394
308,592	0,124
308,607	0,883
308,622	0,623
308,637	0,283
308,652	0,861
308,667	-0,196
308,682	0,091
308,697	1,095
308,712	0,816
308,727	1,078
308,742	0,527
308,757	-0,088
308,772	0,830
308,787	-0,282
308,802	0,792
308,817	0,718
308,832	0,383
308,847	0,385
308,862	0,286
308,877	0,217
308,892	0,789
308,907	0,384
308,922	0,827
308,937	0,969
308,952	-0,269
308,967	0,489
308,982	0,897
308,997	0,818
309,012	1,034
309,027	0,504
309,042	-0,081
309,057	0,401
309,072	0,362
309,087	0,885
309,102	0,886
309,117	-0,075
309,132	0,843
309,147	-0,058
309,162	0,665
309,177	1,032
309,192	0,758
309,207	1,045
309,222	0,810
309,237	-0,402
309,252	0,727
309,267	0,744
309,282	0,995
309,297	1,032
309,312	0,426
309,327	0,954
309,342	0,102
309,357	0,344
309,372	1,012
309,387	0,512
309,402	0,985
309,417	0,770
309,432	-0,151
309,447	0,698
309,462	0,418
309,477	1,041
309,492	1,187
309,507	0,491
309,522	1,310
309,537	0,619
309,552	1,227
309,567	1,294
309,582	1,149
309,597	1,231
309,612	1,106
309,627	0,235
309,642	0,627
309,657	-0,013
309,672	1,181
309,687	1,323
309,702	1,284
309,717	0,237
309,732	0,594
309,747	0,355
309,762	1,188
309,777	1,300
309,792	1,407
309,807	1,312
309,822	0,531
309,837	0,983
309,852	0,709
309,867	1,312
309,882	1,413
309,897	0,592
309,912	0,257
309,928	0,474
309,942	0,561
309,957	1,344
309,973	1,390
309,988	1,296
310,002	0,781
310,017	0,321
310,033	1,215
310,048	1,401
310,062	1,433
310,077	1,208
310,093	1,299
310,108	0,333
310,123	0,690
310,138	0,746
310,153	1,490
310,168	1,436
310,183	0,715
310,198	1,523
310,213	0,622
310,228	0,618
310,243	1,406
310,258	1,157
310,273	1,449
310,288	0,793
310,303	0,924
310,318	0,946
310,333	0,029
310,348	1,204
310,363	1,055
310,378	1,261
310,393	1,594
310,408	0,858
310,423	1,059
310,438	1,397
310,453	1,317
310,459	1,334
310,474	1,484
310,489	1,042
310,504	0,170
310,519	0,741
310,534	0,440
310,549	1,453
310,564	1,423
310,579	1,252
310,594	1,573
310,609	0,098
310,624	0,605
310,639	1,392
310,654	1,051
310,669	1,437
310,684	0,735
310,699	0,268
310,714	1,080
310,729	0,057
310,744	1,446
310,759	1,411
310,774	0,668
310,789	1,496
310,804	0,623
310,819	1,455
310,834	1,535
310,849	1,535
310,864	1,691
310,879	1,164
310,894	0,080
310,909	1,158
310,924	0,411
310,939	1,439
310,954	1,494
310,969	1,113
310,984	0,461
310,999	0,972
311,014	0,365
311,029	1,408
311,044	1,558
311,059	1,443
311,074	1,101
311,089	0,224
311,104	1,262
311,119	0,249
311,134	1,342
311,149	1,482
311,164	1,336
311,179	0,855
311,194	1,110
311,209	0,844
311,224	1,918
311,239	1,842
311,254	1,727
311,269	1,210
311,284	0,518
311,299	1,194
311,314	1,896
311,329	1,716
311,344	1,921
311,359	1,465
311,375	0,602
311,390	1,329
311,404	0,561
311,419	1,845
311,435	2,071
311,450	1,348
311,464	1,644
311,479	1,353
311,495	1,092
311,510	2,045
311,525	1,443
311,539	1,854
311,555	2,069
311,570	0,881
311,585	1,462
311,600	0,950
311,615	1,442
311,630	2,013
311,645	1,442
311,660	2,164
311,675	1,441
311,690	1,396
311,705	2,123
311,720	1,511
311,735	1,927
311,750	2,037
311,765	1,255
311,780	1,259
311,795	0,728
311,810	1,856
311,825	2,322
311,840	1,796
311,855	2,011
311,870	1,419
311,885	0,968
311,900	1,990
311,915	1,940
311,930	2,201
311,945	1,809
311,960	1,187
311,975	1,147
311,990	0,896
312,005	1,698
312,020	2,029
312,035	2,230
312,050	1,131
312,065	1,633
312,080	0,995
312,095	1,978
312,110	1,557
312,125	2,174
312,140	2,194
312,155	0,985
312,170	1,812
312,185	0,769
312,200	1,175
312,215	2,087
312,230	1,751
312,245	0,673
312,260	1,420
312,275	1,104
312,290	2,031
312,305	1,886
312,320	1,705
312,335	1,715
312,350	0,937
312,365	0,777
312,380	1,775
312,395	1,484
312,410	1,815
312,425	1,789
312,440	0,500
312,455	1,137
312,470	1,037
312,485	1,739
312,500	1,804
312,515	1,147
312,530	1,367
312,545	0,775
312,560	1,111
312,575	1,768
312,590	1,216
312,605	1,321
312,620	0,884
312,635	0,634
312,650	1,742
312,665	0,989
312,680	1,601
312,695	1,671
312,710	0,944
312,725	1,676
312,740	0,984
312,755	0,888
312,770	1,354
312,785	0,707
312,800	1,479
312,815	1,128
312,830	0,486
312,845	1,283
312,860	0,260
312,875	1,082
312,890	1,273
312,905	0,937
312,920	0,982
312,935	0,615
312,950	0,580
312,965	1,237
312,980	1,452
312,995	1,267
313,010	1,372
313,025	0,604
313,040	0,599
313,055	0,393
313,070	1,261
313,085	1,607
313,100	0,874
313,115	0,282
313,130	1,115
313,145	0,503
313,160	1,260
313,175	1,179
313,190	1,159
313,205	1,204
313,220	-0,060
313,235	0,111
313,250	1,028
313,265	0,838
313,280	1,148
313,295	1,033
313,310	-0,126
313,325	0,225
313,340	0,080
313,356	1,047
313,371	0,842
313,385	0,967
313,400	0,896
313,416	-0,342
313,431	0,470
313,445	0,700
313,460	0,645
313,476	0,870
313,491	1,000
313,505	0,128
313,520	0,208
313,536	-0,158
313,551	0,649
313,566	0,894
313,581	0,398
313,596	0,528
313,611	0,297
313,626	-0,124
313,641	0,869
313,656	0,287
313,671	0,898
313,686	0,713
313,701	0,181
313,716	0,075
313,731	-0,466
313,746	0,421
313,761	0,777
313,776	0,772
313,791	0,832
313,806	-0,061
313,821	0,450
313,836	0,806
313,851	-0,292
313,866	0,605
313,881	0,640
313,896	-0,609
313,911	0,299
313,926	-0,574
313,941	0,690
313,956	0,589
313,971	0,720
313,986	0,970
314,001	-0,449
314,016	-0,279
314,031	0,694
314,046	0,217
314,061	0,623
314,076	0,332
314,091	-0,245
314,106	0,819
314,121	-0,164
314,136	-0,255
314,151	0,482
314,166	0,366
314,181	-0,632
314,196	-0,135
314,211	-0,747
314,226	0,391
314,241	0,571
314,256	0,626
314,271	0,481
314,286	-0,387
314,301	0,410
314,316	0,395
314,331	0,269
314,346	0,385
314,361	0,766
314,376	-0,649
314,391	0,058
314,406	-0,213
314,421	0,359
314,436	0,414
314,451	0,359
314,466	0,509
314,481	-0,354
314,496	-0,184
314,511	0,553
314,526	-0,224
314,541	0,568
314,556	0,427
314,571	-0,962
314,586	0,161
314,601	0,006
314,616	0,221
314,631	0,437
314,646	0,076
314,661	0,632
314,676	-0,316
314,691	0,266
314,706	0,707
314,721	0,335
314,736	0,691
314,751	0,536
314,766	0,160
314,781	-0,352
314,796	-0,317
314,811	0,254
314,826	0,480
314,841	0,640
314,856	0,424
314,871	-0,473
314,886	-0,143
314,901	0,414
314,916	-0,128
314,931	0,694
314,946	0,423
314,961	-0,189
314,976	-0,174
314,991	-0,274
315,006	0,232
315,021	0,543
315,036	0,152
315,051	0,447
315,066	-0,235
315,081	-0,350
315,096	0,542
315,111	0,708
315,126	0,607
315,141	-0,617
315,156	-0,256
315,171	-0,246
315,186	-0,632
315,201	0,391
315,216	0,722
315,231	0,355
315,246	-0,703
315,261	0,004
315,276	-0,272
315,291	0,299
315,306	0,605
315,321	0,625
315,336	-0,173
315,351	-0,233
315,366	-0,133
315,382	0,424
315,397	-0,013
315,412	0,609
315,426	0,062
315,441	-0,680
315,457	-0,149
315,472	-0,630
315,486	0,282
315,501	0,217
315,517	-0,019
315,532	0,262
315,547	-0,120
315,561	-0,365
315,577	0,517
315,592	-0,110
315,607	0,442
315,622	0,191
315,637	-0,627
315,652	0,055
315,667	-0,597
315,682	0,375
315,697	0,456
315,712	-0,166
315,727	0,486
315,742	-0,553
315,757	0,731
315,772	0,244
315,787	-0,403
315,802	0,164
315,817	0,128
315,832	-0,689
315,847	-0,303
315,862	-0,775
315,877	-0,248
315,892	0,363
315,907	0,082
315,922	0,619
315,937	-0,114
315,952	-0,746
315,967	0,373
315,982	0,422
315,997	0,257
316,012	0,347
316,027	-1,027
316,042	0,151
316,057	-0,927
316,072	0,030
316,087	0,366
316,102	0,466
316,117	-0,241
316,132	-0,266
316,147	-0,949
316,162	-0,026
316,177	0,320
316,192	-0,071
316,207	0,265
316,222	-0,748
316,237	-0,618
316,252	-0,889
316,267	0,214
316,282	0,254
316,297	-0,318
316,312	-1,045
316,327	0,404
316,342	-0,634
316,357	0,027
316,372	0,358
316,387	0,192
316,402	0,272
316,417	-0,560
316,432	-0,415
316,447	0,412
316,462	0,257
316,477	0,422
316,492	0,096
316,507	0,091
316,522	-0,050
316,537	-0,396
316,552	0,065
316,567	0,431
316,582	0,316
316,597	0,531
316,612	-0,512
316,627	-0,698
316,642	0,591
316,657	-0,372
316,672	0,535
316,687	0,535
316,702	-0,212
316,717	-0,172
316,732	-0,543
316,747	-0,147
316,762	0,580
316,777	-0,032
316,792	0,384
316,807	0,073
316,822	-0,324
316,837	0,429
316,852	-0,188
316,867	0,679
316,882	0,423
316,897	-0,585
316,912	-0,415
316,927	-0,540
316,942	-0,054
316,957	0,542
316,972	-0,074
316,987	0,437
317,002	-0,025
317,017	-0,290
317,032	0,286
317,047	0,541
317,062	0,431
317,077	0,451
317,092	-0,121
317,107	-0,181
317,122	-0,617
317,137	0,079
317,152	0,490
317,167	0,440
317,182	-0,478
317,197	0,008
317,212	-0,368
317,227	0,419
317,242	0,188
317,257	0,414
317,272	0,048
317,287	-0,399
317,302	-0,148
317,317	-0,805
317,332	0,152
317,347	0,463
317,362	0,468
317,378	-0,931
317,392	0,001
317,407	-0,305
317,423	0,231
317,438	0,407
317,452	0,668
317,467	0,397
317,483	-0,240
317,498	-0,371
317,512	0,446
317,527	0,256
317,543	0,697
317,558	0,406
317,573	-0,251
317,588	0,114
317,603	-0,723
317,618	0,375
317,633	-0,222
317,648	0,585
317,663	0,380
317,678	0,069
317,693	-0,453
317,708	0,454
317,723	0,063
317,738	0,469
317,753	0,514
317,768	-0,349
317,783	-0,319
317,798	-0,314
317,813	0,112
317,828	0,338
317,843	0,187
317,858	0,337
317,873	-0,325
317,888	0,387
317,903	0,442
317,918	-0,170
317,933	0,367
317,948	0,542
317,963	-0,607
317,978	-0,517
317,993	-0,717
318,008	0,501
318,023	0,486
318,038	0,120
318,053	0,215
318,068	-0,252
318,083	-0,357
318,098	0,280
318,113	0,576
318,128	0,230
318,143	0,219
318,158	-0,338
318,173	-0,202
318,188	-0,734
318,203	-0,228
318,218	0,284
318,233	0,339
318,248	-0,414
318,263	-0,364
318,278	-0,740
318,293	0,619
318,308	0,398
318,323	0,322
318,338	0,473
318,353	-0,190
318,368	-0,606
318,383	0,267
318,398	-0,621
318,413	0,251
318,428	0,407
318,443	-0,667
318,458	-0,020
318,473	-0,416
318,488	0,281
318,503	0,637
318,518	0,140
318,533	0,531
318,548	-0,467
318,563	-0,267
318,578	0,260
318,593	0,209
318,608	0,209
318,623	0,254
318,638	-0,624
318,653	-0,017
318,668	-1,100
318,683	0,153
318,698	0,564
318,713	0,037
318,728	0,403
318,743	-0,289
318,758	-0,499
318,773	-0,003
318,788	-0,399
318,803	0,002
318,818	-0,224
318,833	-0,781
318,848	-0,120
318,863	0,367
318,878	0,292
318,893	-0,787
318,908	-0,225
318,923	0,346
318,938	-0,346
318,953	0,210
318,968	-0,376
318,983	-1,224
318,998	0,019
319,013	-0,151
319,028	0,200
319,043	-0,267
319,058	-0,774
319,073	-0,478
319,088	-1,105
319,103	-0,433
319,118	0,459
319,133	0,083
319,148	0,083
319,163	-0,298
319,178	-0,725
319,193	-0,058
319,208	0,057
319,223	-0,093
319,238	-0,194
319,253	-0,856
319,268	0,252
319,283	-0,951
319,298	-0,355
319,313	0,347
319,328	0,036
319,343	0,307
319,358	-0,541
319,373	-0,496
319,388	0,366
319,404	0,121
319,419	0,436
319,433	0,361
319,448	-0,938
319,464	0,255
319,479	-0,878
319,493	-0,101
319,508	0,340
319,524	-0,257
319,539	-1,004
319,553	0,415
319,569	-0,428
319,584	0,229
319,599	0,605
319,614	0,555
319,629	0,314
319,644	-0,093
319,659	-0,424
319,674	0,193
319,689	0,433
319,704	0,253
319,719	0,363
319,734	-0,851
319,749	-0,059
319,764	-0,916
319,779	0,232
319,794	0,307
319,809	0,081
319,824	0,337
319,839	-0,255
319,854	-0,005
319,869	0,396
319,884	-0,110
319,899	0,186
319,914	0,135
319,929	-0,853
319,944	-0,246
319,959	-1,024
319,974	0,390
319,989	0,250
320,004	-0,272
320,019	0,244
320,034	-0,884
320,049	-0,704
320,064	0,184
320,079	-0,203
320,094	0,384
320,109	-0,062
320,124	-0,975
320,139	-0,304
320,154	-0,550
320,169	0,087
320,184	0,278
320,199	-0,009
320,214	0,312
320,229	-0,214
320,244	-0,555
320,259	0,142
320,274	0,477
320,289	0,432
320,304	0,176
320,319	-0,757
320,334	0,381
320,349	-0,918
320,364	-0,261
320,379	0,576
320,394	0,421
320,409	0,340
320,424	-0,161
320,439	-0,247
320,454	0,225
320,469	0,521
320,484	0,410
320,499	0,335
320,514	-0,382
320,529	-0,558
320,544	-0,694
320,559	0,118
320,574	0,354
320,589	0,233
320,604	-0,770
320,619	-0,293
320,634	-0,585
320,649	0,102
320,664	0,212
320,679	0,388
320,694	0,347
320,709	-0,310
320,724	-0,355
320,739	0,307
320,754	0,011
320,769	0,377
320,784	0,332
320,799	-0,802
320,814	-0,150
320,829	-0,903
320,844	0,065
320,859	0,220
320,874	-0,557
320,889	0,330
320,904	-0,693
320,919	-0,904
320,934	0,184
320,949	-0,116
320,964	0,360
320,979	-0,553
320,994	-0,719
321,009	0,269
321,024	-0,784
321,039	0,153
321,054	0,289
321,069	0,263
321,084	0,353
321,099	-0,830
321,114	-0,825
321,129	0,122
321,144	-0,154
321,159	0,262
321,174	-0,239
321,189	-0,320
321,204	-0,134
321,219	-0,546
321,234	-0,506
321,249	0,322
321,264	0,482
321,279	0,407
321,294	-0,090
321,309	-0,552
321,325	0,431
321,339	0,236
321,354	0,456
321,370	0,411
321,385	-0,091
321,400	-0,477
321,414	-0,217
321,429	0,089
321,445	0,430
321,460	-0,288
321,474	0,274
321,489	-0,709
321,505	-0,348
321,520	0,504
321,534	-0,484
321,549	0,449
321,565	0,343
321,580	0,148
321,595	-0,469
321,610	-0,520
321,625	0,152
321,640	0,297
321,655	0,367
321,670	-0,204
321,685	-0,064
321,700	0,417
321,715	0,001
321,730	0,156
321,745	0,437
321,760	0,116
321,775	-0,311
321,790	-0,371
321,805	0,290
321,820	-0,397
321,835	0,235
321,850	0,185
321,865	-0,768
321,880	-0,046
321,895	-0,859
321,910	0,214
321,925	0,345
321,940	0,274
321,955	0,470
321,970	-0,127
321,985	-0,273
322,000	0,263
322,015	-0,319
322,030	0,494
322,045	0,112
322,060	-0,093
322,075	-0,129
322,090	-0,605
322,105	0,583
322,120	0,443
322,135	-0,756
322,150	0,583
322,165	-0,129
322,180	-0,420
322,195	0,527
322,210	-0,361
322,225	-0,020
322,240	0,697
322,255	0,050
322,270	0,637
322,285	-0,216
322,300	-0,201
322,315	0,025
322,330	0,466
322,345	0,300
322,360	0,134
322,375	-0,894
322,390	-0,327
322,405	-1,160
322,420	-0,423
322,435	-0,303
322,450	-0,654
322,270	0,637
322,285	-0,216
322,300	-0,201
322,315	0,025
322,330	0,466
322,345	0,300
322,360	0,134
322,375	-0,894
322,376	0,260
322,391	0,397
322,406	-0,364
322,421	0,419
322,436	-0,608
322,451	-0,145
322,466	0,217
322,481	-0,118
322,496	0,349
322,511	0,084
322,526	-1,028
322,541	0,092
322,556	-0,785
322,571	0,219
322,586	0,471
322,601	-0,410
322,616	0,258
322,631	-0,589
322,646	-0,367
322,661	0,437
322,676	0,603
322,691	0,298
322,706	-0,047
322,721	-0,612
322,736	0,006
322,751	-0,480
322,766	0,309
322,781	0,145
322,796	-0,406
322,811	-0,555
322,826	-0,835
322,841	-0,252
322,856	0,210
322,871	0,211
322,886	0,518
322,901	-0,067
322,916	-0,533
322,931	0,366
322,946	-0,450
322,961	0,384
322,976	0,440
322,991	-0,472
323,006	-0,516
323,021	-0,876
323,036	0,073
323,051	0,325
323,066	0,416
323,081	0,357
323,096	-0,253
323,111	-0,874
323,126	0,295
323,141	0,266
323,156	0,097
323,171	0,369
323,186	-0,006
323,201	-0,361
323,216	-0,330
323,231	-1,016
323,246	0,269
323,261	0,366
323,276	0,151
323,292	-0,199
323,307	-0,785
323,321	-0,407
323,336	0,336
323,352	0,026
323,367	0,458
323,381	-0,318
323,396	-0,668
323,412	0,477
323,427	-0,916
323,442	0,359
323,456	0,294
323,472	-0,396
323,487	0,252
323,502	-0,534
323,517	0,469
323,532	0,190
323,547	0,236
323,562	0,332
323,577	-0,108
323,592	-0,453
323,607	0,451
323,622	-0,982
323,637	0,097
323,652	0,239
323,667	-0,437
323,682	0,381
323,697	-0,475
323,712	-0,584
323,727	0,310
323,742	0,541
323,757	0,522
323,772	-1,067
323,787	-0,388
323,802	0,069
323,817	-0,226
323,832	0,342
323,847	0,288
323,862	-0,343
323,877	-0,437
323,892	-0,110
323,907	-0,074
323,922	0,459
323,937	0,295
323,952	0,336
323,967	-0,079
323,982	-0,514
323,997	0,154
324,012	0,701
324,027	0,256
324,042	0,222
324,057	-0,078
324,072	-0,257
324,087	-0,356
324,102	0,477
324,117	0,253
324,132	0,615
324,147	0,636
324,162	-0,025
324,177	-0,636
324,192	-0,088
324,207	0,535
324,222	0,250
324,237	0,818
324,252	0,047
324,267	-0,243
324,282	-0,181
324,297	-0,446
324,312	0,543
324,327	0,655
324,342	-0,317
324,357	0,576
324,372	-0,471
324,387	-0,329
324,402	0,635
324,417	0,039
324,432	0,572
324,447	0,347
324,462	-0,228
324,477	0,701
324,492	-0,005
324,507	0,753
324,522	0,674
324,537	0,093
324,552	0,671
324,567	-0,496
324,582	-0,049
324,597	0,699
324,612	0,961
324,627	0,807
324,642	0,301
324,657	-0,374
324,672	0,439
324,687	-0,503
324,702	0,873
324,717	0,844
324,732	-0,108
324,747	0,650
324,762	0,320
324,777	0,713
324,792	0,694
324,807	0,630
324,822	0,816
324,837	0,827
324,852	-0,450
324,867	0,779
324,882	0,068
324,897	0,701
324,912	0,617
324,927	0,398
324,942	0,013
324,957	0,495
324,972	0,090
324,987	0,878
325,002	0,925
325,017	0,755
325,032	1,112
325,047	-0,331
325,062	0,984
325,077	0,770
325,092	0,936
325,107	0,953
325,122	0,543
325,137	-0,144
325,152	0,620
325,167	0,265
325,182	0,838
325,197	1,009
325,212	1,066
325,227	1,192
325,242	0,150
325,257	0,266
325,273	1,100
325,288	0,921
325,302	1,002
325,317	0,381
325,333	-0,219
325,348	0,414
325,362	0,119
325,377	1,023
325,393	1,209
325,408	0,207
325,422	0,885
325,437	0,169
325,453	0,426
325,468	0,894
325,483	0,268
325,498	1,031
325,513	0,792
325,528	-0,220
325,543	0,779
325,558	-0,358
325,573	1,132
325,588	1,093
325,603	-0,150
325,618	0,795
325,633	0,465
325,648	0,210
325,663	0,928
325,678	1,075
325,693	1,041
325,708	-0,021
325,723	-0,166
325,738	0,583
325,753	0,343
325,768	1,247
325,783	1,218
325,798	0,652
325,813	0,884
325,828	0,379
325,843	0,555
325,858	1,254
325,873	1,194
325,888	1,170
325,903	0,800
325,918	0,019
325,933	0,467
325,948	0,367
325,963	1,452
325,978	1,348
325,993	0,712
326,008	0,256
326,023	0,604
326,038	0,800
326,053	1,443
326,068	0,988
326,083	1,536
326,098	0,193
326,113	0,755
326,128	0,712
326,143	1,179
326,158	0,955
326,173	1,352
326,188	0,781
326,203	0,527
326,218	0,999
326,233	0,514
326,248	1,367
326,263	1,539
326,278	1,089
326,293	1,486
326,308	0,484
326,323	1,278
326,338	1,399
326,353	1,265
326,368	1,542
326,383	1,222
326,398	0,611
326,413	0,708
326,428	0,684
326,443	1,432
326,458	1,373
326,473	0,822
326,488	1,601
326,503	0,233
326,518	0,851
326,533	1,694
326,548	1,374
326,563	1,636
326,578	0,810
326,593	0,475
326,608	1,569
326,623	0,793
326,638	1,301
326,653	1,874
326,668	0,721
326,683	1,600
326,698	0,618
326,713	0,990
326,728	1,663
326,743	1,805
326,758	1,761
326,773	1,827
326,788	0,906
326,803	1,674
326,818	0,632
326,833	1,601
326,848	1,963
326,863	1,006
326,878	1,223
326,893	1,189
326,908	0,985
326,923	1,908
326,938	1,308
326,953	1,896
326,968	1,094
326,983	0,629
326,998	1,011
327,013	0,496
327,028	1,686
327,043	2,118
327,058	1,583
327,073	1,188
327,088	1,474
327,103	1,295
327,118	2,083
327,133	2,054
327,148	2,030
327,163	2,037
327,178	1,014
327,193	1,763
327,208	1,975
327,223	1,900
327,238	2,047
327,253	1,647
327,268	0,790
327,283	1,433
327,299	1,359
327,314	2,273
327,329	2,064
327,343	1,668
327,358	1,955
327,374	1,440
327,389	1,376
327,403	2,260
327,418	1,433
327,434	2,272
327,449	1,055
327,464	1,001
327,478	1,799
327,494	0,918
327,509	2,107
327,524	2,148
327,539	1,728
327,554	2,271
327,569	1,169
327,584	1,651
327,599	2,309
327,614	2,386
327,629	2,422
327,644	2,368
327,659	1,251
327,674	2,360
327,689	1,062
327,704	2,457
327,719	2,298
327,734	1,978
327,749	2,280
327,764	1,464
327,779	1,560
327,794	2,278
327,809	2,405
327,824	2,501
327,839	2,237
327,854	1,641
327,869	1,622
327,884	1,227
327,899	2,522
327,914	2,202
327,929	2,193
327,944	1,587
327,959	2,210
327,974	1,926
327,989	2,443
328,004	2,610
328,019	2,626
328,034	1,825
328,049	1,716
328,064	1,927
328,079	1,687
328,094	2,621
328,109	2,773
328,124	2,052
328,139	1,883
328,154	1,608
328,169	1,739
328,184	2,493
328,199	2,925
328,214	2,846
328,229	2,817
328,244	1,559
328,259	2,318
328,274	2,780
328,289	2,576
328,304	2,707
328,319	2,548
328,334	1,586
328,349	2,209
328,364	1,884
328,379	2,773
328,394	2,839
328,409	2,163
328,424	2,736
328,439	1,649
328,454	2,157
328,469	2,865
328,484	2,505
328,499	3,027
328,514	2,662
328,529	1,871
328,544	2,690
328,559	1,603
328,574	3,038
328,589	3,009
328,604	2,258
328,619	3,222
328,634	2,566
328,649	2,301
328,664	3,115
328,679	2,675
328,694	3,022
328,709	2,230
328,724	2,166
328,739	2,920
328,754	2,515
328,769	3,158
328,784	3,520
328,799	2,733
328,814	2,935
328,829	3,002
328,844	2,792
328,859	2,948
328,874	3,200
328,889	3,277
328,904	2,822
328,919	2,060
328,934	2,829
328,949	2,017
328,964	3,242
328,979	3,549
328,994	2,989
329,009	2,473
329,024	2,620
329,039	2,215
329,054	3,219
329,069	3,430
329,084	3,442
329,099	3,187
329,114	2,626
329,129	3,254
329,144	3,331
329,159	3,236
329,174	3,488
329,189	2,968
329,204	2,257
329,219	2,925
329,234	2,625
329,249	3,725
329,264	3,119
329,279	3,647
329,295	3,306
329,309	2,871
329,324	3,404
329,340	3,360
329,355	3,476
329,369	3,538
329,384	3,088
329,400	2,622
329,415	2,964
329,429	2,830
329,444	3,784
329,460	4,026
329,475	3,109
329,490	3,918
329,505	2,866
329,520	3,022
329,535	3,765
329,550	3,105
329,565	3,973
329,580	3,914
329,595	2,837
329,610	3,666
329,625	2,955
329,640	3,874
329,655	3,985
329,670	3,379
329,685	3,997
329,700	3,101
329,715	3,814
329,730	3,855
329,745	3,711
329,760	4,153
329,775	3,964
329,790	2,846
329,805	3,911
329,820	3,325
329,835	4,043
329,850	4,004
329,865	4,171
329,880	4,027
329,895	3,285
329,910	3,387
329,925	4,150
329,940	4,111
329,955	4,278
329,970	4,304
329,985	3,207
330,000	3,840
