285,000	40,708
285,015	40,847
285,030	41,006
285,045	40,879
285,060	39,589
285,075	40,721
285,090	39,201
285,105	40,002
285,120	40,502
285,135	40,516
285,150	40,510
285,165	39,881
285,180	39,559
285,195	40,205
285,210	39,436
285,225	40,147
285,240	40,226
285,255	39,277
285,270	39,065
285,285	38,883
285,300	38,892
285,315	39,754
285,330	39,893
285,345	39,626
285,360	38,998
285,375	38,184
285,390	38,765
285,405	38,267
285,420	39,218
285,435	39,042
285,450	39,020
285,465	38,217
285,480	38,035
285,495	38,249
285,510	38,910
285,525	38,563
285,540	38,506
285,555	38,129
285,570	37,064
285,585	38,041
285,600	38,305
285,615	38,174
285,630	38,228
285,645	36,848
285,660	36,601
285,675	36,534
285,690	36,683
285,705	37,509
285,720	37,433
285,735	36,424
285,750	37,375
285,765	36,015
285,780	36,626
285,795	37,086
285,810	36,754
285,825	36,206
285,840	36,300
285,855	36,509
285,870	36,568
285,885	35,499
285,901	36,164
285,916	36,048
285,930	35,299
285,945	35,549
285,961	34,770
285,976	35,536
285,990	35,440
286,005	35,524
286,021	35,452
286,036	34,939
286,050	34,106
286,065	34,801
286,080	33,918
286,096	34,874
286,111	34,677
286,125	34,270
286,141	33,742
286,156	33,039
286,171	33,850
286,186	34,135
286,201	34,163
286,216	34,062
286,231	33,383
286,246	32,700
286,261	32,915
286,276	32,302
286,291	33,414
286,306	33,337
286,321	32,308
286,336	32,126
286,351	31,884
286,366	31,712
286,381	31,942
286,396	32,387
286,411	32,240
286,426	31,757
286,441	31,134
286,456	32,141
286,471	31,994
286,486	31,973
286,501	31,621
286,516	31,028
286,531	30,365
286,546	30,353
286,561	30,232
286,576	31,289
286,591	31,127
286,606	31,070
286,621	30,748
286,636	29,513
286,651	29,893
286,666	30,419
286,681	30,317
286,696	29,513
286,711	29,597
286,726	29,075
286,741	29,475
286,756	29,679
286,771	29,703
286,786	28,979
286,801	28,647
286,816	29,208
286,831	27,862
286,846	29,019
286,861	28,848
286,876	28,896
286,891	28,665
286,906	28,483
286,921	27,122
286,936	28,149
286,951	27,506
286,966	28,092
286,981	26,822
286,996	27,312
287,011	27,782
287,026	26,898
287,041	26,892
287,056	27,362
287,071	27,341
287,086	27,184
287,101	26,395
287,116	25,908
287,131	26,603
287,146	25,890
287,161	26,586
287,176	26,364
287,191	25,831
287,206	26,166
287,221	25,317
287,236	25,486
287,251	26,072
287,266	25,795
287,281	25,909
287,296	24,975
287,311	24,537
287,326	25,218
287,341	24,480
287,356	24,885
287,371	25,029
287,386	24,576
287,401	23,828
287,416	23,857
287,431	23,690
287,446	24,511
287,461	24,410
287,476	24,323
287,491	23,555
287,506	22,992
287,521	23,667
287,536	24,032
287,551	23,569
287,566	23,663
287,581	22,990
287,596	22,438
287,611	22,667
287,626	23,057
287,641	23,211
287,656	23,014
287,671	22,948
287,686	21,698
287,701	21,501
287,716	22,041
287,731	22,461
287,746	22,425
287,761	22,404
287,776	21,390
287,791	20,832
287,806	21,673
287,821	20,864
287,836	21,765
287,851	21,564
287,866	20,795
287,881	21,335
287,897	20,110
287,911	21,067
287,926	21,307
287,942	20,829
287,957	21,164
287,971	20,751
287,986	20,409
288,002	20,187
288,017	19,178
288,031	20,721
288,046	20,615
288,062	20,007
288,077	20,236
288,092	19,066
288,107	19,226
288,122	19,866
288,137	19,629
288,152	19,874
288,167	19,366
288,182	18,593
288,197	19,454
288,212	18,770
288,227	19,090
288,242	19,530
288,257	18,345
288,272	19,212
288,287	18,263
288,302	18,367
288,317	18,857
288,332	18,831
288,347	18,684
288,362	18,908
288,377	17,633
288,392	17,908
288,407	17,701
288,422	18,447
288,437	18,416
288,452	17,712
288,467	17,661
288,482	17,820
288,497	17,347
288,512	18,229
288,527	17,937
288,542	17,986
288,557	17,453
288,572	16,719
288,587	17,119
288,602	17,509
288,617	17,458
288,632	17,607
288,647	16,863
288,662	16,702
288,677	16,400
288,692	16,614
288,707	17,290
288,722	17,233
288,737	16,179
288,752	17,095
288,767	15,840
288,782	16,797
288,797	17,056
288,812	17,141
288,827	17,044
288,842	16,687
288,857	16,505
288,872	16,163
288,887	15,369
288,902	16,712
288,917	16,515
288,932	16,047
288,947	16,773
288,962	16,556
288,977	15,597
288,992	16,308
289,007	16,287
289,022	16,471
289,037	16,350
289,052	15,651
289,067	16,081
289,082	15,588
289,097	16,139
289,112	16,328
289,127	15,399
289,142	16,436
289,157	15,397
289,172	15,410
289,187	16,257
289,202	14,871
289,217	16,174
289,232	15,666
289,247	15,279
289,262	16,000
289,277	14,800
289,292	16,323
289,307	16,206
289,322	14,861
289,337	15,176
289,352	14,854
289,367	15,454
289,382	16,235
289,397	16,043
289,412	16,072
289,427	16,131
289,442	15,217
289,457	16,039
289,472	15,004
289,487	16,071
289,502	16,165
289,517	15,532
289,532	15,376
289,547	15,008
289,562	15,473
289,577	16,239
289,592	15,992
289,607	16,227
289,622	16,140
289,637	14,930
289,652	15,641
289,667	16,207
289,682	15,879
289,697	16,239
289,712	15,591
289,727	15,434
289,742	14,952
289,757	15,271
289,772	16,138
289,787	16,252
289,802	15,518
289,817	15,662
289,832	15,295
289,847	15,545
289,862	16,396
289,877	16,234
289,892	16,393
289,907	15,108
289,923	15,604
289,937	16,164
289,952	15,711
289,967	16,352
289,983	16,586
289,998	15,597
290,012	16,775
290,027	15,349
290,043	15,935
290,058	16,450
290,072	16,469
290,088	16,573
290,103	16,211
290,118	15,693
290,133	16,529
290,148	15,810
290,163	16,361
290,178	16,555
290,193	15,837
290,208	16,327
290,223	15,338
290,238	16,044
290,253	16,278
290,268	15,299
290,283	16,476
290,298	16,003
290,313	15,034
290,328	16,071
290,343	15,177
290,358	16,024
290,373	15,947
290,388	15,530
290,403	14,646
290,418	15,046
290,433	15,541
290,448	15,635
290,463	15,393
290,478	15,382
290,493	15,125
290,508	14,848
290,523	14,515
290,538	13,566
290,553	14,728
290,568	14,546
290,583	13,267
290,598	13,306
290,613	12,858
290,628	13,163
290,643	13,623
290,658	13,481
290,673	13,485
290,688	12,751
290,703	11,792
290,718	12,899
290,733	12,873
290,748	12,435
290,763	12,164
290,778	11,736
290,793	11,399
290,808	11,407
290,823	10,619
290,838	11,580
290,853	11,664
290,868	10,816
290,883	11,055
290,898	9,855
290,913	10,536
290,928	10,405
290,943	10,238
290,958	10,262
290,973	10,140
290,988	9,181
291,003	9,751
291,018	8,742
291,033	9,578
291,048	8,950
291,063	8,703
291,078	9,519
291,093	8,631
291,108	8,720
291,123	9,360
291,138	8,321
291,153	8,816
291,168	8,163
291,183	7,490
291,198	8,240
291,213	7,331
291,228	8,248
291,243	8,056
291,258	7,639
291,273	7,673
291,288	7,140
291,303	6,878
291,318	7,769
291,333	7,482
291,348	7,767
291,363	6,993
291,378	6,515
291,393	7,276
291,408	6,041
291,423	7,505
291,438	7,273
291,453	6,389
291,468	6,302
291,483	5,759
291,498	6,576
291,513	6,820
291,528	6,367
291,543	6,697
291,558	5,643
291,573	5,687
291,588	6,438
291,603	6,572
291,618	6,561
291,633	6,564
291,648	5,279
291,663	5,063
291,678	6,014
291,693	5,401
291,708	6,217
291,723	6,186
291,738	5,964
291,753	5,772
291,768	4,718
291,783	5,629
291,798	5,999
291,813	5,657
291,828	5,926
291,843	5,168
291,858	4,775
291,873	5,130
291,889	5,099
291,903	5,699
291,918	5,583
291,933	4,624
291,949	5,701
291,964	5,353
291,978	4,695
291,993	5,215
292,009	4,793
292,024	5,343
292,038	4,760
292,053	4,513
292,068	4,743
292,084	4,406
292,099	5,167
292,114	5,406
292,129	3,815
292,144	5,108
292,159	4,505
292,174	4,072
292,189	4,943
292,204	4,827
292,219	4,790
292,234	4,478
292,249	3,604
292,264	4,897
292,279	3,346
292,294	4,403
292,309	4,708
292,324	4,004
292,339	4,520
292,354	3,877
292,369	3,594
292,384	4,461
292,399	4,560
292,414	4,513
292,429	4,382
292,444	3,403
292,459	4,229
292,474	3,059
292,489	4,206
292,504	4,115
292,519	3,181
292,534	3,084
292,549	3,188
292,564	2,410
292,579	4,134
292,594	3,917
292,609	4,101
292,624	3,663
292,639	2,900
292,654	3,520
292,669	3,855
292,684	3,693
292,699	3,752
292,714	3,731
292,729	2,451
292,744	3,016
292,759	3,055
292,774	3,596
292,789	3,625
292,804	3,603
292,819	3,492
292,834	2,768
292,849	3,058
292,864	3,548
292,879	3,251
292,894	3,415
292,909	3,038
292,924	2,224
292,939	2,784
292,954	2,247
292,969	3,319
292,984	3,192
292,999	2,504
293,014	3,114
293,029	2,326
293,044	2,214
293,059	3,226
293,074	2,899
293,089	3,088
293,104	1,923
293,119	2,283
293,134	3,094
293,149	2,361
293,164	3,047
293,179	2,915
293,194	2,352
293,209	2,857
293,224	1,377
293,239	2,248
293,254	2,844
293,269	2,883
293,284	2,786
293,299	2,604
293,314	1,760
293,329	2,541
293,344	1,397
293,359	2,770
293,374	2,688
293,389	1,624
293,404	2,520
293,419	1,691
293,434	1,484
293,449	2,441
293,464	2,455
293,479	2,293
293,494	2,327
293,509	1,754
293,524	1,617
293,539	1,215
293,554	2,086
293,569	2,060
293,584	1,928
293,599	1,421
293,614	1,765
293,629	1,273
293,644	2,314
293,659	2,057
293,674	2,232
293,689	1,393
293,704	0,960
293,719	1,646
293,734	1,946
293,749	1,849
293,764	2,134
293,779	2,238
293,794	0,828
293,809	0,796
293,824	0,920
293,839	1,711
293,854	1,996
293,869	1,619
293,884	1,878
293,899	0,999
293,914	1,705
293,930	1,533
293,945	1,527
293,959	1,807
293,974	1,705
293,990	0,400
294,005	0,810
294,019	0,483
294,034	1,570
294,050	1,468
294,065	0,945
294,079	1,009
294,094	0,456
294,110	0,751
294,125	1,221
294,140	1,050
294,155	1,269
294,170	0,831
294,185	0,344
294,200	1,295
294,215	-0,180
294,230	1,554
294,245	1,261
294,260	1,019
294,275	1,169
294,290	0,270
294,305	0,198
294,320	1,180
294,335	1,058
294,350	1,298
294,365	0,945
294,380	0,056
294,395	0,306
294,410	0,034
294,425	0,925
294,440	1,069
294,455	0,381
294,470	0,310
294,485	0,053
294,500	0,147
294,515	0,757
294,530	0,902
294,545	0,941
294,560	0,347
294,575	-0,351
294,590	0,069
294,605	-0,379
294,620	0,398
294,635	0,838
294,650	-0,252
294,665	-0,439
294,680	0,397
294,695	-0,246
294,710	0,586
294,725	0,208
294,740	0,618
294,755	0,557
294,770	-0,513
294,785	-0,404
294,800	0,668
294,815	0,456
294,830	0,470
294,845	0,198
294,860	-0,420
294,875	-0,176
294,890	-0,337
294,905	0,494
294,920	0,533
294,935	0,151
294,950	-0,051
294,965	-0,288
294,980	-0,430
294,995	0,381
295,010	-0,292
295,025	0,534
295,040	-0,084
295,055	-0,662
295,070	0,059
295,085	-0,283
295,100	0,312
295,115	0,411
295,130	0,059
295,145	0,248
295,160	-0,661
295,175	-0,356
295,190	0,395
295,205	0,334
295,220	0,433
295,235	0,662
295,250	-0,628
295,265	0,459
295,280	-0,435
295,295	0,346
295,310	0,405
295,325	-0,343
295,340	0,307
295,355	-0,225
295,370	-0,457
295,385	0,354
295,400	0,493
295,415	0,291
295,430	0,104
295,445	-0,779
295,460	0,157
295,475	-0,261
295,490	0,410
295,505	0,283
295,520	0,167
295,535	-0,988
295,550	-0,302
295,565	-0,208
295,580	0,463
295,595	0,406
295,610	0,400
295,625	0,178
295,640	-0,670
295,655	-0,215
295,670	-0,738
295,685	0,224
295,700	0,122
295,715	-0,055
295,730	-0,422
295,745	0,459
295,760	-0,836
295,775	0,652
295,790	0,220
295,805	0,539
295,820	0,548
295,835	-0,742
295,850	-0,683
295,865	0,349
295,880	0,312
295,895	0,502
295,911	0,029
295,925	-0,769
295,940	-0,099
295,955	-0,476
295,971	0,280
295,986	0,439
296,000	-0,099
296,015	0,401
296,031	-0,362
296,046	-0,559
296,060	0,578
296,075	0,261
296,091	0,420
296,106	0,479
296,121	-0,234
296,136	-0,190
296,151	-0,507
296,166	0,369
296,181	0,062
296,196	0,111
296,211	0,355
296,226	-0,388
296,241	-0,059
296,256	0,386
296,271	-0,287
296,286	0,394
296,301	-0,330
296,316	-0,837
296,331	-0,041
296,346	-0,714
296,361	0,353
296,376	0,396
296,391	0,054
296,406	0,464
296,421	-0,756
296,436	0,085
296,451	0,425
296,466	0,344
296,481	0,298
296,496	0,597
296,511	-0,578
296,526	-0,133
296,541	-0,630
296,556	-0,015
296,571	0,365
296,586	0,489
296,601	-0,490
296,616	-0,205
296,631	-0,658
296,646	0,369
296,661	0,563
296,676	0,321
296,691	0,571
296,706	-0,433
296,721	-0,119
296,736	0,427
296,751	-0,101
296,766	0,429
296,781	-0,425
296,796	-0,672
296,811	-0,141
296,826	-0,985
296,841	0,313
296,856	0,447
296,871	0,455
296,886	0,394
296,901	-0,801
296,916	-0,627
296,931	0,225
296,946	0,123
296,961	0,428
296,976	-0,782
296,991	-0,382
297,006	-0,092
297,021	0,353
297,036	0,502
297,051	0,496
297,066	-0,348
297,081	0,212
297,096	-0,551
297,111	0,064
297,126	0,188
297,141	0,122
297,156	0,371
297,171	-0,126
297,186	-0,499
297,201	-0,324
297,216	-0,476
297,231	0,230
297,246	0,429
297,261	0,278
297,276	0,462
297,291	-0,111
297,306	-0,418
297,321	0,483
297,336	0,071
297,351	0,531
297,366	0,173
297,381	-0,590
297,396	-0,306
297,411	-0,437
297,426	0,133
297,441	0,328
297,456	-0,030
297,471	0,325
297,486	-0,393
297,501	-0,730
297,516	0,151
297,531	0,145
297,546	0,203
297,561	0,127
297,576	-0,742
297,591	-0,382
297,606	-1,040
297,621	0,247
297,636	0,391
297,651	-0,322
297,666	-0,569
297,681	0,293
297,696	-0,707
297,711	0,355
297,726	0,274
297,741	0,353
297,756	-0,386
297,771	-0,788
297,786	-0,213
297,801	0,413
297,816	-0,341
297,831	-0,467
297,846	-0,183
297,861	-0,500
297,876	-0,075
297,891	-0,477
297,906	0,399
297,921	0,478
297,937	0,417
297,952	0,436
297,966	-0,784
297,981	-0,099
297,997	0,372
298,012	0,104
298,026	0,509
298,041	0,102
298,057	-0,220
298,072	0,039
298,087	-0,779
298,102	0,894
298,116	0,843
298,132	0,435
298,147	0,670
298,162	-0,079
298,177	0,788
298,192	0,691
298,207	0,043
298,222	0,824
298,237	0,743
298,252	-0,467
298,267	0,259
298,282	-0,059
298,297	0,632
298,312	0,867
298,327	0,580
298,342	1,025
298,357	0,557
298,372	0,987
298,387	1,161
298,402	1,336
298,417	1,339
298,432	1,138
298,447	0,790
298,462	1,150
298,477	0,442
298,492	1,564
298,507	1,738
298,522	1,897
298,537	2,021
298,552	1,920
298,567	1,733
298,582	2,509
298,597	2,764
298,612	3,109
298,627	3,002
298,642	3,307
298,657	4,750
298,672	4,839
298,687	6,211
298,702	8,678
298,717	10,441
298,732	13,549
298,747	16,011
298,762	20,026
298,777	25,165
298,792	29,998
298,807	35,408
298,822	41,083
298,837	45,987
298,852	52,936
298,867	59,950
298,882	66,539
298,897	73,212
298,912	79,134
298,927	84,192
298,942	89,913
298,957	93,899
298,972	97,980
298,987	99,789
299,002	100,705
299,017	100,433
299,032	97,638
299,047	94,739
299,062	92,852
299,077	89,631
299,092	86,300
299,107	82,944
299,122	78,795
299,137	75,730
299,152	72,439
299,167	70,106
299,182	67,326
299,197	63,453
299,212	62,008
299,227	58,566
299,242	56,258
299,257	54,447
299,272	52,048
299,287	50,191
299,302	47,422
299,317	45,841
299,332	43,849
299,347	41,556
299,362	40,306
299,377	39,131
299,392	37,345
299,407	35,874
299,422	33,717
299,437	31,654
299,452	31,261
299,467	29,525
299,482	28,762
299,497	27,236
299,512	25,525
299,527	25,258
299,542	23,341
299,557	23,184
299,572	22,466
299,587	20,945
299,602	19,469
299,617	19,393
299,632	18,665
299,647	18,363
299,662	17,444
299,677	16,755
299,692	15,560
299,707	14,882
299,722	14,700
299,737	13,496
299,752	12,908
299,767	13,137
299,782	12,193
299,797	10,993
299,812	10,836
299,827	10,233
299,842	10,533
299,857	10,441
299,872	9,989
299,887	9,296
299,902	7,855
299,917	7,789
299,933	8,314
299,947	7,244
299,962	7,660
299,978	7,307
299,993	5,771
300,007	6,121
300,022	5,814
300,038	5,873
300,053	5,887
300,067	5,580
300,083	5,493
300,098	4,153
300,113	4,041
300,128	4,742
300,143	3,718
300,158	3,882
300,173	3,896
300,188	3,002
300,203	3,292
300,218	2,327
300,233	3,399
300,248	3,167
300,263	1,767
300,278	2,999
300,293	1,785
300,308	1,939
300,323	2,404
300,338	1,816
300,353	2,351
300,368	1,723
300,383	0,759
300,398	1,184
300,413	0,205
300,428	1,257
300,443	1,561
300,458	1,009
300,473	1,298
300,488	0,655
300,503	1,100
300,518	0,868
300,533	0,952
300,548	0,846
300,563	0,338
300,578	-0,115
300,593	-0,337
300,608	-0,443
300,623	0,413
300,638	0,342
300,653	-0,166
300,668	-0,985
300,683	-0,294
300,698	-0,802
300,713	0,040
300,728	0,053
300,743	0,032
300,758	-0,210
300,773	-0,502
300,788	-1,170
300,803	-1,382
300,818	-0,661
300,833	-0,547
300,848	-0,965
300,863	-1,538
300,878	-0,882
300,893	-0,703
300,908	-0,719
300,923	-0,856
300,938	-0,967
300,953	-0,703
300,968	-1,742
300,983	-1,784
300,998	-0,706
301,013	-1,505
301,028	-0,834
301,043	-1,212
301,058	-1,042
301,073	-1,024
301,088	-1,747
301,103	-1,051
301,118	-1,524
301,133	-1,695
301,148	-1,025
301,163	-1,733
301,178	-1,950
301,193	-1,550
301,208	-2,314
301,223	-1,387
301,238	-1,955
301,253	-2,393
301,268	-2,113
301,283	-2,791
301,298	-1,604
301,313	-1,405
301,328	-2,549
301,343	-1,643
301,358	-2,296
301,373	-2,453
301,388	-1,817
301,403	-2,245
301,418	-1,775
301,433	-2,373
301,448	-2,695
301,463	-2,465
301,478	-2,868
301,493	-1,811
301,508	-1,822
301,523	-2,561
301,538	-2,010
301,553	-2,839
301,568	-3,216
301,583	-2,059
301,598	-2,326
301,613	-2,016
301,628	-2,238
301,643	-2,811
301,658	-2,898
301,673	-3,195
301,688	-2,655
301,703	-2,245
301,718	-2,557
301,733	-3,170
301,748	-2,925
301,763	-2,967
301,778	-2,306
301,793	-2,347
301,808	-2,604
301,823	-2,360
301,838	-3,209
301,853	-3,511
301,868	-2,439
301,884	-2,656
301,898	-2,517
301,913	-3,130
301,928	-2,670
301,943	-2,586
301,959	-3,891
301,974	-2,513
301,988	-2,554
302,003	-2,701
302,019	-2,587
302,034	-3,406
302,048	-2,956
302,063	-2,741
302,079	-3,605
302,094	-2,789
302,109	-2,680
302,124	-3,669
302,139	-3,179
302,154	-4,223
302,169	-3,051
302,184	-3,142
302,199	-3,490
302,214	-2,989
302,229	-3,622
302,244	-3,619
302,259	-3,038
302,274	-4,002
302,289	-3,176
302,304	-3,629
302,319	-4,543
302,334	-2,984
302,349	-4,199
302,364	-3,178
302,379	-2,863
302,394	-3,762
302,409	-3,276
302,424	-3,749
302,439	-3,996
302,454	-3,451
302,469	-2,981
302,484	-3,177
302,499	-3,254
302,514	-4,273
302,529	-4,279
302,544	-4,321
302,559	-3,414
302,574	-3,471
302,589	-3,723
302,604	-3,589
302,619	-4,197
302,634	-3,501
302,649	-3,597
302,664	-3,754
302,679	-3,540
302,694	-3,561
302,709	-4,134
302,724	-3,358
302,739	-4,317
302,754	-4,434
302,769	-3,562
302,784	-4,020
302,799	-3,660
302,814	-4,408
302,829	-4,430
302,844	-3,588
302,859	-3,911
302,874	-3,897
302,889	-3,552
302,904	-4,667
302,919	-4,653
302,934	-3,721
302,949	-3,938
302,964	-3,774
302,979	-4,417
302,994	-4,855
303,009	-3,958
303,024	-5,093
303,039	-3,790
303,054	-4,022
303,069	-4,199
303,084	-3,859
303,099	-4,693
303,114	-4,664
303,129	-4,119
303,144	-4,165
303,159	-4,016
303,174	-4,238
303,189	-5,207
303,204	-4,762
303,219	-5,029
303,234	-3,867
303,249	-4,154
303,264	-3,955
303,279	-4,211
303,294	-4,920
303,309	-4,831
303,324	-4,045
303,339	-4,347
303,354	-4,278
303,369	-4,690
303,384	-5,048
303,399	-4,894
303,414	-5,286
303,429	-4,400
303,444	-4,180
303,459	-4,588
303,474	-4,218
303,489	-4,435
303,504	-5,489
303,519	-4,106
303,534	-4,393
303,549	-4,299
303,564	-4,200
303,579	-5,225
303,594	-5,311
303,609	-5,458
303,624	-4,150
303,639	-4,497
303,654	-4,729
303,669	-4,395
303,684	-5,635
303,699	-5,731
303,714	-4,303
303,729	-5,498
303,744	-4,496
303,759	-4,613
303,774	-5,452
303,789	-5,282
303,804	-5,720
303,819	-4,884
303,834	-4,433
303,849	-4,435
303,864	-5,168
303,879	-4,904
303,894	-5,095
303,909	-4,605
303,925	-4,471
303,940	-4,422
303,954	-4,504
303,969	-5,262
303,985	-5,289
304,000	-4,558
304,014	-4,584
304,029	-4,771
304,045	-5,685
304,060	-5,826
304,075	-5,131
304,089	-5,954
304,105	-5,028
304,120	-4,437
304,135	-5,411
304,150	-4,946
304,165	-5,173
304,180	-5,731
304,195	-4,810
304,210	-5,117
304,225	-4,556
304,240	-4,643
304,255	-5,356
304,270	-4,991
304,285	-5,519
304,300	-4,894
304,315	-4,965
304,330	-4,951
304,345	-4,802
304,360	-5,400
304,375	-5,451
304,390	-4,886
304,405	-5,885
304,420	-5,004
304,435	-4,900
304,450	-5,703
304,465	-5,785
304,480	-5,992
304,495	-5,105
304,510	-5,377
304,525	-5,449
304,540	-4,919
304,555	-5,472
304,570	-5,332
304,585	-4,933
304,600	-4,848
304,615	-4,754
304,630	-4,936
304,645	-6,046
304,660	-5,791
304,675	-5,652
304,690	-5,337
304,705	-4,832
304,720	-4,888
304,735	-5,898
304,750	-5,418
304,765	-6,221
304,780	-5,119
304,795	-5,502
304,810	-5,122
304,825	-4,927
304,840	-5,916
304,855	-6,299
304,870	-6,004
304,885	-5,735
304,900	-4,858
304,915	-5,547
304,930	-5,678
304,945	-4,912
304,960	-5,741
304,975	-5,376
304,990	-4,976
305,005	-5,168
305,020	-5,079
305,035	-5,732
305,050	-5,949
305,065	-5,153
305,080	-5,937
305,095	-5,155
305,110	-5,152
305,125	-6,347
305,140	-5,676
305,155	-6,339
305,170	-5,387
305,185	-5,529
305,200	-5,736
305,215	-5,216
305,230	-5,016
305,245	-5,359
305,260	-5,154
305,275	-5,878
305,290	-5,372
305,305	-5,038
305,320	-6,242
305,335	-5,747
305,350	-6,195
305,365	-5,303
305,380	-5,435
305,395	-5,151
305,410	-5,252
305,425	-5,955
305,440	-6,493
305,455	-5,161
305,470	-5,804
305,485	-5,424
305,500	-5,450
305,515	-6,018
305,530	-5,302
305,545	-6,256
305,560	-5,570
305,575	-5,286
305,590	-5,979
305,605	-5,379
305,620	-5,766
305,635	-6,344
305,650	-5,347
305,665	-6,031
305,680	-5,430
305,695	-5,316
305,710	-6,862
305,725	-6,196
305,740	-6,488
305,755	-5,782
305,770	-5,648
305,785	-6,005
305,800	-6,854
305,815	-5,231
305,830	-6,466
305,845	-5,710
305,860	-6,177
305,875	-5,481
305,890	-5,568
305,906	-5,975
305,921	-6,518
305,935	-6,625
305,950	-6,200
305,966	-5,484
305,981	-5,495
305,995	-6,750
306,010	-6,175
306,026	-6,733
306,041	-5,776
306,055	-5,612
306,070	-5,628
306,086	-5,499
306,101	-6,348
306,116	-6,745
306,131	-5,794
306,146	-5,925
306,161	-5,686
306,176	-5,647
306,191	-6,686
306,206	-5,735
306,221	-6,343
306,236	-5,817
306,251	-5,638
306,266	-6,316
306,281	-5,961
306,296	-6,494
306,311	-6,521
306,326	-5,875
306,341	-6,333
306,356	-5,657
306,371	-6,180
306,386	-7,119
306,401	-6,488
306,416	-6,575
306,431	-6,416
306,446	-5,740
306,461	-6,082
306,476	-5,862
306,491	-6,456
306,506	-7,114
306,521	-6,032
306,536	-6,730
306,551	-5,804
306,566	-6,116
306,581	-6,929
306,596	-6,720
306,611	-6,997
306,626	-6,056
306,641	-5,972
306,656	-6,424
306,671	-5,819
306,686	-6,296
306,701	-7,215
306,716	-5,812
306,731	-6,004
306,746	-6,176
306,761	-6,312
306,776	-6,449
306,791	-6,074
306,806	-7,084
306,821	-6,874
306,836	-6,093
306,851	-6,165
306,866	-7,199
306,881	-6,558
306,896	-6,865
306,911	-6,054
306,926	-5,975
306,941	-6,237
306,956	-6,113
306,971	-6,726
306,986	-7,089
307,001	-5,991
307,016	-6,213
307,031	-5,944
307,046	-6,171
307,061	-7,055
307,076	-6,499
307,091	-7,398
307,106	-6,181
307,121	-6,077
307,136	-6,068
307,151	-6,084
307,166	-7,425
307,181	-6,629
307,196	-5,933
307,211	-6,656
307,226	-6,126
307,241	-7,010
307,256	-6,931
307,271	-5,874
307,286	-6,853
307,301	-5,966
307,316	-5,807
307,331	-6,119
307,346	-6,015
307,361	-7,080
307,376	-6,800
307,391	-6,034
307,406	-6,738
307,421	-6,067
307,436	-6,108
307,451	-6,661
307,466	-6,788
307,481	-7,210
307,496	-6,033
307,511	-6,506
307,526	-6,457
307,541	-5,961
307,556	-6,555
307,571	-6,842
307,586	-5,985
307,601	-5,972
307,616	-6,033
307,631	-6,109
307,646	-7,008
307,661	-6,694
307,676	-6,986
307,691	-6,982
307,706	-6,066
307,721	-5,981
307,736	-6,043
307,751	-6,651
307,766	-7,194
307,781	-6,127
307,796	-6,188
307,811	-6,330
307,826	-6,487
307,841	-6,784
307,856	-6,890
307,871	-7,363
307,886	-6,361
307,901	-6,127
307,916	-6,168
307,932	-7,338
307,947	-6,858
307,962	-7,566
307,976	-6,248
307,991	-6,265
308,007	-6,356
308,022	-7,024
308,036	-6,865
308,051	-7,062
308,067	-6,191
308,082	-6,749
308,097	-6,354
308,111	-6,220
308,127	-7,028
308,142	-6,298
308,157	-7,121
308,172	-6,541
308,187	-6,376
308,202	-6,408
308,217	-6,790
308,232	-6,882
308,247	-7,098
308,262	-6,453
308,277	-7,206
308,292	-6,440
308,307	-6,813
308,322	-7,481
308,337	-6,369
308,352	-7,253
308,367	-6,923
308,382	-6,438
308,397	-7,628
308,412	-6,571
308,427	-7,234
308,442	-7,385
308,457	-6,690
308,472	-7,268
308,487	-6,477
308,502	-6,578
308,517	-7,652
308,532	-7,413
308,547	-7,630
308,562	-6,909
308,577	-6,584
308,592	-7,258
308,607	-6,507
308,622	-6,603
308,637	-6,690
308,652	-6,947
308,667	-6,562
308,682	-6,603
308,697	-6,951
308,712	-7,117
308,727	-7,314
308,742	-7,566
308,757	-6,905
308,772	-6,766
308,787	-6,737
308,802	-6,719
308,817	-7,011
308,832	-7,448
308,847	-7,063
308,862	-6,503
308,877	-6,795
308,892	-6,626
308,907	-7,901
308,922	-7,531
308,937	-7,337
308,952	-6,892
308,967	-6,863
308,982	-7,245
308,997	-8,104
309,012	-7,353
309,027	-8,232
309,042	-6,914
309,057	-6,705
309,072	-6,967
309,087	-6,657
309,102	-8,048
309,117	-8,285
309,132	-7,022
309,147	-7,705
309,162	-6,904
309,177	-6,830
309,192	-7,674
309,207	-6,863
309,222	-8,103
309,237	-7,021
309,252	-6,917
309,267	-7,394
309,282	-6,799
309,297	-7,226
309,312	-8,231
309,327	-6,908
309,342	-7,767
309,357	-6,900
309,372	-6,967
309,387	-7,409
309,402	-7,180
309,417	-7,923
309,432	-7,027
309,447	-7,108
309,462	-6,974
309,477	-7,186
309,492	-7,428
309,507	-7,931
309,522	-7,571
309,537	-7,683
309,552	-7,117
309,567	-7,043
309,582	-7,987
309,597	-7,994
309,612	-8,356
309,627	-7,530
309,642	-7,140
309,657	-7,357
309,672	-7,047
309,687	-7,846
309,702	-7,927
309,717	-7,016
309,732	-7,052
309,747	-6,963
309,762	-7,486
309,777	-7,718
309,792	-7,729
309,807	-8,031
309,822	-7,912
309,837	-7,688
309,852	-7,453
309,867	-8,282
309,882	-7,631
309,897	-8,380
309,912	-7,248
309,928	-7,073
309,942	-7,370
309,957	-7,372
309,973	-7,910
309,988	-8,152
310,002	-7,521
310,017	-7,587
310,033	-7,142
310,048	-7,144
310,062	-8,073
310,077	-7,713
310,093	-8,150
310,108	-7,249
310,123	-7,115
310,138	-7,417
310,153	-7,609
310,168	-7,966
310,183	-7,676
310,198	-7,211
310,213	-8,135
310,228	-6,828
310,243	-7,340
310,258	-7,808
310,273	-7,879
310,288	-8,513
310,303	-7,691
310,318	-7,201
310,333	-7,774
310,348	-7,334
310,363	-7,606
310,378	-8,254
310,393	-7,423
310,408	-8,016
310,423	-6,924
310,438	-7,276
310,453	-8,401
310,468	-7,269
310,483	-8,669
310,498	-7,592
310,513	-7,197
310,528	-7,941
310,543	-7,325
310,558	-8,555
310,573	-8,085
310,588	-7,660
310,603	-8,449
310,618	-7,387
310,633	-7,498
310,648	-7,901
310,663	-8,383
310,678	-8,455
310,693	-8,396
310,708	-7,655
310,723	-7,526
310,738	-7,462
310,753	-8,180
310,768	-8,226
310,783	-7,596
310,798	-7,517
310,813	-7,418
310,828	-7,605
310,843	-8,303
310,858	-8,435
310,873	-8,672
310,888	-7,981
310,903	-7,456
310,918	-8,099
310,933	-8,677
310,948	-7,986
310,963	-7,511
310,978	-7,447
310,993	-7,523
311,008	-7,891
311,023	-7,290
311,038	-8,465
311,053	-8,536
311,068	-8,733
311,083	-8,303
311,098	-7,668
311,113	-8,055
311,128	-8,076
311,143	-7,982
311,158	-8,590
311,173	-7,789
311,188	-7,700
311,203	-7,686
311,218	-7,813
311,233	-8,265
311,248	-8,156
311,263	-7,897
311,278	-8,555
311,293	-7,608
311,308	-7,850
311,323	-8,333
311,338	-7,803
311,353	-7,950
311,368	-7,750
311,383	-7,731
311,398	-7,673
311,413	-7,779
311,428	-8,106
311,443	-9,080
311,458	-7,928
311,473	-8,998
311,488	-7,790
311,503	-7,922
311,518	-7,988
311,533	-8,907
311,548	-8,893
311,563	-8,338
311,578	-7,908
311,593	-8,486
311,608	-7,946
311,623	-8,253
311,638	-9,071
311,653	-7,854
311,668	-8,618
311,683	-8,017
311,698	-7,898
311,713	-8,737
311,728	-8,071
311,743	-8,990
311,758	-8,179
311,773	-8,015
311,788	-7,855
311,803	-8,057
311,818	-7,903
311,833	-9,058
311,848	-8,211
311,863	-7,807
311,878	-8,189
311,893	-8,140
311,908	-8,502
311,923	-8,880
311,938	-9,152
311,954	-8,822
311,969	-8,217
311,983	-8,594
311,998	-9,533
312,014	-8,556
312,029	-9,405
312,043	-8,418
312,058	-8,114
312,074	-8,040
312,089	-8,146
312,103	-8,428
312,119	-9,232
312,134	-8,180
312,149	-8,793
312,164	-8,208
312,179	-8,179
312,194	-8,777
312,209	-8,532
312,224	-9,537
312,239	-8,485
312,254	-8,245
312,269	-8,091
312,284	-8,007
312,299	-9,438
312,314	-9,143
312,329	-7,921
312,344	-8,855
312,359	-8,510
312,374	-8,105
312,389	-9,380
312,404	-8,468
312,419	-9,247
312,434	-8,937
312,449	-8,196
312,464	-8,689
312,479	-8,289
312,494	-8,692
312,509	-8,873
312,524	-8,298
312,539	-8,761
312,554	-8,451
312,569	-8,121
312,584	-8,784
312,599	-8,811
312,614	-9,429
312,629	-8,984
312,644	-8,213
312,659	-8,690
312,674	-8,255
312,689	-8,994
312,704	-9,291
312,719	-8,525
312,734	-8,090
312,749	-8,307
312,764	-8,298
312,779	-8,891
312,794	-8,892
312,809	-8,743
312,824	-8,388
312,839	-8,640
312,854	-8,315
312,869	-8,362
312,884	-8,629
312,899	-9,142
312,914	-8,280
312,929	-8,216
312,944	-8,448
312,959	-8,409
312,974	-8,922
312,989	-9,254
313,004	-9,376
313,019	-9,372
313,034	-8,370
313,049	-8,337
313,064	-9,055
313,079	-8,665
313,094	-9,905
313,109	-8,562
313,124	-8,423
313,139	-8,655
313,154	-8,421
313,169	-8,818
313,184	-9,707
313,199	-8,550
313,214	-9,419
313,229	-8,422
313,244	-8,398
313,259	-9,402
313,274	-9,078
313,289	-9,540
313,304	-8,539
313,319	-8,269
313,334	-8,686
313,349	-8,487
313,364	-9,000
313,379	-9,849
313,394	-8,521
313,409	-9,781
313,424	-8,534
313,439	-8,750
313,454	-9,404
313,469	-8,427
313,484	-9,657
313,499	-8,771
313,514	-8,346
313,529	-8,437
313,544	-8,488
313,559	-8,966
313,574	-9,699
313,589	-8,758
313,604	-9,441
313,619	-8,404
313,634	-8,386
313,649	-9,154
313,664	-9,627
313,679	-9,222
313,694	-9,444
313,709	-8,703
313,724	-9,732
313,739	-8,610
313,754	-9,384
313,769	-9,134
313,784	-8,834
313,799	-8,795
313,814	-8,741
313,829	-8,698
313,844	-9,175
313,859	-9,437
313,875	-9,835
313,889	-9,480
313,904	-8,799
313,920	-8,670
313,935	-8,827
313,950	-9,139
313,964	-9,797
313,979	-9,001
313,995	-8,677
314,010	-9,044
314,024	-8,679
314,039	-10,114
314,055	-10,126
314,070	-9,926
314,084	-9,446
314,099	-8,660
314,115	-8,797
314,130	-9,560
314,145	-8,880
314,160	-9,914
314,175	-8,656
314,190	-8,898
314,205	-8,824
314,220	-8,931
314,235	-9,524
314,250	-9,741
314,265	-9,185
314,280	-9,738
314,295	-8,887
314,310	-8,648
314,325	-9,451
314,340	-8,740
314,355	-9,609
314,370	-9,405
314,385	-8,734
314,400	-9,222
314,415	-8,882
314,430	-9,154
314,445	-9,476
314,460	-8,891
314,475	-9,845
314,490	-8,733
314,505	-9,055
314,520	-9,633
314,535	-8,957
314,550	-9,590
314,565	-9,572
314,580	-8,871
314,595	-9,599
314,610	-8,748
314,625	-9,446
314,640	-9,818
314,655	-8,992
314,670	-9,816
314,685	-8,895
314,700	-8,846
314,715	-9,664
314,730	-9,681
314,745	-10,128
314,760	-9,583
314,775	-8,902
314,790	-8,913
314,805	-8,849
314,820	-9,447
314,835	-9,479
314,850	-9,004
314,865	-9,667
314,880	-9,066
314,895	-8,897
314,910	-9,390
314,925	-9,782
314,940	-9,889
314,955	-9,559
314,970	-9,039
314,985	-8,945
315,000	-10,305
315,009	-9,778
315,024	-9,627
315,039	-9,035
315,054	-9,426
315,069	-9,912
315,084	-9,355
315,099	-9,169
315,114	-9,414
315,129	-9,504
315,144	-9,604
315,159	-8,916
315,174	-9,503
315,189	-9,738
315,204	-9,477
315,219	-10,003
315,234	-9,090
315,249	-9,752
315,264	-9,651
315,279	-10,227
315,294	-9,344
315,309	-10,191
315,324	-9,037
315,339	-9,132
315,354	-9,287
315,369	-8,981
315,384	-9,657
315,399	-9,747
315,414	-10,033
315,429	-9,671
315,444	-9,114
315,459	-9,400
315,474	-9,575
315,489	-9,564
315,504	-9,905
315,519	-9,373
315,534	-9,076
315,549	-9,026
315,564	-9,171
315,579	-9,607
315,594	-9,456
315,609	-9,461
315,624	-9,581
315,639	-8,958
315,654	-9,204
315,669	-10,246
315,684	-10,000
315,699	-9,624
315,714	-9,107
315,729	-9,312
315,744	-9,512
315,759	-9,527
315,774	-9,782
315,789	-9,310
315,804	-9,084
315,819	-9,380
315,834	-9,585
315,849	-9,233
315,864	-9,077
315,879	-9,955
315,894	-9,959
315,909	-9,106
315,925	-9,196
315,940	-9,858
315,954	-10,163
315,969	-9,606
315,985	-10,443
316,000	-9,254
316,014	-10,292
316,029	-10,272
316,045	-9,915
316,060	-9,789
316,075	-9,844
316,089	-9,939
316,105	-9,261
316,120	-9,326
316,135	-9,601
316,150	-9,295
316,165	-9,756
316,180	-10,197
316,195	-9,620
316,210	-9,534
316,225	-9,448
316,240	-9,072
316,255	-10,145
316,270	-9,347
316,285	-10,310
316,300	-9,913
316,315	-9,225
316,330	-9,676
316,345	-10,438
316,360	-9,660
316,375	-10,166
316,390	-9,293
316,405	-9,474
316,420	-9,563
316,435	-9,217
316,450	-10,024
316,465	-9,813
316,480	-9,522
316,495	-9,436
316,510	-9,491
316,525	-10,333
316,540	-9,786
316,555	-9,404
316,570	-9,690
316,585	-9,985
316,600	-9,558
316,615	-9,157
316,630	-9,874
316,645	-10,159
316,660	-10,048
316,675	-9,441
316,690	-10,068
316,705	-9,942
316,720	-9,310
316,735	-9,545
316,750	-9,474
316,765	-10,005
316,780	-9,684
316,795	-9,232
316,810	-9,543
316,825	-9,191
316,840	-9,657
316,855	-9,943
316,870	-9,155
316,885	-9,967
316,900	-9,505
316,915	-9,570
316,930	-12,850
316,945	-9,995
316,960	-10,271
316,975	-9,588
316,990	-9,462
317,005	-9,141
317,020	-9,171
317,035	-9,948
317,050	-9,812
317,065	-9,355
317,080	-9,330
317,095	-9,479
317,110	-10,006
317,125	-9,920
317,140	-10,075
317,155	-10,200
317,170	-9,728
317,185	-9,226
317,200	-9,592
317,215	-9,737
317,230	-10,394
317,245	-9,225
317,260	-9,375
317,275	-9,625
317,290	-9,991
317,305	-9,649
317,320	-9,263
317,335	-9,438
317,350	-9,854
317,365	-9,663
317,380	-9,341
317,395	-9,622
317,410	-10,123
317,425	-9,440
317,440	-10,513
317,455	-9,540
317,470	-9,409
317,485	-9,268
317,500	-9,238
317,515	-9,338
317,530	-9,563
317,545	-9,342
317,560	-9,908
317,575	-9,070
317,590	-9,195
317,605	-9,576
317,620	-9,836
317,635	-10,242
317,650	-10,001
317,665	-9,048
317,680	-9,634
317,695	-9,237
317,710	-9,653
317,725	-10,255
317,740	-9,261
317,755	-9,757
317,770	-9,060
317,785	-9,435
317,800	-9,621
317,815	-9,184
317,830	-10,207
317,845	-9,434
317,860	-9,203
317,875	-9,433
317,890	-9,051
317,906	-9,668
317,921	-9,376
317,935	-9,682
317,950	-9,280
317,966	-9,225
317,981	-10,132
317,995	-9,234
318,010	-9,444
318,026	-9,113
318,041	-9,739
318,055	-9,894
318,070	-9,147
318,086	-9,181
318,101	-9,457
318,116	-9,938
318,131	-9,245
318,146	-9,240
318,161	-9,811
318,176	-9,179
318,191	-9,981
318,206	-10,126
318,221	-10,206
318,236	-9,900
318,251	-9,242
318,266	-9,232
318,281	-9,256
318,296	-9,627
318,311	-10,063
318,326	-9,531
318,341	-9,445
318,356	-9,400
318,371	-9,264
318,386	-9,765
318,401	-10,101
318,416	-10,205
318,431	-10,039
318,446	-9,548
318,461	-9,442
318,476	-9,908
318,491	-9,867
318,506	-10,323
318,521	-9,535
318,536	-9,314
318,551	-9,459
318,566	-9,349
318,581	-9,509
318,596	-10,095
318,611	-9,297
318,626	-9,879
318,641	-9,322
318,656	-9,186
318,671	-10,219
318,686	-9,947
318,701	-9,536
318,716	-9,324
318,731	-9,294
318,746	-10,131
318,761	-9,077
318,776	-9,413
318,791	-9,709
318,806	-10,170
318,821	-9,447
318,836	-9,146
318,851	-9,115
318,866	-10,183
318,881	-9,485
318,896	-9,184
318,911	-9,304
318,926	-9,223
318,941	-9,494
318,956	-9,162
318,971	-9,292
318,986	-9,838
319,001	-9,106
319,016	-10,194
319,031	-9,521
319,046	-9,345
319,061	-9,857
319,076	-9,962
319,091	-9,861
319,106	-9,474
319,121	-9,143
319,136	-9,202
319,151	-9,172
319,166	-9,879
319,181	-10,044
319,196	-9,497
319,211	-9,160
319,226	-9,240
319,241	-9,195
319,256	-9,921
319,271	-10,142
319,286	-9,820
319,301	-9,223
319,316	-9,378
319,331	-9,508
319,346	-9,869
319,361	-9,382
319,376	-10,324
319,391	-9,426
319,406	-9,225
319,421	-9,220
319,436	-9,490
319,451	-10,402
319,466	-9,284
319,481	-9,328
319,496	-9,559
319,511	-9,919
319,526	-9,277
319,541	-9,261
319,556	-10,304
319,571	-9,908
319,586	-9,035
319,601	-9,014
319,616	-9,480
319,631	-9,891
319,646	-9,740
319,661	-9,173
319,676	-9,358
319,691	-9,920
319,706	-8,991
319,721	-9,176
319,736	-10,043
319,751	-9,195
319,766	-10,028
319,781	-9,149
319,796	-9,039
319,811	-9,184
319,826	-9,138
319,841	-9,208
319,856	-9,644
319,871	-9,062
319,886	-9,658
319,901	-8,991
319,916	-9,101
319,932	-10,013
319,947	-9,350
319,962	-9,601
319,976	-9,079
319,991	-9,094
320,007	-9,148
320,022	-9,098
320,036	-9,303
320,051	-9,192
320,067	-9,302
320,082	-10,164
320,097	-9,266
320,111	-8,940
320,127	-10,053
320,142	-10,087
320,157	-9,530
320,172	-9,088
320,187	-8,847
320,202	-9,775
320,217	-9,820
320,232	-9,177
320,247	-9,072
320,262	-9,477
320,277	-8,950
320,292	-9,266
320,307	-9,421
320,322	-9,862
320,337	-9,380
320,352	-9,670
320,367	-9,118
320,382	-9,885
320,397	-9,147
320,412	-10,010
320,427	-9,227
320,442	-9,899
320,457	-9,176
320,472	-9,070
320,487	-9,004
320,502	-8,874
320,517	-8,903
320,532	-9,746
320,547	-9,444
320,562	-9,745
320,577	-9,228
320,592	-8,891
320,607	-9,342
320,622	-9,232
320,637	-9,868
320,652	-9,401
320,667	-9,190
320,682	-8,829
320,697	-9,154
320,712	-9,455
320,727	-9,640
320,742	-8,877
320,757	-9,514
320,772	-8,962
320,787	-9,142
320,802	-9,708
320,817	-8,689
320,832	-9,547
320,847	-9,837
320,862	-8,884
320,877	-8,984
320,892	-9,445
320,907	-9,685
320,922	-8,937
320,937	-8,957
320,952	-9,503
320,967	-9,819
320,982	-9,427
320,997	-8,860
321,012	-9,497
321,027	-9,777
321,042	-9,476
321,057	-9,049
321,072	-9,370
321,087	-9,018
321,102	-9,444
321,117	-8,952
321,132	-9,323
321,147	-10,070
321,162	-8,916
321,177	-9,266
321,192	-9,221
321,207	-9,717
321,222	-9,757
321,237	-9,014
321,252	-9,064
321,267	-8,848
321,282	-8,802
321,297	-9,248
321,312	-9,930
321,327	-9,588
321,342	-8,881
321,357	-8,885
321,372	-8,885
321,387	-9,436
321,402	-9,892
321,417	-9,275
321,432	-9,941
321,447	-8,858
321,462	-8,822
321,477	-9,629
321,492	-8,696
321,507	-9,829
321,522	-9,222
321,537	-8,840
321,552	-8,935
321,567	-8,814
321,582	-9,335
321,597	-9,721
321,612	-8,943
321,627	-8,642
321,642	-8,938
321,657	-9,253
321,672	-9,734
321,687	-8,786
321,702	-9,191
321,717	-9,166
321,732	-9,446
321,747	-8,639
321,762	-8,754
321,777	-8,959
321,792	-9,676
321,807	-8,787
321,822	-8,963
321,837	-8,982
321,852	-9,448
321,867	-8,916
321,882	-8,465
321,897	-9,793
321,912	-9,326
321,928	-8,849
321,942	-8,874
321,957	-8,668
321,973	-9,159
321,988	-9,545
322,002	-9,073
322,017	-9,333
322,033	-8,907
322,048	-9,298
322,062	-9,091
322,077	-9,648
322,093	-9,607
322,108	-8,734
322,123	-8,824
322,138	-9,330
322,153	-8,658
322,168	-9,550
322,183	-9,695
322,198	-9,012
322,213	-8,821
322,228	-8,726
322,243	-8,831
322,258	-9,196
322,273	-9,291
322,288	-9,200
322,303	-8,689
322,318	-8,588
322,333	-8,688
322,348	-8,772
322,363	-9,544
322,378	-9,348
322,393	-8,716
322,408	-8,706
322,423	-8,796
322,438	-9,292
322,453	-8,730
322,468	-8,845
322,483	-8,864
322,498	-9,115
322,513	-8,773
322,528	-8,762
322,543	-9,560
322,558	-9,308
322,573	-9,915
322,588	-9,333
322,603	-8,881
322,618	-8,785
322,633	-8,730
322,648	-8,849
322,663	-9,055
322,678	-9,004
322,693	-8,683
322,708	-9,605
322,723	-8,672
322,738	-8,576
322,753	-8,847
322,768	-8,801
322,783	-8,956
322,798	-9,492
322,813	-9,417
322,828	-9,211
322,843	-8,834
322,858	-8,673
322,873	-9,044
322,888	-8,863
322,903	-9,775
322,918	-8,782
322,933	-8,676
322,948	-8,876
322,963	-8,816
322,978	-9,352
322,993	-9,201
323,008	-8,829
323,023	-9,260
323,038	-8,738
323,053	-8,959
323,068	-9,039
323,083	-9,344
323,098	-9,163
323,113	-8,651
323,128	-8,570
323,143	-9,066
323,158	-9,121
323,173	-8,745
323,188	-8,714
323,203	-8,588
323,218	-9,501
323,233	-8,778
323,248	-8,577
323,263	-9,088
323,278	-9,384
323,293	-9,539
323,308	-9,012
323,323	-8,670
323,338	-9,608
323,353	-8,639
323,368	-9,040
323,383	-9,727
323,398	-8,964
323,413	-9,902
323,428	-9,154
323,443	-8,898
323,458	-9,028
323,473	-9,449
323,488	-9,694
323,503	-9,152
323,518	-9,016
323,533	-8,820
323,548	-8,845
323,563	-8,919
323,578	-9,867
323,593	-8,803
323,608	-8,778
323,623	-8,822
323,638	-8,752
323,653	-8,832
323,668	-9,353
323,683	-9,503
323,698	-9,332
323,713	-8,840
323,728	-8,809
323,743	-9,250
323,758	-9,034
323,773	-9,761
323,788	-8,948
323,803	-8,998
323,818	-8,912
323,833	-9,429
323,848	-9,664
323,863	-8,941
323,878	-9,006
323,893	-9,507
323,908	-9,050
323,923	-9,105
323,938	-8,854
323,954	-9,611
323,969	-9,721
323,983	-9,515
323,998	-9,043
324,014	-9,058
324,029	-9,694
324,043	-9,578
324,058	-9,809
324,074	-8,971
324,089	-9,497
324,103	-8,854
324,119	-8,743
324,134	-9,872
324,149	-8,963
324,164	-9,540
324,179	-9,474
324,194	-9,087
324,209	-10,000
324,224	-8,986
324,239	-9,332
324,254	-9,653
324,269	-9,156
324,284	-9,441
324,299	-8,844
324,314	-8,894
324,329	-9,410
324,344	-9,329
324,359	-9,283
324,374	-9,579
324,389	-8,676
324,404	-9,006
324,419	-8,906
324,434	-8,961
324,449	-9,702
324,464	-8,945
324,479	-9,586
324,494	-8,884
324,509	-8,823
324,524	-9,505
324,539	-9,705
324,554	-9,755
324,569	-8,851
324,584	-8,771
324,599	-10,079
324,614	-9,728
324,629	-9,050
324,644	-8,789
324,659	-10,103
324,674	-9,862
324,689	-9,114
324,704	-8,888
324,719	-9,590
324,734	-9,569
324,749	-8,952
324,764	-9,152
324,779	-9,909
324,794	-8,745
324,809	-9,076
324,824	-9,195
324,839	-9,812
324,854	-9,275
324,869	-8,793
324,884	-9,199
324,899	-9,278
324,914	-9,258
324,929	-9,363
324,944	-9,001
324,959	-9,909
324,974	-8,991
324,989	-8,850
325,004	-9,592
325,019	-8,779
325,034	-9,797
325,049	-8,833
325,064	-9,079
325,079	-9,219
325,094	-8,917
325,109	-8,997
325,124	-9,603
325,139	-9,342
325,154	-9,673
325,169	-8,970
325,184	-8,844
325,199	-9,967
325,214	-8,934
325,229	-9,530
325,244	-9,505
325,259	-8,898
325,274	-8,957
325,289	-9,328
325,304	-9,950
325,319	-9,884
325,334	-9,051
325,349	-9,146
325,364	-9,843
325,379	-9,230
325,394	-9,350
325,409	-8,994
325,424	-10,026
325,439	-9,645
325,454	-8,962
325,469	-9,128
325,484	-9,754
325,499	-9,588
325,513	-8,773
325,528	-8,762
325,543	-9,560
325,558	-9,308
325,573	-9,915
325,588	-9,333
325,603	-8,881
325,618	-8,785
325,633	-8,730
325,648	-8,849
325,663	-9,055
325,678	-9,004
325,693	-8,683
325,708	-9,605
325,723	-8,672
325,738	-8,576
325,753	-8,847
325,768	-8,801
325,783	-8,956
325,798	-9,492
325,813	-9,417
325,828	-9,211
325,843	-8,834
325,858	-8,673
325,873	-9,044
325,888	-8,863
325,903	-9,775
325,918	-8,782
325,933	-8,676
325,948	-8,876
325,963	-8,816
325,978	-9,352
325,993	-9,201
326,008	-8,829
326,023	-9,260
326,038	-8,738
326,053	-8,959
326,068	-9,039
326,083	-9,344
326,098	-9,163
326,113	-8,651
326,128	-8,570
326,143	-9,066
326,158	-9,121
326,173	-8,745
326,188	-8,714
326,203	-8,588
326,218	-9,501
326,233	-8,778
326,248	-8,577
326,263	-9,088
326,278	-9,384
326,293	-9,539
326,308	-9,012
326,323	-8,670
326,338	-9,608
326,353	-8,639
326,368	-9,040
326,383	-9,727
326,398	-8,964
326,413	-9,902
326,428	-9,154
326,443	-8,898
326,458	-9,028
326,473	-9,449
326,488	-9,694
326,503	-9,152
326,518	-9,016
326,533	-8,820
326,548	-8,845
326,563	-8,919
326,578	-9,867
326,593	-8,803
326,608	-8,778
326,623	-8,822
326,638	-8,752
326,653	-8,832
326,668	-9,353
326,683	-9,503
326,698	-9,332
326,713	-8,840
326,728	-8,809
326,743	-9,250
326,758	-9,034
326,773	-9,761
326,788	-8,948
326,803	-8,998
326,818	-8,912
326,833	-9,429
326,848	-9,664
326,863	-8,941
326,878	-9,006
326,893	-9,507
326,908	-9,050
326,923	-9,105
326,938	-8,854
326,954	-9,611
326,969	-9,721
326,983	-9,515
326,998	-9,043
327,014	-9,058
327,029	-9,694
327,043	-9,578
327,058	-9,809
327,074	-8,971
327,089	-9,497
327,103	-8,854
327,119	-8,743
327,134	-9,872
327,149	-8,963
327,164	-9,540
327,179	-9,474
327,194	-9,087
327,209	-10,000
327,224	-8,986
327,239	-9,332
327,254	-9,653
327,269	-9,156
327,284	-9,441
327,299	-8,844
327,314	-8,894
327,329	-9,410
327,344	-9,329
327,359	-9,283
327,374	-9,579
327,389	-8,676
327,404	-9,006
327,419	-8,906
327,434	-8,961
327,449	-9,702
327,464	-8,945
327,479	-9,586
327,494	-8,884
327,509	-8,823
327,524	-9,505
327,539	-9,705
327,554	-9,755
327,569	-8,851
327,584	-8,771
327,599	-10,079
327,614	-9,728
327,629	-9,050
327,644	-8,789
327,659	-10,103
327,674	-9,862
327,689	-9,114
327,704	-8,888
327,719	-9,590
327,734	-9,569
327,749	-8,952
327,764	-9,152
327,779	-9,909
327,794	-8,745
327,809	-9,076
327,824	-9,195
327,839	-9,812
327,854	-9,275
327,869	-8,793
327,884	-9,199
327,899	-9,278
327,914	-9,258
327,929	-9,363
327,944	-9,001
327,959	-9,909
327,974	-8,991
327,989	-8,850
328,004	-9,592
328,019	-8,779
328,034	-9,797
328,049	-8,833
328,064	-9,079
328,079	-9,219
328,094	-8,917
328,109	-8,997
328,124	-9,603
328,139	-9,342
328,154	-9,673
328,169	-8,970
328,184	-8,844
328,199	-9,967
328,214	-8,934
328,229	-9,530
328,244	-9,505
328,259	-8,898
328,274	-8,957
328,289	-9,328
328,304	-9,950
328,319	-9,884
328,334	-9,051
328,349	-9,146
328,364	-9,843
328,379	-9,230
328,394	-9,350
328,409	-8,994
328,424	-10,026
328,439	-9,645
328,454	-8,962
328,469	-9,128
328,484	-9,754
328,499	-9,588
328,514	-10,149
328,529	-9,261
328,544	-8,799
328,559	-9,045
328,574	-8,989
328,589	-9,576
328,604	-9,926
328,619	-9,525
328,634	-9,544
328,649	-9,052
328,664	-8,786
328,679	-8,961
328,694	-9,151
328,709	-9,938
328,724	-9,476
328,739	-9,140
328,754	-9,114
328,769	-8,984
328,784	-9,254
328,799	-9,891
328,814	-9,760
328,829	-9,454
328,844	-9,323
328,859	-9,092
328,875	-9,482
328,889	-9,246
328,904	-10,129
328,920	-9,586
328,935	-9,225
328,950	-9,320
328,964	-9,460
328,979	-9,419
328,995	-10,101
329,010	-9,153
329,024	-9,142
329,039	-9,267
329,055	-9,879
329,070	-9,848
329,084	-8,850
329,099	-9,281
329,115	-10,002
329,130	-10,273
329,145	-9,475
329,160	-9,244
329,175	-9,700
329,190	-9,875
329,205	-9,518
329,220	-9,859
329,235	-9,367
329,250	-9,126
329,265	-9,682
329,280	-9,165
329,295	-9,501
329,310	-9,731
329,325	-9,420
329,340	-9,740
329,355	-9,298
329,370	-9,398
329,385	-10,511
329,400	-9,714
329,415	-10,516
329,430	-9,647
329,445	-9,276
329,460	-9,923
329,475	-10,273
329,490	-10,102
329,505	-10,031
329,520	-9,339
329,535	-9,369
329,550	-9,393
329,565	-9,604
329,580	-9,839
329,595	-9,829
329,610	-9,547
329,625	-9,768
329,640	-10,675
329,655	-9,757
329,670	-10,479
329,685	-10,062
329,700	-10,463
329,715	-9,881
329,730	-9,744
329,745	-9,864
329,760	-10,075
329,775	-10,395
329,790	-9,873
329,805	-10,169
329,820	-10,018
329,835	-10,539
329,850	-9,942
329,865	-10,017
329,880	-10,854
329,895	-10,562
329,910	-10,271
329,925	-10,060
329,940	-10,676
329,955	-10,235
329,970	-9,913
329,985	-10,776
330,000	-10,585
