285,000	15,317
285,015	15,720
285,030	16,565
285,045	16,040
285,060	15,651
285,075	15,985
285,090	16,694
285,105	16,581
285,120	16,041
285,135	16,670
285,150	17,108
285,165	17,075
285,180	17,183
285,195	17,245
285,210	17,232
285,225	16,778
285,240	16,775
285,255	17,254
285,270	17,652
285,285	17,373
285,300	17,661
285,315	17,307
285,330	17,470
285,345	17,662
285,360	17,745
285,375	17,842
285,390	17,864
285,405	16,838
285,420	17,858
285,435	17,535
285,450	17,938
285,465	17,930
285,480	17,451
285,495	18,054
285,510	17,199
285,525	17,667
285,540	18,256
285,555	17,872
285,570	18,396
285,585	18,233
285,600	17,482
285,615	18,342
285,630	17,657
285,645	18,456
285,660	18,358
285,675	18,416
285,690	18,267
285,705	18,495
285,720	18,633
285,735	18,775
285,750	18,180
285,765	18,488
285,780	18,771
285,795	18,442
285,810	18,234
285,825	18,091
285,840	18,775
285,855	19,033
285,870	18,739
285,885	18,846
285,901	18,753
285,916	18,625
285,930	18,321
285,945	18,885
285,961	18,992
285,976	19,039
285,990	17,933
286,005	18,341
286,021	18,318
286,036	18,606
286,050	18,950
286,065	19,017
286,080	18,422
286,096	18,815
286,111	18,356
286,125	19,091
286,141	19,143
286,156	18,964
286,171	19,177
286,186	18,492
286,201	18,534
286,216	19,198
286,231	18,493
286,246	19,037
286,261	18,693
286,276	18,540
286,291	18,652
286,306	18,103
286,321	18,676
286,336	18,844
286,351	19,107
286,366	19,009
286,381	17,887
286,396	18,381
286,411	18,699
286,426	18,917
286,441	19,114
286,456	17,938
286,471	18,507
286,486	18,739
286,501	18,917
286,516	17,916
286,531	18,274
286,546	18,938
286,561	19,071
286,576	18,331
286,591	18,865
286,606	18,872
286,621	18,738
286,636	18,314
286,651	18,873
286,666	18,499
286,681	18,531
286,696	17,972
286,711	18,721
286,726	18,833
286,741	18,835
286,756	18,772
286,771	18,544
286,786	18,170
286,801	18,633
286,816	18,655
286,831	18,617
286,846	18,499
286,861	17,869
286,876	18,137
286,891	17,683
286,906	18,763
286,921	18,720
286,936	18,266
286,951	18,594
286,966	18,094
286,981	17,174
286,996	18,550
287,011	18,347
287,026	18,399
287,041	18,446
287,056	18,172
287,071	17,843
287,086	17,439
287,101	18,168
287,116	18,286
287,131	17,892
287,146	17,658
287,161	17,540
287,176	17,477
287,191	18,196
287,206	17,541
287,221	17,378
287,236	17,831
287,251	17,231
287,266	17,399
287,281	17,391
287,296	17,935
287,311	18,002
287,326	17,789
287,341	17,324
287,356	17,351
287,371	17,945
287,386	18,018
287,401	16,972
287,416	17,916
287,431	18,024
287,446	16,988
287,461	17,381
287,476	17,519
287,491	16,974
287,506	17,673
287,521	17,369
287,536	16,850
287,551	17,168
287,566	16,980
287,581	17,338
287,596	17,571
287,611	17,081
287,626	17,560
287,641	17,231
287,656	16,912
287,671	17,330
287,686	16,706
287,701	17,485
287,716	17,542
287,731	16,877
287,746	17,256
287,761	16,360
287,776	16,838
287,791	16,986
287,806	16,727
287,821	17,236
287,836	16,787
287,851	16,097
287,866	17,202
287,881	17,149
287,897	17,166
287,911	16,215
287,926	16,925
287,942	16,977
287,957	16,969
287,971	15,983
287,986	16,216
288,002	16,674
288,017	16,882
288,031	16,016
288,046	16,500
288,062	16,698
288,077	16,544
288,092	16,120
288,107	16,910
288,122	16,089
288,137	16,342
288,152	15,612
288,167	16,000
288,182	16,323
288,197	16,431
288,212	15,299
288,227	16,610
288,242	15,750
288,257	16,249
288,272	16,506
288,287	16,493
288,302	16,044
288,317	16,126
288,332	15,456
288,347	16,642
288,362	16,188
288,377	16,496
288,392	16,117
288,407	15,748
288,422	15,941
288,437	15,311
288,452	15,739
288,467	16,253
288,482	16,069
288,497	16,212
288,512	15,436
288,527	15,148
288,542	16,158
288,557	16,085
288,572	16,167
288,587	16,079
288,602	15,509
288,617	15,175
288,632	15,578
288,647	16,398
288,662	16,145
288,677	15,274
288,692	15,848
288,707	16,156
288,722	15,842
288,737	15,322
288,752	15,691
288,767	16,275
288,782	15,886
288,797	15,532
288,812	16,361
288,827	15,601
288,842	15,668
288,857	16,167
288,872	15,808
288,887	16,131
288,902	16,138
288,917	15,538
288,932	15,866
288,947	16,506
288,962	16,177
288,977	15,742
288,992	15,619
289,007	15,621
289,022	15,478
289,037	15,756
289,052	16,395
289,067	15,760
289,082	15,295
289,097	16,070
289,112	15,490
289,127	16,109
289,142	16,342
289,157	16,284
289,172	16,622
289,187	15,912
289,202	15,653
289,217	15,771
289,232	16,104
289,247	16,261
289,262	16,594
289,277	15,704
289,292	16,318
289,307	15,979
289,322	16,417
289,337	16,655
289,352	16,868
289,367	16,123
289,382	15,734
289,397	16,277
289,412	15,673
289,427	16,121
289,442	16,048
289,457	16,466
289,472	16,609
289,487	15,748
289,502	15,735
289,517	16,655
289,532	16,572
289,547	15,907
289,562	16,331
289,577	15,626
289,592	16,209
289,607	16,006
289,622	15,837
289,637	16,426
289,652	16,458
289,667	15,683
289,682	15,394
289,697	15,321
289,712	15,248
289,727	15,978
289,742	15,874
289,757	15,896
289,772	15,833
289,787	15,088
289,802	15,817
289,817	14,932
289,832	15,546
289,847	15,708
289,862	14,953
289,877	14,760
289,892	14,340
289,907	14,608
289,923	15,137
289,937	15,194
289,952	15,096
289,967	14,727
289,983	14,323
289,998	14,390
290,012	14,708
290,027	14,535
290,043	14,512
290,058	13,957
290,072	13,588
290,088	13,600
290,103	14,089
290,118	14,046
290,133	13,356
290,148	13,042
290,163	13,952
290,178	13,728
290,193	13,389
290,208	13,592
290,223	13,333
290,238	13,200
290,253	12,530
290,268	12,557
290,283	12,996
290,298	12,907
290,313	12,674
290,328	12,801
290,343	11,790
290,358	12,199
290,373	11,779
290,388	11,992
290,403	12,451
290,418	12,147
290,433	12,013
290,448	11,524
290,463	11,396
290,478	11,945
290,493	11,294
290,508	11,738
290,523	11,670
290,538	11,090
290,553	11,218
290,568	10,442
290,583	11,107
290,598	11,530
290,613	11,151
290,628	11,153
290,643	10,854
290,658	10,365
290,673	10,949
290,688	10,253
290,703	10,632
290,718	10,549
290,733	9,638
290,748	9,750
290,763	9,532
290,778	9,975
290,793	10,098
290,808	10,280
290,823	10,217
290,838	9,362
290,853	9,760
290,868	10,058
290,883	9,503
290,898	9,295
290,913	8,635
290,928	9,344
290,943	9,035
290,958	9,017
290,973	8,949
290,988	9,323
291,003	8,642
291,018	9,347
291,033	8,631
291,048	9,095
291,063	8,952
291,078	9,084
291,093	8,856
291,108	8,828
291,123	8,604
291,138	8,521
291,153	8,322
291,168	8,224
291,183	8,617
291,198	8,790
291,213	8,150
291,228	8,222
291,243	7,628
291,258	8,302
291,273	8,324
291,288	8,231
291,303	8,087
291,318	8,466
291,333	7,400
291,348	8,164
291,363	7,429
291,378	8,063
291,393	8,095
291,408	7,370
291,423	7,563
291,438	7,043
291,453	7,572
291,468	7,734
291,483	7,686
291,498	7,668
291,513	7,284
291,528	6,835
291,543	7,429
291,558	7,281
291,573	7,579
291,588	6,959
291,603	6,540
291,618	7,319
291,633	7,241
291,648	7,173
291,663	7,406
291,678	7,167
291,693	7,069
291,708	6,920
291,723	6,576
291,738	6,734
291,753	7,037
291,768	6,929
291,783	6,745
291,798	6,777
291,813	5,882
291,828	6,195
291,843	6,247
291,858	6,781
291,873	6,773
291,889	6,905
291,903	6,401
291,918	5,776
291,933	6,520
291,949	6,733
291,964	6,434
291,978	6,597
291,993	6,052
292,009	6,355
292,024	5,831
292,038	5,883
292,053	6,522
292,068	6,289
292,084	6,426
292,099	5,530
292,114	5,327
292,129	6,202
292,144	6,319
292,159	6,276
292,174	5,932
292,189	5,362
292,204	5,239
292,219	5,567
292,234	5,354
292,249	5,948
292,264	5,694
292,279	5,189
292,294	4,971
292,309	5,760
292,324	5,748
292,339	5,564
292,354	5,686
292,369	5,388
292,384	5,505
292,399	5,708
292,414	4,927
292,429	5,396
292,444	5,132
292,459	5,245
292,474	4,690
292,489	5,164
292,504	4,298
292,519	5,238
292,534	5,305
292,549	4,997
292,564	5,385
292,579	5,031
292,594	4,421
292,609	4,814
292,624	4,225
292,639	5,044
292,654	4,750
292,669	4,742
292,684	4,880
292,699	4,090
292,714	4,327
292,729	4,751
292,744	4,613
292,759	4,880
292,774	4,416
292,789	4,027
292,804	4,666
292,819	4,106
292,834	4,444
292,849	4,567
292,864	4,113
292,879	3,663
292,894	3,716
292,909	4,264
292,924	4,382
292,939	4,575
292,954	4,321
292,969	4,413
292,984	3,412
292,999	4,192
293,014	4,394
293,029	3,895
293,044	3,802
293,059	3,528
293,074	4,152
293,089	3,974
293,104	3,439
293,119	3,140
293,134	3,985
293,149	4,082
293,164	3,487
293,179	3,083
293,194	3,893
293,209	3,775
293,224	3,401
293,239	3,593
293,254	3,164
293,269	2,649
293,284	3,028
293,299	3,271
293,314	3,654
293,329	2,518
293,344	2,971
293,359	3,399
293,374	3,040
293,389	3,419
293,404	3,401
293,419	3,087
293,434	2,888
293,449	3,437
293,464	2,536
293,479	3,015
293,494	2,766
293,509	3,175
293,524	3,122
293,539	2,667
293,554	3,121
293,569	2,481
293,584	2,960
293,599	2,886
293,614	2,818
293,629	2,745
293,644	2,787
293,659	1,942
293,674	2,756
293,689	1,796
293,704	2,891
293,719	2,738
293,734	2,394
293,749	1,984
293,764	1,866
293,779	2,701
293,794	2,337
293,809	1,887
293,824	2,200
293,839	2,152
293,854	2,365
293,869	1,901
293,884	1,717
293,899	2,477
293,914	2,434
293,930	1,894
293,945	2,092
293,959	1,201
293,974	1,855
293,990	1,712
294,005	1,980
294,019	2,153
294,034	1,844
294,050	1,439
294,065	1,632
294,079	1,865
294,094	1,862
294,110	1,944
294,125	1,676
294,140	1,001
294,155	1,384
294,170	1,657
294,185	1,774
294,200	2,047
294,215	1,252
294,230	1,685
294,245	1,306
294,260	1,629
294,275	1,692
294,290	1,679
294,305	1,816
294,320	1,111
294,335	0,737
294,350	1,241
294,365	0,862
294,380	1,516
294,395	1,041
294,410	1,008
294,425	1,442
294,440	0,832
294,455	0,985
294,470	1,488
294,485	1,320
294,500	1,051
294,515	0,145
294,530	0,855
294,545	1,213
294,560	0,814
294,575	0,530
294,590	0,883
294,605	0,273
294,620	0,822
294,635	0,523
294,650	0,826
294,665	1,044
294,680	0,941
294,695	0,567
294,710	0,564
294,725	1,062
294,740	0,397
294,755	0,028
294,770	0,728
294,785	0,695
294,800	0,326
294,815	0,584
294,830	-0,102
294,845	-0,300
294,860	0,695
294,875	0,562
294,890	0,659
294,905	0,696
294,920	-0,340
294,935	0,455
294,950	-0,330
294,965	0,439
294,980	0,702
294,995	0,182
295,010	-0,076
295,025	-0,170
295,040	-0,584
295,055	0,717
295,070	0,569
295,085	0,536
295,100	0,318
295,115	-0,633
295,130	0,397
295,145	0,545
295,160	0,010
295,175	0,413
295,190	-0,026
295,205	-0,400
295,220	-0,112
295,235	0,517
295,250	0,218
295,265	-0,121
295,280	0,152
295,295	0,239
295,310	0,191
295,325	-0,198
295,340	-0,401
295,355	-0,249
295,370	-0,342
295,385	-0,260
295,400	-0,458
295,415	0,326
295,430	-0,173
295,445	-0,101
295,460	-0,460
295,475	0,044
295,490	0,502
295,505	-0,318
295,520	0,246
295,535	0,263
295,550	0,014
295,565	0,172
295,580	0,018
295,595	0,136
295,610	0,048
295,625	-0,371
295,640	-0,018
295,655	0,034
295,670	-0,074
295,685	0,259
295,700	-0,712
295,715	-0,083
295,730	0,506
295,745	0,227
295,760	0,620
295,775	-0,090
295,790	-0,459
295,805	0,236
295,820	-0,244
295,835	0,039
295,850	0,262
295,865	-0,243
295,880	-0,607
295,895	-0,399
295,911	0,255
295,925	0,358
295,940	0,470
295,955	0,382
295,971	-0,524
295,986	0,251
296,000	0,228
296,015	0,009
296,031	-0,701
296,046	-0,368
296,060	0,271
296,075	0,273
296,091	-0,101
296,106	0,333
296,121	0,460
296,136	0,342
296,151	0,319
296,166	-0,547
296,181	-0,279
296,196	0,175
296,211	-0,726
296,226	0,369
296,241	0,437
296,256	0,118
296,271	-0,527
296,286	-0,545
296,301	-0,523
296,316	0,257
296,331	0,269
296,346	-0,386
296,361	0,173
296,376	-0,021
296,391	-0,184
296,406	0,450
296,421	-0,155
296,436	0,419
296,451	0,346
296,466	-0,555
296,481	0,250
296,496	-0,666
296,511	0,354
296,526	0,296
296,541	-0,158
296,556	0,511
296,571	-0,029
296,586	-0,277
296,601	0,547
296,616	0,063
296,631	0,421
296,646	-0,048
296,661	-0,598
296,676	0,101
296,691	0,149
296,706	0,411
296,721	-0,073
296,736	-0,402
296,751	-0,304
296,766	0,395
296,781	0,051
296,796	-0,504
296,811	0,366
296,826	0,383
296,841	-0,743
296,856	-0,400
296,871	0,204
296,886	-0,491
296,901	-0,138
296,916	-0,808
296,931	-0,048
296,946	-0,543
296,961	-0,004
296,976	-0,388
296,991	0,160
297,006	0,383
297,021	0,405
297,036	0,247
297,051	-0,513
297,066	-0,150
297,081	0,404
297,096	-0,091
297,111	0,393
297,126	-0,111
297,141	-0,611
297,156	-0,418
297,171	-0,602
297,186	0,132
297,201	0,155
297,216	0,392
297,231	0,329
297,246	-0,175
297,261	-0,424
297,276	0,351
297,291	-0,495
297,306	0,305
297,321	0,312
297,336	-0,514
297,351	-0,316
297,366	-0,464
297,381	0,426
297,396	0,247
297,411	-0,287
297,426	-0,361
297,441	-0,424
297,456	0,296
297,471	0,298
297,486	-0,417
297,501	0,172
297,516	0,159
297,531	-0,351
297,546	-0,098
297,561	-0,517
297,576	0,433
297,591	0,149
297,606	-0,476
297,621	-0,424
297,636	0,416
297,651	-0,239
297,666	0,044
297,681	0,147
297,696	0,129
297,711	-0,145
297,726	-0,228
297,741	-0,317
297,756	-0,881
297,771	0,064
297,786	0,231
297,801	0,499
297,816	0,291
297,831	-0,389
297,846	-0,207
297,861	0,287
297,876	-0,182
297,891	0,366
297,906	0,343
297,921	-0,377
297,937	-0,099
297,952	-0,312
297,966	0,307
297,981	0,469
297,997	0,597
298,012	0,077
298,026	0,135
298,041	0,076
298,057	0,801
298,072	0,728
298,087	0,820
298,102	0,938
298,116	0,498
298,132	0,596
298,147	1,475
298,162	1,317
298,177	1,394
298,192	0,659
298,207	1,664
298,222	1,807
298,237	2,245
298,252	2,112
298,267	1,853
298,282	3,054
298,297	2,765
298,312	2,792
298,327	4,214
298,342	5,395
298,357	5,592
298,372	5,966
298,387	7,638
298,402	8,688
298,417	10,872
298,432	12,258
298,447	15,335
298,462	17,604
298,477	20,545
298,492	24,144
298,507	27,651
298,522	31,505
298,537	36,498
298,552	40,803
298,567	46,167
298,582	51,767
298,597	56,779
298,612	63,106
298,627	69,503
298,642	76,622
298,657	83,435
298,672	89,796
298,687	96,605
298,702	102,495
298,717	107,508
298,732	112,906
298,747	116,389
298,762	117,961
298,777	117,898
298,792	115,443
298,807	112,917
298,822	109,468
298,837	105,950
298,852	102,666
298,867	98,325
298,882	94,475
298,897	90,530
298,912	87,598
298,927	83,322
298,942	79,984
298,957	76,596
298,972	74,331
298,987	71,439
299,002	68,030
299,017	65,274
299,032	63,059
299,047	60,403
299,062	57,476
299,077	54,820
299,092	53,112
299,107	51,368
299,122	49,129
299,137	47,275
299,152	45,236
299,167	43,407
299,182	41,298
299,197	39,203
299,212	38,132
299,227	36,549
299,242	35,272
299,257	33,554
299,272	31,310
299,287	30,885
299,302	28,726
299,317	28,392
299,332	27,361
299,347	25,883
299,362	25,273
299,377	23,204
299,392	22,604
299,407	22,165
299,422	21,028
299,437	20,068
299,452	18,936
299,467	17,674
299,482	17,391
299,497	16,284
299,512	15,950
299,527	15,767
299,542	14,530
299,557	14,251
299,572	13,225
299,587	12,621
299,602	12,201
299,617	11,757
299,632	10,099
299,647	9,906
299,662	10,194
299,677	9,855
299,692	9,285
299,707	7,702
299,722	8,196
299,737	8,218
299,752	7,493
299,767	7,048
299,782	6,995
299,797	6,526
299,812	6,262
299,827	5,723
299,842	4,998
299,857	5,260
299,872	4,289
299,887	4,011
299,902	4,289
299,917	4,125
299,933	3,867
299,947	2,810
299,962	2,898
299,978	2,198
299,993	2,882
300,007	2,779
300,022	2,510
300,038	2,372
300,053	1,165
300,067	1,217
300,083	1,169
300,098	1,883
300,113	1,424
300,128	1,436
300,143	0,180
300,158	0,859
300,173	0,480
300,188	0,652
300,203	0,785
300,218	0,406
300,233	0,383
300,248	-0,468
300,263	0,076
300,278	-0,233
300,293	-0,808
300,308	-0,449
300,323	-0,578
300,338	-1,313
300,353	-1,185
300,368	-0,923
300,383	-0,910
300,398	-1,204
300,413	-1,052
300,428	-1,225
300,443	-1,409
300,458	-1,788
300,473	-2,403
300,488	-1,849
300,503	-1,731
300,518	-2,381
300,533	-2,891
300,548	-1,835
300,563	-2,029
300,578	-2,368
300,593	-2,030
300,608	-2,720
300,623	-2,201
300,638	-2,535
300,653	-2,824
300,668	-2,551
300,683	-3,201
300,698	-2,587
300,713	-2,850
300,728	-3,801
300,743	-4,025
300,758	-3,907
300,773	-3,103
300,788	-3,010
300,803	-3,013
300,818	-3,071
300,833	-3,646
300,848	-4,065
300,863	-3,346
300,878	-3,354
300,893	-3,628
300,908	-3,641
300,923	-4,436
300,938	-4,158
300,953	-4,512
300,968	-3,998
300,983	-3,991
300,998	-3,979
301,013	-4,684
301,028	-4,482
301,043	-4,103
301,058	-4,181
301,073	-4,290
301,088	-4,854
301,103	-4,998
301,118	-5,001
301,133	-4,387
301,148	-4,420
301,163	-4,964
301,178	-5,128
301,193	-4,539
301,208	-4,833
301,223	-5,372
301,238	-5,505
301,253	-4,691
301,268	-4,834
301,283	-4,717
301,298	-4,825
301,313	-4,848
301,328	-4,886
301,343	-5,260
301,358	-5,664
301,373	-5,050
301,388	-5,444
301,403	-5,939
301,418	-5,455
301,433	-6,125
301,448	-5,586
301,463	-5,449
301,478	-5,883
301,493	-5,359
301,508	-6,075
301,523	-6,088
301,538	-5,855
301,553	-6,199
301,568	-5,670
301,583	-6,260
301,598	-6,152
301,613	-6,526
301,628	-6,765
301,643	-6,462
301,658	-6,164
301,673	-6,573
301,688	-5,854
301,703	-6,679
301,718	-6,888
301,733	-6,078
301,748	-6,994
301,763	-6,219
301,778	-6,443
301,793	-6,892
301,808	-7,056
301,823	-6,758
301,838	-6,705
301,853	-6,799
301,868	-7,418
301,884	-7,246
301,898	-6,451
301,913	-6,876
301,928	-7,290
301,943	-7,533
301,959	-6,829
301,974	-7,740
301,988	-7,658
302,003	-7,199
302,019	-7,759
302,034	-7,666
302,048	-7,348
302,063	-7,301
302,079	-7,329
302,094	-7,673
302,109	-8,077
302,124	-7,363
302,139	-7,311
302,154	-7,193
302,169	-7,923
302,184	-7,530
302,199	-7,984
302,214	-7,506
302,229	-8,281
302,244	-7,642
302,259	-7,921
302,274	-8,546
302,289	-7,997
302,304	-7,854
302,319	-7,978
302,334	-7,629
302,349	-7,682
302,364	-7,831
302,379	-8,436
302,394	-8,674
302,409	-8,161
302,424	-8,469
302,439	-8,081
302,454	-8,164
302,469	-8,905
302,484	-8,446
302,499	-8,389
302,514	-8,487
302,529	-8,274
302,544	-8,648
302,559	-8,405
302,574	-9,050
302,589	-8,677
302,604	-8,519
302,619	-8,893
302,634	-9,258
302,649	-8,759
302,664	-8,717
302,679	-8,439
302,694	-9,209
302,709	-8,941
302,724	-8,598
302,739	-9,258
302,754	-8,689
302,769	-9,274
302,784	-8,820
302,799	-8,964
302,814	-9,694
302,829	-8,789
302,844	-8,767
302,859	-9,918
302,874	-9,936
302,889	-9,834
302,904	-9,325
302,919	-9,258
302,934	-9,431
302,949	-9,108
302,964	-9,683
302,979	-9,871
302,994	-9,388
303,009	-9,180
303,024	-9,248
303,039	-9,427
303,054	-9,861
303,069	-9,919
303,084	-10,283
303,099	-9,624
303,114	-9,572
303,129	-10,568
303,144	-10,711
303,159	-9,701
303,174	-10,516
303,189	-10,123
303,204	-9,614
303,219	-9,968
303,234	-10,678
303,249	-10,370
303,264	-10,870
303,279	-9,885
303,294	-10,078
303,309	-9,971
303,324	-10,325
303,339	-10,654
303,354	-10,707
303,369	-10,855
303,384	-11,074
303,399	-11,041
303,414	-10,382
303,429	-10,701
303,444	-11,191
303,459	-10,928
303,474	-10,249
303,489	-10,773
303,504	-11,192
303,519	-10,979
303,534	-11,188
303,549	-10,795
303,564	-11,866
303,579	-10,971
303,594	-10,663
303,609	-10,656
303,624	-10,734
303,639	-11,414
303,654	-11,221
303,669	-10,903
303,684	-11,704
303,699	-10,754
303,714	-11,068
303,729	-11,918
303,744	-11,751
303,759	-11,628
303,774	-11,470
303,789	-11,283
303,804	-11,145
303,819	-11,023
303,834	-11,557
303,849	-12,212
303,864	-11,523
303,879	-11,260
303,894	-11,439
303,909	-11,336
303,925	-11,690
303,940	-12,160
303,954	-12,062
303,969	-12,356
303,985	-11,346
304,000	-11,715
304,014	-11,888
304,029	-12,152
304,045	-11,764
304,060	-11,461
304,075	-11,599
304,089	-12,535
304,105	-12,232
304,120	-12,099
304,135	-12,213
304,150	-12,496
304,165	-12,048
304,180	-11,875
304,195	-12,003
304,210	-12,894
304,225	-12,355
304,240	-12,915
304,255	-12,502
304,270	-13,267
304,285	-12,001
304,300	-12,515
304,315	-13,025
304,330	-12,993
304,345	-12,720
304,360	-12,999
304,375	-12,309
304,390	-12,829
304,405	-13,353
304,420	-13,141
304,435	-13,465
304,450	-12,580
304,465	-12,708
304,480	-12,681
304,495	-12,679
304,510	-12,968
304,525	-13,858
304,540	-12,908
304,555	-13,378
304,570	-12,799
304,585	-12,947
304,600	-13,126
304,615	-13,078
304,630	-13,959
304,645	-13,405
304,660	-13,002
304,675	-13,246
304,690	-12,897
304,705	-12,930
304,720	-13,791
304,735	-13,242
304,750	-13,150
304,765	-12,902
304,780	-13,637
304,795	-13,274
304,810	-13,507
304,825	-13,325
304,840	-13,368
304,855	-14,078
304,870	-13,464
304,885	-13,281
304,900	-13,630
304,915	-14,130
304,930	-13,441
304,945	-13,423
304,960	-14,134
304,975	-13,555
304,990	-14,445
305,005	-13,510
305,020	-14,110
305,035	-14,063
305,050	-13,695
305,065	-13,883
305,080	-14,653
305,095	-14,220
305,110	-14,484
305,125	-14,371
305,140	-14,399
305,155	-13,976
305,170	-13,873
305,185	-14,323
305,200	-14,576
305,215	-14,825
305,230	-14,652
305,245	-13,893
305,260	-14,257
305,275	-14,626
305,290	-14,062
305,305	-15,209
305,320	-14,434
305,335	-14,046
305,350	-14,189
305,365	-14,328
305,380	-14,631
305,395	-15,216
305,410	-14,567
305,425	-14,836
305,440	-14,257
305,455	-14,305
305,470	-15,246
305,485	-15,454
305,500	-14,444
305,515	-14,447
305,530	-14,736
305,545	-15,586
305,560	-14,757
305,575	-14,544
305,590	-14,341
305,605	-15,633
305,620	-14,819
305,635	-14,766
305,650	-14,659
305,665	-15,499
305,680	-15,532
305,695	-14,673
305,710	-14,851
305,725	-14,869
305,740	-15,203
305,755	-14,900
305,770	-15,204
305,785	-15,819
305,800	-15,260
305,815	-16,080
305,830	-14,900
305,845	-15,043
305,860	-15,653
305,875	-16,037
305,890	-16,075
305,906	-15,541
305,921	-15,399
305,935	-15,271
305,950	-15,264
305,966	-15,814
305,981	-16,052
305,995	-15,559
306,010	-15,526
306,026	-15,630
306,041	-15,602
306,055	-15,911
306,070	-16,561
306,086	-15,902
306,101	-16,156
306,116	-15,707
306,131	-15,635
306,146	-16,225
306,161	-16,468
306,176	-16,822
306,191	-16,148
306,206	-15,750
306,221	-15,873
306,236	-16,272
306,251	-16,972
306,266	-16,404
306,281	-16,893
306,296	-16,545
306,311	-16,748
306,326	-16,139
306,341	-16,268
306,356	-16,511
306,371	-16,725
306,386	-16,377
306,401	-16,119
306,416	-16,403
306,431	-17,143
306,446	-16,328
306,461	-17,043
306,476	-16,470
306,491	-16,974
306,506	-16,495
306,521	-16,423
306,536	-16,937
306,551	-16,479
306,566	-17,470
306,581	-16,971
306,596	-16,673
306,611	-16,716
306,626	-16,544
306,641	-16,923
306,656	-17,111
306,671	-16,904
306,686	-17,353
306,701	-16,734
306,716	-16,782
306,731	-17,186
306,746	-17,234
306,761	-17,428
306,776	-17,516
306,791	-16,636
306,806	-17,226
306,821	-16,908
306,836	-17,051
306,851	-17,395
306,866	-17,253
306,881	-17,662
306,896	-17,043
306,911	-16,985
306,926	-17,700
306,941	-18,019
306,956	-17,792
306,971	-17,664
306,986	-17,256
307,001	-18,212
307,016	-17,573
307,031	-17,275
307,046	-17,398
307,061	-17,837
307,076	-17,845
307,091	-17,582
307,106	-17,374
307,121	-18,315
307,136	-18,218
307,151	-18,351
307,166	-17,933
307,181	-17,835
307,196	-17,532
307,211	-18,433
307,226	-17,769
307,241	-18,549
307,256	-18,091
307,271	-17,417
307,286	-17,650
307,301	-17,959
307,316	-18,007
307,331	-18,818
307,346	-18,003
307,361	-18,763
307,376	-18,360
307,391	-17,781
307,406	-18,200
307,421	-17,917
307,436	-18,748
307,451	-18,395
307,466	-18,036
307,481	-18,089
307,496	-18,564
307,511	-17,960
307,526	-19,161
307,541	-18,282
307,556	-18,816
307,571	-18,428
307,586	-18,080
307,601	-18,735
307,616	-18,226
307,631	-18,760
307,646	-18,784
307,661	-18,265
307,676	-18,137
307,691	-18,732
307,706	-19,422
307,721	-18,276
307,736	-18,360
307,751	-19,561
307,766	-19,283
307,781	-18,880
307,796	-18,492
307,811	-18,615
307,826	-19,586
307,841	-18,621
307,856	-18,609
307,871	-18,852
307,886	-18,369
307,901	-19,079
307,916	-19,628
307,932	-19,030
307,947	-19,579
307,962	-18,769
307,976	-18,918
307,991	-19,493
308,007	-19,616
308,022	-19,729
308,036	-19,351
308,051	-19,238
308,067	-19,161
308,082	-19,084
308,097	-19,383
308,111	-20,088
308,127	-19,639
308,142	-19,095
308,157	-19,078
308,172	-18,986
308,187	-19,541
308,202	-20,125
308,217	-19,637
308,232	-19,780
308,247	-19,116
308,262	-19,159
308,277	-19,754
308,292	-19,395
308,307	-20,221
308,322	-19,883
308,337	-19,525
308,352	-19,543
308,367	-19,335
308,382	-19,167
308,397	-20,208
308,412	-20,141
308,427	-19,597
308,442	-19,475
308,457	-19,824
308,472	-20,795
308,487	-19,809
308,502	-20,174
308,517	-20,031
308,532	-20,220
308,547	-19,666
308,562	-19,613
308,577	-19,772
308,592	-20,637
308,607	-19,612
308,622	-19,720
308,637	-20,385
308,652	-19,852
308,667	-20,281
308,682	-20,058
308,697	-20,899
308,712	-20,455
308,727	-20,182
308,742	-20,085
308,757	-20,243
308,772	-20,026
308,787	-21,127
308,802	-20,488
308,817	-21,002
308,832	-20,213
308,847	-20,155
308,862	-20,830
308,877	-21,365
308,892	-21,172
308,907	-20,914
308,922	-20,401
308,937	-20,364
308,952	-20,512
308,967	-20,811
308,982	-20,904
308,997	-20,761
309,012	-20,458
309,027	-21,018
309,042	-20,685
309,057	-21,440
309,072	-21,343
309,087	-21,280
309,102	-20,671
309,117	-20,674
309,132	-20,828
309,147	-20,740
309,162	-21,651
309,177	-21,609
309,192	-20,719
309,207	-21,048
309,222	-21,908
309,237	-21,119
309,252	-21,087
309,267	-21,135
309,282	-21,735
309,297	-21,432
309,312	-21,154
309,327	-21,312
309,342	-21,937
309,357	-21,694
309,372	-21,180
309,387	-21,429
309,402	-21,623
309,417	-21,304
309,432	-21,187
309,447	-21,717
309,462	-22,407
309,477	-21,652
309,492	-22,302
309,507	-21,217
309,522	-21,385
309,537	-21,945
309,552	-21,642
309,567	-22,482
309,582	-22,370
309,597	-21,731
309,612	-21,623
309,627	-21,797
309,642	-21,719
309,657	-22,334
309,672	-21,620
309,687	-22,751
309,702	-22,037
309,717	-21,714
309,732	-22,193
309,747	-21,830
309,762	-22,159
309,777	-21,771
309,792	-22,019
309,807	-21,741
309,822	-21,935
309,837	-22,133
309,852	-22,397
309,867	-22,174
309,882	-22,228
309,897	-22,055
309,912	-22,569
309,928	-23,310
309,942	-22,299
309,957	-22,478
309,973	-22,802
309,988	-22,965
310,002	-22,542
310,017	-22,424
310,033	-22,773
310,048	-22,826
310,062	-22,684
310,077	-23,058
310,093	-23,006
310,108	-22,873
310,123	-23,047
310,138	-22,703
310,153	-22,586
310,168	-23,080
310,183	-22,727
310,198	-22,580
310,213	-23,189
310,228	-22,661
310,243	-23,612
310,258	-22,902
310,273	-22,820
310,288	-22,853
310,303	-22,901
310,318	-23,004
310,333	-23,825
310,348	-23,070
310,363	-23,560
310,378	-23,046
310,393	-23,099
310,408	-23,368
310,423	-23,275
310,438	-23,690
310,453	-23,602
310,468	-23,064
310,483	-23,036
310,498	-23,120
310,513	-23,248
310,528	-24,033
310,543	-23,364
310,558	-24,174
310,573	-23,450
310,588	-23,257
310,603	-23,707
310,618	-23,865
310,633	-23,903
310,648	-23,434
310,663	-23,242
310,678	-24,032
310,693	-24,050
310,708	-23,692
310,723	-24,427
310,738	-23,954
310,753	-24,122
310,768	-23,603
310,783	-23,802
310,798	-24,432
310,813	-23,973
310,828	-23,871
310,843	-23,864
310,858	-24,057
310,873	-24,642
310,888	-23,842
310,903	-24,201
310,918	-24,952
310,933	-24,042
310,948	-25,128
310,963	-24,368
310,978	-24,256
310,993	-24,585
311,008	-24,457
311,023	-24,591
311,038	-25,160
311,053	-24,306
311,068	-24,238
311,083	-24,306
311,098	-24,495
311,113	-25,150
311,128	-24,912
311,143	-24,198
311,158	-24,712
311,173	-24,605
311,188	-24,558
311,203	-25,353
311,218	-25,030
311,233	-25,384
311,248	-24,735
311,263	-24,457
311,278	-25,062
311,293	-24,764
311,308	-25,639
311,323	-25,025
311,338	-24,883
311,353	-24,755
311,368	-25,460
311,383	-25,709
311,398	-25,657
311,413	-24,917
311,428	-25,472
311,443	-25,931
311,458	-25,498
311,473	-25,029
311,488	-25,564
311,503	-26,134
311,518	-25,700
311,533	-25,202
311,548	-25,250
311,563	-25,383
311,578	-25,581
311,593	-26,267
311,608	-25,477
311,623	-26,177
311,638	-25,362
311,653	-25,416
311,668	-26,050
311,683	-25,482
311,698	-25,921
311,713	-25,818
311,728	-25,601
311,743	-25,518
311,758	-25,892
311,773	-25,710
311,788	-26,500
311,803	-26,152
311,818	-26,651
311,833	-25,937
311,848	-25,915
311,863	-25,782
311,878	-26,533
311,893	-26,596
311,908	-26,639
311,923	-26,135
311,938	-25,993
311,954	-26,367
311,969	-26,861
311,983	-27,050
311,998	-26,646
312,014	-27,080
312,029	-26,361
312,043	-26,399
312,058	-26,553
312,074	-27,177
312,089	-27,251
312,103	-26,752
312,119	-26,379
312,134	-27,039
312,149	-27,237
312,164	-27,441
312,179	-26,491
312,194	-26,669
312,209	-27,725
312,224	-26,655
312,239	-26,788
312,254	-27,067
312,269	-27,356
312,284	-26,727
312,299	-26,594
312,314	-27,214
312,329	-26,926
312,344	-27,405
312,359	-26,997
312,374	-27,968
312,389	-27,740
312,404	-26,810
312,419	-26,883
312,434	-27,358
312,449	-27,180
312,464	-27,499
312,479	-27,186
312,494	-28,087
312,509	-26,986
312,524	-26,959
312,539	-27,614
312,554	-27,376
312,569	-28,076
312,584	-27,422
312,599	-27,089
312,614	-27,458
312,629	-27,356
312,644	-28,156
312,659	-28,470
312,674	-27,836
312,689	-28,180
312,704	-27,736
312,719	-27,493
312,734	-27,978
312,749	-27,625
312,764	-28,234
312,779	-28,649
312,794	-27,653
312,809	-27,822
312,824	-28,296
312,839	-28,374
312,854	-28,076
312,869	-28,235
312,884	-27,927
312,899	-28,722
312,914	-27,837
312,929	-27,800
312,944	-28,626
312,959	-28,919
312,974	-28,591
312,989	-28,133
313,004	-28,437
313,019	-28,169
313,034	-28,382
313,049	-29,027
313,064	-28,418
313,079	-28,516
313,094	-28,790
313,109	-28,171
313,124	-28,941
313,139	-29,330
313,154	-29,128
313,169	-29,682
313,184	-28,612
313,199	-28,575
313,214	-28,432
313,229	-28,646
313,244	-29,291
313,259	-29,449
313,274	-28,775
313,289	-29,530
313,304	-28,786
313,319	-29,075
313,334	-30,076
313,349	-29,552
313,364	-29,821
313,379	-28,931
313,394	-28,869
313,409	-29,408
313,424	-29,210
313,439	-30,221
313,454	-29,427
313,469	-29,034
313,484	-29,849
313,499	-29,396
313,514	-29,459
313,529	-29,617
313,544	-29,610
313,559	-29,387
313,574	-29,480
313,589	-29,313
313,604	-29,632
313,619	-30,452
313,634	-29,502
313,649	-29,896
313,664	-30,526
313,679	-29,661
313,694	-29,619
313,709	-29,888
313,724	-30,593
313,739	-29,954
313,754	-30,834
313,769	-30,316
313,784	-30,765
313,799	-30,472
313,814	-30,239
313,829	-30,367
313,844	-30,937
313,859	-30,313
313,875	-30,070
313,889	-30,249
313,904	-30,984
313,920	-31,132
313,935	-30,904
313,950	-31,213
313,964	-30,905
313,979	-30,342
313,995	-30,751
314,010	-31,275
314,024	-30,827
314,039	-31,346
314,055	-30,662
314,070	-30,585
314,084	-30,959
314,099	-30,691
314,115	-30,899
314,130	-30,732
314,145	-30,885
314,160	-31,314
314,175	-31,107
314,190	-31,426
314,205	-31,845
314,220	-31,863
314,235	-31,996
314,250	-31,382
314,265	-31,355
314,280	-31,047
314,295	-32,163
314,310	-31,830
314,325	-31,492
314,340	-31,550
314,355	-32,501
314,370	-32,128
314,385	-31,920
314,400	-31,682
314,415	-32,362
314,430	-32,149
314,445	-31,580
314,460	-31,548
314,475	-32,233
314,490	-31,800
314,505	-32,059
314,520	-32,453
314,535	-32,084
314,550	-32,614
314,565	-32,165
314,580	-32,650
314,595	-32,924
314,610	-32,360
314,625	-33,185
314,640	-32,466
314,655	-32,489
314,670	-32,356
314,685	-32,405
314,700	-32,824
314,715	-32,696
314,730	-32,774
314,745	-32,341
314,760	-32,459
314,775	-32,588
314,790	-33,839
314,805	-33,632
314,820	-33,840
314,835	-33,096
314,850	-32,873
314,865	-32,881
314,880	-33,049
314,895	-33,504
314,910	-34,003
314,925	-33,143
314,940	-33,237
314,955	-33,149
314,970	-33,393
314,985	-33,797
315,000	-34,021
315,009	-33,202
315,024	-33,463
315,039	-33,107
315,054	-33,353
315,069	-34,336
315,084	-33,484
315,099	-33,810
315,114	-33,689
315,129	-33,594
315,144	-33,590
315,159	-33,484
315,174	-34,162
315,189	-34,694
315,204	-33,826
315,219	-34,674
315,234	-33,826
315,249	-33,852
315,264	-34,850
315,279	-33,998
315,294	-34,941
315,309	-34,194
315,324	-33,978
315,339	-34,540
315,354	-34,119
315,369	-34,631
315,384	-34,917
315,399	-34,481
315,414	-34,486
315,429	-34,246
315,444	-35,063
315,459	-34,788
315,474	-34,623
315,489	-34,803
315,504	-35,250
315,519	-34,578
315,534	-34,739
315,549	-34,764
315,564	-35,632
315,579	-35,191
315,594	-34,805
315,609	-35,046
315,624	-34,885
315,639	-35,613
315,654	-35,478
315,669	-34,871
315,684	-35,659
315,699	-35,589
315,714	-35,057
315,729	-35,218
315,744	-35,078
315,759	-36,091
315,774	-35,931
315,789	-35,324
315,804	-35,214
315,819	-35,430
315,834	-35,545
315,849	-36,157
315,864	-36,102
315,879	-36,750
315,894	-36,329
315,909	-35,782
315,925	-35,712
315,940	-36,063
315,954	-36,043
315,969	-36,781
315,985	-35,924
316,000	-35,959
316,014	-35,864
316,029	-35,919
316,045	-36,195
316,060	-36,090
316,075	-36,271
316,089	-36,622
316,105	-36,186
316,120	-37,204
316,135	-37,460
316,150	-37,180
316,165	-36,849
316,180	-36,729
316,195	-36,945
316,210	-37,512
316,225	-36,408
316,240	-36,504
316,255	-36,519
316,270	-37,327
316,285	-36,866
316,300	-36,575
316,315	-36,741
316,330	-37,804
316,345	-36,982
316,360	-37,418
316,375	-36,802
316,390	-37,680
316,405	-37,078
316,420	-36,848
316,435	-37,399
316,450	-37,801
316,465	-37,039
316,480	-37,666
316,495	-37,260
316,510	-37,476
316,525	-37,361
316,540	-37,336
316,555	-38,159
316,570	-37,391
316,585	-37,361
316,600	-37,251
316,615	-37,337
316,630	-37,563
316,645	-38,150
316,660	-37,643
316,675	-37,428
316,690	-37,619
316,705	-37,358
316,720	-38,141
316,735	-38,527
316,750	-38,407
316,765	-38,457
316,780	-37,821
316,795	-37,911
316,810	-37,610
316,825	-38,097
316,840	-38,779
316,855	-37,807
316,870	-38,113
316,885	-37,887
316,900	-38,018
316,915	-38,700
316,930	-38,008
316,945	-38,149
316,960	-38,751
316,975	-38,746
316,990	-38,114
317,005	-38,094
317,020	-38,626
317,035	-39,063
317,050	-38,521
317,065	-38,191
317,080	-38,632
317,095	-38,903
317,110	-39,024
317,125	-38,432
317,140	-38,779
317,155	-39,295
317,170	-38,774
317,185	-39,010
317,200	-39,497
317,215	-38,609
317,230	-39,592
317,245	-39,407
317,260	-38,574
317,275	-39,307
317,290	-38,891
317,305	-39,358
317,320	-40,105
317,335	-38,937
317,350	-39,639
317,365	-39,188
317,380	-39,168
317,395	-39,875
317,410	-39,128
317,425	-40,006
317,440	-39,706
317,455	-39,390
317,470	-39,400
317,485	-39,350
317,500	-39,772
317,515	-40,118
317,530	-39,898
317,545	-39,842
317,560	-39,431
317,575	-39,612
317,590	-39,938
317,605	-39,878
317,620	-40,230
317,635	-39,929
317,650	-39,854
317,665	-40,481
317,680	-39,910
317,695	-40,000
317,710	-40,081
317,725	-40,226
317,740	-39,875
317,755	-39,921
317,770	-40,197
317,785	-40,919
317,800	-40,939
317,815	-40,488
317,830	-40,513
317,845	-40,057
317,860	-40,208
317,875	-40,048
317,890	-41,101
317,906	-41,071
317,921	-40,434
317,935	-40,354
317,950	-40,756
317,966	-40,711
317,981	-41,158
317,995	-41,168
318,010	-41,033
318,026	-41,148
318,041	-40,622
318,055	-40,943
318,070	-41,229
318,086	-40,587
318,101	-41,566
318,116	-41,315
318,131	-40,869
318,146	-41,155
318,161	-40,659
318,176	-41,642
318,191	-41,913
318,206	-41,256
318,221	-41,748
318,236	-41,382
318,251	-41,101
318,266	-41,523
318,281	-41,483
318,296	-41,889
318,311	-41,609
318,326	-41,353
318,341	-41,469
318,356	-41,725
318,371	-42,286
318,386	-41,790
318,401	-41,550
318,416	-41,821
318,431	-41,515
318,446	-41,952
318,461	-41,796
318,476	-42,398
318,491	-42,464
318,506	-42,374
318,521	-41,817
318,536	-41,983
318,551	-41,988
318,566	-42,585
318,581	-41,708
318,596	-41,974
318,611	-42,435
318,626	-42,195
318,641	-42,015
318,656	-42,526
318,671	-43,234
318,686	-43,068
318,701	-42,893
318,716	-42,587
318,731	-42,367
318,746	-42,452
318,761	-42,804
318,776	-43,290
318,791	-43,040
318,806	-42,483
318,821	-42,694
318,836	-42,479
318,851	-43,061
318,866	-43,507
318,881	-43,357
318,896	-43,297
318,911	-42,821
318,926	-43,729
318,941	-43,082
318,956	-42,967
318,971	-43,619
318,986	-42,977
319,001	-42,912
319,016	-42,877
319,031	-42,883
319,046	-43,114
319,061	-43,771
319,076	-43,696
319,091	-43,255
319,106	-43,230
319,121	-44,063
319,136	-43,912
319,151	-43,511
319,166	-43,281
319,181	-43,888
319,196	-44,034
319,211	-43,778
319,226	-43,467
319,241	-44,054
319,256	-44,200
319,271	-43,799
319,286	-44,000
319,301	-44,231
319,316	-43,970
319,331	-44,216
319,346	-43,670
319,361	-44,568
319,376	-44,477
319,391	-44,227
319,406	-44,187
319,421	-44,042
319,436	-44,443
319,451	-45,070
319,466	-44,248
319,481	-44,660
319,496	-44,449
319,511	-44,028
319,526	-44,755
319,541	-44,986
319,556	-45,272
319,571	-44,921
319,586	-44,365
319,601	-44,541
319,616	-44,521
319,631	-45,243
319,646	-45,214
319,661	-44,637
319,676	-45,395
319,691	-44,753
319,706	-44,999
319,721	-45,390
319,736	-45,300
319,751	-45,521
319,766	-45,411
319,781	-44,889
319,796	-44,880
319,811	-45,070
319,826	-45,547
319,841	-45,497
319,856	-44,885
319,871	-44,906
319,886	-45,718
319,901	-45,613
319,916	-45,077
319,932	-45,428
319,947	-46,161
319,962	-45,830
319,976	-45,168
319,991	-45,640
320,007	-46,106
320,022	-45,414
320,036	-46,277
320,051	-46,182
320,067	-45,535
320,082	-45,751
320,097	-45,736
320,111	-46,028
320,127	-46,294
320,142	-45,928
320,157	-46,680
320,172	-45,748
320,187	-45,693
320,202	-46,410
320,217	-45,663
320,232	-46,967
320,247	-46,566
320,262	-45,839
320,277	-46,612
320,292	-46,015
320,307	-46,461
320,322	-46,743
320,337	-46,161
320,352	-47,104
320,367	-46,503
320,382	-46,332
320,397	-46,869
320,412	-46,659
320,427	-47,155
320,442	-46,855
320,457	-46,624
320,472	-47,006
320,487	-46,519
320,502	-47,091
320,517	-47,748
320,532	-46,771
320,547	-47,137
320,562	-47,543
320,577	-47,087
320,592	-47,584
320,607	-47,343
320,622	-46,977
320,637	-47,213
320,652	-47,244
320,667	-47,314
320,682	-47,059
320,697	-47,134
320,712	-46,964
320,727	-47,390
320,742	-47,315
320,757	-47,416
320,772	-46,970
320,787	-47,582
320,802	-48,455
320,817	-47,672
320,832	-47,633
320,847	-47,312
320,862	-47,302
320,877	-47,653
320,892	-47,668
320,907	-48,321
320,922	-48,401
320,937	-47,719
320,952	-48,020
320,967	-47,665
320,982	-48,081
320,997	-48,468
321,012	-48,357
321,027	-48,433
321,042	-48,242
321,057	-48,057
321,072	-48,333
321,087	-48,067
321,102	-48,790
321,117	-49,036
321,132	-48,309
321,147	-48,590
321,162	-48,264
321,177	-48,610
321,192	-49,172
321,207	-48,857
321,222	-49,183
321,237	-48,671
321,252	-48,341
321,267	-48,536
321,282	-49,068
321,297	-49,339
321,312	-48,883
321,327	-48,572
321,342	-48,823
321,357	-49,626
321,372	-48,794
321,387	-48,799
321,402	-49,281
321,417	-49,717
321,432	-49,136
321,447	-49,076
321,462	-49,347
321,477	-49,171
321,492	-49,041
321,507	-49,102
321,522	-49,197
321,537	-49,057
321,552	-49,042
321,567	-49,358
321,582	-50,462
321,597	-49,394
321,612	-50,171
321,627	-49,269
321,642	-49,414
321,657	-50,057
321,672	-50,177
321,687	-49,791
321,702	-50,213
321,717	-49,741
321,732	-49,606
321,747	-49,787
321,762	-49,757
321,777	-50,475
321,792	-49,888
321,807	-49,758
321,822	-49,828
321,837	-49,663
321,852	-50,150
321,867	-50,596
321,882	-50,632
321,897	-50,506
321,912	-50,190
321,928	-50,000
321,942	-50,326
321,957	-50,251
321,973	-51,114
321,988	-50,297
322,002	-50,337
322,017	-50,097
322,033	-50,072
322,048	-50,980
322,062	-50,925
322,077	-50,348
322,093	-50,404
322,108	-50,680
322,123	-51,071
322,138	-50,680
322,153	-50,615
322,168	-51,488
322,183	-51,478
322,198	-50,927
322,213	-51,569
322,228	-50,712
322,243	-51,409
322,258	-51,650
322,273	-51,103
322,288	-51,540
322,303	-51,169
322,318	-51,049
322,333	-51,827
322,348	-51,255
322,363	-51,932
322,378	-51,827
322,393	-51,220
322,408	-51,366
322,423	-51,391
322,438	-51,121
322,453	-51,783
322,468	-51,949
322,483	-52,481
322,498	-52,255
322,513	-51,413
322,528	-51,413
322,543	-51,639
322,558	-52,376
322,573	-52,231
322,588	-51,775
322,603	-51,715
322,618	-51,640
322,633	-51,956
322,648	-52,618
322,663	-52,513
322,678	-53,095
322,693	-52,027
322,708	-52,032
322,723	-52,123
322,738	-52,740
322,753	-52,770
322,768	-52,540
322,783	-52,159
322,798	-52,064
322,813	-53,092
322,828	-52,947
322,843	-52,486
322,858	-52,386
322,873	-52,546
322,888	-52,787
322,903	-52,446
322,918	-52,978
322,933	-53,314
322,948	-52,698
322,963	-52,698
322,978	-52,753
322,993	-52,899
323,008	-53,336
323,023	-53,000
323,038	-53,702
323,053	-53,803
323,068	-53,051
323,083	-53,557
323,098	-52,921
323,113	-53,899
323,128	-54,044
323,143	-53,338
323,158	-53,774
323,173	-53,609
323,188	-53,398
323,203	-53,855
323,218	-53,313
323,233	-54,482
323,248	-54,412
323,263	-53,475
323,278	-54,117
323,293	-53,776
323,308	-53,671
323,323	-54,509
323,338	-54,007
323,353	-54,369
323,368	-54,228
323,383	-53,787
323,398	-54,038
323,413	-53,923
323,428	-54,585
323,443	-54,616
323,458	-53,999
323,473	-54,044
323,488	-53,929
323,503	-55,243
323,518	-54,822
323,533	-55,033
323,548	-54,221
323,563	-54,637
323,578	-55,029
323,593	-54,477
323,608	-54,528
323,623	-54,337
323,638	-55,235
323,653	-54,443
323,668	-54,408
323,683	-54,749
323,698	-55,071
323,713	-55,322
323,728	-54,715
323,743	-54,926
323,758	-54,831
323,773	-54,916
323,788	-55,378
323,803	-56,095
323,818	-55,218
323,833	-55,654
323,848	-54,982
323,863	-55,018
323,878	-54,988
323,893	-55,124
323,908	-55,796
323,923	-56,122
323,938	-55,390
323,954	-55,776
323,969	-55,325
323,983	-55,902
323,998	-56,339
324,014	-55,822
324,029	-56,093
324,043	-55,567
324,058	-55,352
324,074	-55,723
324,089	-55,492
324,103	-56,039
324,119	-55,774
324,134	-55,458
324,149	-55,975
324,164	-56,166
324,179	-56,371
324,194	-56,903
324,209	-56,638
324,224	-56,412
324,239	-55,926
324,254	-56,227
324,269	-56,623
324,284	-56,568
324,299	-56,172
324,314	-56,499
324,329	-56,940
324,344	-56,589
324,359	-56,329
324,374	-56,730
324,389	-57,001
324,404	-57,037
324,419	-56,380
324,434	-56,641
324,449	-56,912
324,464	-56,591
324,479	-56,441
324,494	-56,712
324,509	-56,817
324,524	-56,812
324,539	-56,567
324,554	-56,833
324,569	-56,858
324,584	-57,325
324,599	-57,531
324,614	-57,551
324,629	-57,010
324,644	-56,724
324,659	-56,734
324,674	-57,728
324,689	-57,457
324,704	-56,890
324,719	-57,171
324,734	-57,031
324,749	-57,122
324,764	-57,327
324,779	-57,734
324,794	-57,990
324,809	-57,985
324,824	-57,629
324,839	-57,203
324,854	-58,221
324,869	-58,041
324,884	-58,247
324,899	-57,866
324,914	-57,636
324,929	-57,535
324,944	-57,721
324,959	-57,696
324,974	-57,621
324,989	-57,807
325,004	-57,802
325,019	-58,404
325,034	-58,395
325,049	-57,768
325,064	-57,823
325,079	-58,029
325,094	-58,681
325,109	-58,471
325,124	-57,869
325,139	-58,145
325,154	-58,080
325,169	-58,632
325,184	-58,798
325,199	-58,447
325,214	-58,417
325,229	-58,161
325,244	-58,829
325,259	-59,075
325,274	-59,070
325,289	-59,316
325,304	-58,233
325,319	-58,459
325,334	-59,046
325,349	-58,710
325,364	-59,538
325,379	-59,804
325,394	-58,906
325,409	-58,951
325,424	-58,651
325,439	-58,601
325,454	-59,765
325,469	-59,283
325,484	-59,494
325,499	-59,123
325,514	-59,063
325,529	-59,415
325,544	-58,918
325,559	-59,586
325,574	-59,255
325,589	-59,431
325,604	-59,556
325,619	-59,356
325,634	-59,160
325,649	-60,149
325,664	-60,119
325,679	-60,530
325,694	-59,337
325,709	-59,447
325,724	-60,094
325,739	-59,899
325,754	-59,704
325,769	-59,794
325,784	-60,045
325,799	-60,116
325,814	-60,021
325,829	-60,041
325,844	-60,492
325,859	-59,911
325,875	-59,961
325,889	-60,478
325,904	-60,614
325,920	-60,458
325,935	-60,990
325,950	-60,464
325,964	-61,136
325,979	-60,309
325,995	-60,118
326,010	-60,610
326,024	-60,244
326,039	-60,781
326,055	-60,541
326,070	-60,400
326,084	-60,967
326,099	-60,531
326,115	-60,411
326,130	-61,329
326,145	-60,828
326,160	-60,993
326,175	-60,893
326,190	-60,482
326,205	-60,743
326,220	-60,904
326,235	-61,130
326,250	-61,531
326,265	-60,864
326,280	-61,742
326,295	-60,960
326,310	-61,005
326,325	-61,201
326,340	-61,513
326,355	-61,633
326,370	-61,292
326,385	-61,142
326,400	-61,338
326,415	-61,137
326,430	-61,489
326,445	-61,363
326,460	-61,359
326,475	-61,529
326,490	-61,770
326,505	-61,816
326,520	-61,470
326,535	-61,952
326,550	-62,348
326,565	-61,210
326,580	-61,561
326,595	-61,857
326,610	-61,722
326,625	-62,334
326,640	-62,821
326,655	-62,154
326,670	-61,938
326,685	-62,154
326,700	-61,954
326,715	-62,892
326,730	-62,782
326,745	-63,053
326,760	-62,737
326,775	-62,201
326,790	-62,547
326,805	-62,693
326,820	-62,512
326,835	-62,879
326,850	-62,427
326,865	-62,307
326,880	-62,739
326,895	-62,388
326,910	-63,065
326,925	-63,126
326,940	-62,835
326,955	-63,176
326,970	-62,700
326,985	-63,161
327,000	-63,398
327,014	-63,122
327,029	-63,393
327,043	-62,867
327,058	-62,652
327,074	-63,023
327,089	-62,792
327,103	-63,339
327,119	-63,074
327,134	-62,758
327,149	-63,275
327,164	-63,466
327,179	-63,671
327,194	-64,203
327,209	-63,938
327,224	-63,712
327,239	-63,226
327,254	-63,527
327,269	-63,923
327,284	-63,868
327,299	-63,472
327,314	-63,799
327,329	-64,240
327,344	-63,889
327,359	-63,629
327,374	-64,030
327,389	-64,301
327,404	-64,337
327,419	-63,680
327,434	-63,941
327,449	-64,212
327,464	-63,891
327,479	-63,741
327,494	-64,012
327,509	-64,117
327,524	-64,112
327,539	-63,867
327,554	-64,133
327,569	-64,158
327,584	-64,625
327,599	-64,831
327,614	-64,851
327,629	-64,310
327,644	-64,024
327,659	-64,034
327,674	-65,028
327,689	-64,757
327,704	-64,190
327,719	-64,471
327,734	-64,331
327,749	-64,422
327,764	-64,627
327,779	-65,034
327,794	-65,290
327,809	-65,285
327,824	-64,929
327,839	-64,503
327,854	-65,521
327,869	-65,341
327,884	-65,547
327,899	-65,166
327,914	-64,936
327,929	-64,835
327,944	-65,021
327,959	-64,996
327,974	-64,921
327,989	-65,107
328,004	-65,102
328,019	-65,704
328,034	-65,695
328,049	-65,068
328,064	-65,123
328,079	-65,329
328,094	-65,981
328,109	-65,771
328,124	-65,169
328,139	-65,445
328,154	-65,380
328,169	-65,932
328,184	-66,098
328,199	-65,747
328,214	-65,717
328,229	-65,461
328,244	-66,129
328,259	-66,375
328,274	-66,370
328,289	-66,616
328,304	-65,533
328,319	-65,759
328,334	-66,346
328,349	-66,010
328,364	-66,838
328,379	-67,104
328,394	-66,206
328,409	-66,251
328,424	-65,951
328,439	-65,901
328,454	-67,065
328,469	-66,583
328,484	-66,794
328,499	-66,423
328,514	-66,363
328,529	-66,715
328,544	-66,218
328,559	-66,886
328,574	-66,555
328,589	-66,731
328,604	-66,856
328,619	-66,656
328,634	-66,460
328,649	-67,449
328,664	-67,419
328,679	-67,830
328,694	-66,637
328,709	-66,747
328,724	-67,394
328,739	-67,199
328,754	-67,004
328,769	-67,094
328,784	-67,345
328,799	-67,416
328,814	-67,321
328,829	-67,341
328,844	-67,792
328,859	-67,211
328,875	-67,261
328,889	-67,778
328,904	-67,914
328,920	-67,758
328,935	-68,290
328,950	-67,764
328,964	-68,436
328,979	-67,609
328,995	-67,418
329,010	-67,910
329,024	-67,544
329,039	-68,081
329,055	-67,841
329,070	-67,700
329,084	-68,267
329,099	-67,831
329,115	-67,711
329,130	-68,629
329,145	-68,128
329,160	-68,293
329,175	-68,193
329,190	-67,782
329,205	-68,043
329,220	-68,204
329,235	-68,430
329,250	-68,831
329,265	-68,164
329,280	-69,042
329,295	-68,260
329,310	-68,305
329,325	-68,501
329,340	-68,813
329,355	-68,933
329,370	-68,592
329,385	-68,442
329,400	-68,638
329,415	-68,437
329,430	-68,789
329,445	-68,663
329,460	-68,659
329,475	-68,829
329,490	-69,070
329,505	-69,116
329,520	-68,770
329,535	-69,252
329,550	-69,648
329,565	-68,510
329,580	-68,861
329,595	-69,157
329,610	-69,022
329,625	-69,634
329,640	-70,121
329,655	-69,454
329,670	-69,238
329,685	-69,454
329,700	-69,254
329,715	-70,192
329,730	-70,082
329,745	-70,353
329,760	-70,037
329,775	-69,501
329,790	-69,847
329,805	-69,993
329,820	-69,812
329,835	-70,179
329,850	-69,727
329,865	-69,607
329,880	-70,039
329,895	-69,688
329,910	-70,365
329,925	-70,426
329,940	-70,135
329,955	-70,476
329,970	-70,000
329,985	-70,461
330,000	-70,698
