285,000	33,303
285,015	33,724
285,030	33,564
285,045	32,761
285,060	33,373
285,075	33,679
285,090	33,939
285,105	33,658
285,120	33,522
285,135	34,084
285,150	34,515
285,165	34,284
285,180	34,133
285,195	34,469
285,210	34,615
285,225	34,233
285,240	34,037
285,255	34,810
285,270	35,045
285,285	34,899
285,300	35,331
285,315	34,528
285,330	34,748
285,345	34,889
285,360	34,793
285,375	35,525
285,390	35,685
285,405	35,269
285,420	35,720
285,435	35,469
285,450	35,669
285,465	35,860
285,480	35,774
285,495	35,855
285,510	35,804
285,525	34,856
285,540	36,090
285,555	35,462
285,570	35,913
285,585	36,229
285,600	35,953
285,615	36,093
285,630	35,231
285,645	35,737
285,660	36,228
285,675	36,334
285,690	36,529
285,705	36,278
285,720	35,630
285,735	35,721
285,750	35,414
285,765	36,483
285,780	36,633
285,795	35,895
285,810	35,800
285,825	35,704
285,840	35,845
285,855	36,712
285,870	36,496
285,885	35,789
285,901	36,240
285,916	36,681
285,930	36,134
285,945	35,974
285,961	36,445
285,976	36,690
285,990	36,219
286,005	35,521
286,021	35,862
286,036	36,027
286,050	36,433
286,065	35,942
286,080	36,553
286,096	36,197
286,111	35,585
286,125	35,921
286,141	36,347
286,156	35,980
286,171	36,361
286,186	35,218
286,201	35,278
286,216	35,749
286,231	35,553
286,246	35,914
286,261	36,195
286,276	35,778
286,291	36,215
286,306	35,271
286,321	35,371
286,336	36,053
286,351	35,602
286,366	35,877
286,381	35,285
286,396	35,110
286,411	35,436
286,426	35,039
286,441	35,510
286,456	35,645
286,471	35,174
286,486	35,645
286,501	34,697
286,516	34,737
286,531	35,298
286,546	35,423
286,561	35,433
286,576	34,340
286,591	34,380
286,606	35,142
286,621	35,036
286,636	34,399
286,651	35,051
286,666	34,870
286,681	34,654
286,696	34,338
286,711	34,618
286,726	34,312
286,741	34,784
286,756	34,136
286,771	34,382
286,786	34,627
286,801	33,975
286,816	33,288
286,831	34,231
286,846	34,251
286,861	33,864
286,876	33,342
286,891	33,884
286,906	33,989
286,921	34,019
286,936	34,059
286,951	33,778
286,966	33,808
286,981	32,709
286,996	33,416
287,011	33,651
287,026	33,541
287,041	33,566
287,056	33,024
287,071	32,457
287,086	32,632
287,101	32,622
287,116	33,224
287,131	33,123
287,146	33,038
287,161	32,992
287,176	32,320
287,191	32,551
287,206	32,766
287,221	32,590
287,236	32,620
287,251	32,153
287,266	31,867
287,281	31,707
287,296	32,579
287,311	32,318
287,326	31,751
287,341	31,450
287,356	32,092
287,371	32,031
287,386	31,871
287,401	31,259
287,416	31,464
287,431	31,710
287,446	30,987
287,461	31,027
287,476	31,157
287,491	31,237
287,506	31,493
287,521	31,392
287,536	30,810
287,551	31,262
287,566	30,469
287,581	30,579
287,596	31,000
287,611	30,990
287,626	30,969
287,641	30,036
287,656	29,906
287,671	30,427
287,686	29,715
287,701	30,186
287,716	30,582
287,731	30,135
287,746	30,120
287,761	29,588
287,776	29,674
287,791	30,085
287,806	30,210
287,821	29,959
287,836	29,397
287,851	29,281
287,866	29,171
287,881	28,784
287,897	29,526
287,911	29,235
287,926	29,044
287,942	28,357
287,957	28,688
287,971	28,307
287,986	29,194
288,002	28,868
288,017	28,667
288,031	27,960
288,046	28,105
288,062	28,711
288,077	28,902
288,092	27,788
288,107	28,550
288,122	28,570
288,137	28,309
288,152	27,582
288,167	27,722
288,182	28,253
288,197	28,082
288,212	27,631
288,227	27,907
288,242	27,881
288,257	27,039
288,272	27,520
288,287	27,480
288,302	27,795
288,317	27,574
288,332	26,802
288,347	27,168
288,362	26,576
288,377	27,162
288,392	27,343
288,407	26,646
288,422	27,056
288,437	26,630
288,452	26,735
288,467	26,931
288,482	26,534
288,497	26,905
288,512	26,674
288,527	26,197
288,542	26,217
288,557	26,157
288,572	26,302
288,587	26,558
288,602	26,086
288,617	26,512
288,632	25,458
288,647	25,754
288,662	26,015
288,677	26,401
288,692	26,085
288,707	26,094
288,722	25,848
288,737	26,004
288,752	25,672
288,767	25,868
288,782	25,727
288,797	24,960
288,812	25,677
288,827	25,616
288,842	25,455
288,857	24,863
288,872	25,551
288,887	25,545
288,902	25,139
288,917	25,645
288,932	25,419
288,947	25,173
288,962	25,439
288,977	25,449
288,992	25,017
289,007	24,826
289,022	24,776
289,037	25,443
289,052	24,941
289,067	25,317
289,082	25,242
289,097	25,211
289,112	24,489
289,127	24,353
289,142	25,351
289,157	24,483
289,172	25,265
289,187	24,984
289,202	23,991
289,217	24,542
289,232	24,331
289,247	24,968
289,262	24,973
289,277	24,697
289,292	24,913
289,307	24,461
289,322	24,676
289,337	25,158
289,352	24,245
289,367	25,222
289,382	24,254
289,397	24,164
289,412	24,700
289,427	24,143
289,442	24,715
289,457	25,091
289,472	24,724
289,487	24,639
289,502	24,293
289,517	25,020
289,532	25,090
289,547	24,698
289,562	25,491
289,577	25,099
289,592	25,295
289,607	24,647
289,622	24,677
289,637	25,369
289,652	25,504
289,667	25,534
289,682	25,353
289,697	25,478
289,712	25,503
289,727	24,786
289,742	24,625
289,757	25,648
289,772	25,869
289,787	25,066
289,802	25,271
289,817	24,935
289,832	25,782
289,847	25,943
289,862	25,642
289,877	25,105
289,892	25,541
289,907	25,531
289,923	26,228
289,937	26,408
289,952	26,358
289,967	26,252
289,983	25,806
289,998	25,775
290,012	25,876
290,027	26,176
290,043	26,748
290,058	26,261
290,072	25,704
290,088	26,466
290,103	25,894
290,118	26,857
290,133	27,002
290,148	27,017
290,163	27,167
290,178	26,400
290,193	26,590
290,208	27,598
290,223	27,372
290,238	27,327
290,253	27,015
290,268	27,176
290,283	27,642
290,298	27,346
290,313	26,934
290,328	27,381
290,343	28,158
290,358	28,037
290,373	27,691
290,388	27,866
290,403	28,187
290,418	28,127
290,433	27,369
290,448	28,267
290,463	28,517
290,478	28,261
290,493	28,045
290,508	28,602
290,523	28,843
290,538	28,491
290,553	29,013
290,568	28,350
290,583	28,435
290,598	29,082
290,613	28,595
290,628	29,167
290,643	28,976
290,658	28,715
290,673	28,735
290,688	28,343
290,703	28,960
290,718	29,095
290,733	29,266
290,748	29,085
290,763	28,322
290,778	27,926
290,793	28,608
290,808	28,864
290,823	28,818
290,838	28,748
290,853	27,699
290,868	27,764
290,883	26,991
290,898	27,664
290,913	27,744
290,928	27,668
290,943	27,151
290,958	26,985
290,973	27,196
290,988	26,930
291,003	26,142
291,018	25,445
291,033	26,368
291,048	25,846
291,063	24,757
291,078	25,284
291,093	25,203
291,108	24,737
291,123	24,445
291,138	23,828
291,153	23,899
291,168	24,109
291,183	23,391
291,198	22,478
291,213	22,945
291,228	22,819
291,243	21,846
291,258	21,459
291,273	21,645
291,288	20,947
291,303	21,108
291,318	21,002
291,333	19,848
291,348	20,410
291,363	19,251
291,378	19,767
291,393	19,893
291,408	18,985
291,423	19,065
291,438	18,513
291,453	18,317
291,468	18,432
291,483	17,780
291,498	18,231
291,513	18,045
291,528	17,192
291,543	17,272
291,558	16,700
291,573	16,775
291,588	17,056
291,603	16,223
291,618	16,745
291,633	16,183
291,648	15,771
291,663	16,167
291,678	15,926
291,693	15,635
291,708	14,817
291,723	14,531
291,738	15,193
291,753	15,163
291,768	14,110
291,783	13,924
291,798	14,676
291,813	13,517
291,828	14,184
291,843	13,687
291,858	14,163
291,873	14,289
291,889	13,827
291,903	13,691
291,918	13,340
291,933	13,139
291,949	13,029
291,964	12,808
291,978	13,289
291,993	13,244
292,009	12,190
292,024	12,701
292,038	11,909
292,053	12,606
292,068	12,771
292,084	12,580
292,099	12,846
292,114	12,425
292,129	11,652
292,144	12,489
292,159	12,008
292,174	12,308
292,189	12,082
292,204	11,285
292,219	11,876
292,234	11,299
292,249	11,886
292,264	11,966
292,279	11,489
292,294	11,394
292,309	11,123
292,324	10,636
292,339	11,158
292,354	10,681
292,369	11,192
292,384	11,082
292,399	10,299
292,414	10,309
292,429	10,885
292,444	10,684
292,459	10,378
292,474	10,664
292,489	10,549
292,504	10,458
292,519	9,876
292,534	10,362
292,549	10,091
292,564	10,658
292,579	9,740
292,594	9,724
292,609	9,694
292,624	9,298
292,639	9,759
292,654	10,230
292,669	9,583
292,684	10,125
292,699	9,166
292,714	8,564
292,729	9,507
292,744	9,396
292,759	9,271
292,774	9,240
292,789	9,029
292,804	8,593
292,819	8,011
292,834	8,718
292,849	8,622
292,864	9,164
292,879	9,033
292,894	8,878
292,909	7,869
292,924	8,667
292,939	8,681
292,954	8,751
292,969	8,751
292,984	8,089
292,999	7,988
293,014	7,712
293,029	8,189
293,044	8,354
293,059	8,188
293,074	7,862
293,089	7,972
293,104	7,199
293,119	8,152
293,134	8,293
293,149	7,941
293,164	7,309
293,179	6,888
293,194	7,996
293,209	8,041
293,224	7,795
293,239	7,639
293,254	7,669
293,269	7,744
293,284	7,653
293,299	6,710
293,314	7,332
293,329	7,302
293,344	7,156
293,359	6,298
293,374	6,985
293,389	7,181
293,404	7,085
293,419	6,257
293,434	7,014
293,449	7,185
293,464	6,252
293,479	6,989
293,494	6,306
293,509	6,366
293,524	6,898
293,539	6,516
293,554	6,822
293,569	6,436
293,584	5,869
293,599	6,636
293,614	6,039
293,629	6,460
293,644	6,490
293,659	5,908
293,674	5,501
293,689	5,446
293,704	6,093
293,719	6,358
293,734	6,243
293,749	6,343
293,764	5,891
293,779	5,229
293,794	5,846
293,809	6,106
293,824	5,895
293,839	5,890
293,854	5,298
293,869	4,831
293,884	5,313
293,899	5,192
293,914	5,413
293,930	5,834
293,945	4,921
293,959	5,417
293,974	5,246
293,990	4,428
294,005	4,699
294,019	5,406
294,034	5,215
294,050	4,317
294,065	4,448
294,079	4,116
294,094	4,492
294,110	5,049
294,125	4,888
294,140	4,246
294,155	4,732
294,170	4,466
294,185	4,356
294,200	4,812
294,215	4,721
294,230	4,651
294,245	4,325
294,260	3,542
294,275	4,660
294,290	3,762
294,305	4,404
294,320	4,519
294,335	4,118
294,350	4,328
294,365	3,846
294,380	3,992
294,395	4,157
294,410	4,057
294,425	4,137
294,440	3,525
294,455	3,259
294,470	3,950
294,485	2,792
294,500	4,095
294,515	4,035
294,530	3,127
294,545	3,759
294,560	3,142
294,575	3,147
294,590	3,608
294,605	3,567
294,620	3,617
294,635	3,065
294,650	3,512
294,665	3,526
294,680	2,608
294,695	2,633
294,710	3,455
294,725	2,964
294,740	2,939
294,755	2,793
294,770	2,833
294,785	2,958
294,800	2,938
294,815	3,269
294,830	2,591
294,845	2,220
294,860	3,233
294,875	2,957
294,890	3,002
294,905	2,846
294,920	2,459
294,935	2,544
294,950	2,058
294,965	2,198
294,980	2,499
294,995	2,890
295,010	2,453
295,025	2,915
295,040	1,806
295,055	2,548
295,070	2,708
295,085	2,462
295,100	2,993
295,115	1,579
295,130	1,950
295,145	2,281
295,160	1,849
295,175	2,722
295,190	2,531
295,205	1,463
295,220	2,119
295,235	1,577
295,250	2,044
295,265	2,515
295,280	2,394
295,295	2,364
295,310	2,068
295,325	1,772
295,340	1,766
295,355	2,308
295,370	2,453
295,385	1,716
295,400	1,690
295,415	2,202
295,430	2,116
295,445	1,765
295,460	1,875
295,475	2,191
295,490	1,779
295,505	1,915
295,520	1,322
295,535	2,235
295,550	2,285
295,565	2,380
295,580	1,452
295,595	1,808
295,610	2,169
295,625	1,236
295,640	1,672
295,655	2,043
295,670	1,978
295,685	1,852
295,700	1,716
295,715	0,929
295,730	1,756
295,745	1,540
295,760	2,137
295,775	2,222
295,790	1,148
295,805	1,273
295,820	1,043
295,835	1,489
295,850	2,176
295,865	2,195
295,880	1,995
295,895	1,678
295,911	1,162
295,925	1,859
295,940	2,169
295,955	2,134
295,971	2,058
295,986	1,532
296,000	1,045
296,015	1,376
296,031	1,591
296,046	2,087
296,060	1,275
296,075	1,335
296,091	1,967
296,106	1,420
296,121	2,041
296,136	1,800
296,151	1,138
296,166	1,399
296,181	1,885
296,196	1,589
296,211	0,746
296,226	1,895
296,241	1,749
296,256	2,064
296,271	1,854
296,286	1,262
296,301	0,885
296,316	0,755
296,331	1,803
296,346	1,431
296,361	1,887
296,376	1,917
296,391	1,195
296,406	1,461
296,421	1,220
296,436	1,586
296,451	1,756
296,466	0,908
296,481	1,746
296,496	0,737
296,511	1,193
296,526	1,645
296,541	1,398
296,556	1,679
296,571	1,634
296,586	1,252
296,601	1,307
296,616	0,796
296,631	1,678
296,646	1,462
296,661	0,459
296,676	0,338
296,691	0,990
296,706	1,462
296,721	1,426
296,736	1,677
296,751	1,461
296,766	1,491
296,781	0,623
296,796	1,219
296,811	0,688
296,826	1,339
296,841	0,792
296,856	0,246
296,871	1,078
296,886	0,882
296,901	0,731
296,916	0,671
296,931	1,077
296,946	1,282
296,961	1,011
296,976	0,334
296,991	1,227
297,006	1,307
297,021	1,307
297,036	1,111
297,051	0,739
297,066	0,227
297,081	0,904
297,096	0,498
297,111	1,150
297,126	1,074
297,141	0,282
297,156	1,104
297,171	0,241
297,186	0,547
297,201	0,968
297,216	0,933
297,231	0,787
297,246	0,676
297,261	0,034
297,276	0,716
297,291	0,094
297,306	0,655
297,321	0,690
297,336	0,314
297,351	0,775
297,366	0,319
297,381	0,007
297,396	0,759
297,411	0,348
297,426	0,639
297,441	0,619
297,456	-0,134
297,471	0,242
297,486	-0,445
297,501	0,472
297,516	0,768
297,531	0,808
297,546	-0,266
297,561	-0,321
297,576	0,060
297,591	0,235
297,606	-0,176
297,621	0,445
297,636	0,340
297,651	0,064
297,666	-0,137
297,681	-0,252
297,696	0,500
297,711	0,294
297,726	0,153
297,741	-0,253
297,756	0,092
297,771	-0,264
297,786	-0,179
297,801	0,318
297,816	0,488
297,831	0,327
297,846	-0,556
297,861	0,046
297,876	0,231
297,891	0,156
297,906	0,181
297,921	0,677
297,937	-0,281
297,952	-0,216
297,966	-0,382
297,981	-0,071
297,997	0,044
298,012	0,179
298,026	0,380
298,041	-0,539
298,057	-0,343
298,072	0,168
298,087	0,319
298,102	0,348
298,116	-0,183
298,132	-0,359
298,147	0,192
298,162	0,217
298,177	0,393
298,192	-0,601
298,207	-0,245
298,222	0,196
298,237	-0,205
298,252	-0,080
298,267	0,356
298,282	0,461
298,297	0,325
298,312	-0,071
298,327	-0,026
298,342	0,310
298,357	-0,122
298,372	-0,192
298,387	0,314
298,402	0,420
298,417	0,550
298,432	-0,168
298,447	-0,043
298,462	0,584
298,477	0,112
298,492	0,744
298,507	0,553
298,522	0,162
298,537	1,069
298,552	0,227
298,567	0,743
298,582	0,964
298,597	0,602
298,612	0,998
298,627	0,798
298,642	0,727
298,657	1,554
298,672	1,725
298,687	1,820
298,702	1,037
298,717	1,077
298,732	2,070
298,747	2,205
298,762	2,872
298,777	3,298
298,792	3,694
298,807	3,734
298,822	4,988
298,837	5,690
298,852	8,042
298,867	10,394
298,882	12,881
298,897	16,442
298,912	20,384
298,927	26,272
298,942	32,355
298,957	39,021
298,972	46,689
298,987	54,077
299,002	62,728
299,017	72,142
299,032	81,761
299,047	91,511
299,062	100,273
299,077	109,917
299,092	120,299
299,107	129,613
299,122	137,311
299,137	145,371
299,152	152,046
299,167	157,357
299,182	161,424
299,197	163,436
299,212	165,186
299,227	163,300
299,242	161,318
299,257	158,223
299,272	153,539
299,287	149,521
299,302	144,431
299,317	139,365
299,332	135,222
299,347	130,186
299,362	126,138
299,377	121,544
299,392	116,348
299,407	112,074
299,422	107,666
299,437	104,310
299,452	100,749
299,467	96,114
299,482	92,994
299,497	88,551
299,512	85,100
299,527	82,547
299,542	79,532
299,557	76,212
299,572	73,218
299,587	69,280
299,602	67,304
299,617	63,868
299,632	62,057
299,647	59,775
299,662	57,668
299,677	55,085
299,692	52,060
299,707	50,119
299,722	48,835
299,737	46,608
299,752	44,832
299,767	42,349
299,782	40,584
299,797	39,535
299,812	37,740
299,827	35,688
299,842	34,565
299,857	33,461
299,872	31,645
299,887	29,774
299,902	29,102
299,917	27,973
299,933	26,855
299,947	25,796
299,962	24,437
299,978	22,756
299,993	22,134
300,007	21,642
300,022	20,624
300,038	20,308
300,053	18,462
300,067	17,263
300,083	16,982
300,098	15,908
300,113	15,903
300,128	15,472
300,143	14,057
300,158	13,912
300,173	12,943
300,188	12,447
300,203	11,920
300,218	11,152
300,233	10,886
300,248	10,008
300,263	9,055
300,278	8,944
300,293	7,941
300,308	8,227
300,323	7,905
300,338	7,003
300,353	6,927
300,368	6,105
300,383	5,813
300,398	5,893
300,413	4,930
300,428	5,166
300,443	4,679
300,458	3,736
300,473	3,565
300,488	3,610
300,503	3,560
300,518	2,807
300,533	2,225
300,548	2,145
300,563	2,456
300,578	2,094
300,593	1,507
300,608	0,780
300,623	1,171
300,638	0,935
300,653	0,217
300,668	0,603
300,683	-0,169
300,698	0,151
300,713	0,046
300,728	-0,566
300,743	-0,908
300,758	-0,993
300,773	-0,562
300,788	-0,828
300,803	-1,024
300,818	-0,974
300,833	-1,114
300,848	-1,877
300,863	-2,554
300,878	-2,404
300,893	-2,168
300,908	-1,918
300,923	-2,234
300,938	-3,017
300,953	-2,681
300,968	-3,007
300,983	-2,797
300,998	-2,812
301,013	-3,218
301,028	-2,963
301,043	-3,630
301,058	-4,418
301,073	-3,294
301,088	-3,586
301,103	-3,661
301,118	-3,706
301,133	-4,429
301,148	-4,008
301,163	-5,106
301,178	-4,038
301,193	-4,731
301,208	-4,666
301,223	-4,902
301,238	-5,484
301,253	-4,641
301,268	-4,702
301,283	-5,063
301,298	-5,710
301,313	-5,189
301,328	-5,018
301,343	-5,525
301,358	-5,932
301,373	-5,496
301,388	-5,461
301,403	-5,977
301,418	-5,642
301,433	-6,986
301,448	-6,500
301,463	-6,003
301,478	-5,878
301,493	-5,999
301,508	-6,039
301,523	-6,882
301,538	-6,997
301,553	-7,088
301,568	-6,321
301,583	-6,356
301,598	-7,074
301,613	-6,607
301,628	-7,410
301,643	-7,360
301,658	-7,195
301,673	-6,864
301,688	-6,869
301,703	-6,789
301,718	-7,757
301,733	-7,437
301,748	-7,778
301,763	-7,011
301,778	-7,156
301,793	-7,517
301,808	-8,050
301,823	-7,949
301,838	-8,145
301,853	-7,614
301,868	-7,559
301,884	-7,609
301,898	-7,624
301,913	-8,186
301,928	-8,543
301,943	-8,387
301,959	-7,821
301,974	-8,423
301,988	-8,303
302,003	-8,935
302,019	-8,077
302,034	-8,539
302,048	-8,253
302,063	-8,389
302,079	-8,700
302,094	-8,630
302,109	-9,097
302,124	-9,137
302,139	-8,711
302,154	-8,566
302,169	-8,962
302,184	-9,494
302,199	-9,369
302,214	-9,454
302,229	-9,916
302,244	-9,159
302,259	-9,034
302,274	-9,601
302,289	-9,200
302,304	-9,731
302,319	-9,807
302,334	-9,471
302,349	-9,817
302,364	-9,652
302,379	-10,375
302,394	-10,054
302,409	-10,370
302,424	-10,440
302,439	-9,884
302,454	-9,734
302,469	-10,321
302,484	-9,869
302,499	-10,015
302,514	-10,873
302,529	-10,071
302,544	-10,387
302,559	-10,126
302,574	-10,006
302,589	-10,673
302,604	-11,015
302,619	-11,271
302,634	-10,504
302,649	-10,323
302,664	-10,900
302,679	-10,780
302,694	-11,161
302,709	-11,493
302,724	-10,525
302,739	-11,157
302,754	-11,418
302,769	-10,831
302,784	-10,757
302,799	-11,168
302,814	-11,289
302,829	-11,018
302,844	-10,863
302,859	-11,384
302,874	-11,941
302,889	-12,007
302,904	-11,636
302,919	-11,435
302,934	-11,205
302,949	-11,596
302,964	-11,135
302,979	-12,188
302,994	-12,088
303,009	-11,402
303,024	-11,663
303,039	-11,307
303,054	-11,553
303,069	-12,536
303,084	-11,684
303,099	-12,010
303,114	-11,889
303,129	-11,794
303,144	-11,790
303,159	-11,684
303,174	-12,362
303,189	-12,894
303,204	-12,026
303,219	-12,874
303,234	-12,026
303,249	-12,052
303,264	-13,050
303,279	-12,198
303,294	-13,141
303,309	-12,394
303,324	-12,178
303,339	-12,740
303,354	-12,319
303,369	-12,831
303,384	-13,117
303,399	-12,681
303,414	-12,686
303,429	-12,446
303,444	-13,263
303,459	-12,988
303,474	-12,823
303,489	-13,003
303,504	-13,450
303,519	-12,778
303,534	-12,939
303,549	-12,964
303,564	-13,832
303,579	-13,391
303,594	-13,005
303,609	-13,246
303,624	-13,085
303,639	-13,813
303,654	-13,678
303,669	-13,071
303,684	-13,859
303,699	-13,789
303,714	-13,257
303,729	-13,418
303,744	-13,278
303,759	-14,291
303,774	-14,131
303,789	-13,524
303,804	-13,414
303,819	-13,630
303,834	-13,745
303,849	-14,357
303,864	-14,302
303,879	-14,950
303,894	-14,529
303,909	-13,982
303,925	-13,912
303,940	-14,263
303,954	-14,243
303,969	-14,981
303,985	-14,124
304,000	-14,159
304,014	-14,064
304,029	-14,119
304,045	-14,395
304,060	-14,290
304,075	-14,471
304,089	-14,822
304,105	-14,386
304,120	-15,404
304,135	-15,660
304,150	-15,380
304,165	-15,049
304,180	-14,929
304,195	-15,145
304,210	-15,712
304,225	-14,608
304,240	-14,704
304,255	-14,719
304,270	-15,527
304,285	-15,066
304,300	-14,775
304,315	-14,941
304,330	-16,004
304,345	-15,182
304,360	-15,618
304,375	-15,002
304,390	-15,880
304,405	-15,278
304,420	-15,048
304,435	-15,599
304,450	-16,001
304,465	-15,239
304,480	-15,866
304,495	-15,460
304,510	-15,676
304,525	-15,561
304,540	-15,536
304,555	-16,359
304,570	-15,591
304,585	-15,561
304,600	-15,451
304,615	-15,537
304,630	-15,763
304,645	-16,350
304,660	-15,843
304,675	-15,628
304,690	-15,819
304,705	-15,558
304,720	-16,341
304,735	-16,727
304,750	-16,607
304,765	-16,657
304,780	-16,021
304,795	-16,111
304,810	-15,810
304,825	-16,297
304,840	-16,979
304,855	-16,007
304,870	-16,313
304,885	-16,087
304,900	-16,218
304,915	-16,900
304,930	-16,208
304,945	-16,349
304,960	-16,951
304,975	-16,946
304,990	-16,314
305,005	-16,294
305,020	-16,826
305,035	-17,263
305,050	-16,721
305,065	-16,391
305,080	-16,832
305,095	-17,103
305,110	-17,224
305,125	-16,632
305,140	-16,979
305,155	-17,495
305,170	-16,974
305,185	-17,210
305,200	-17,697
305,215	-16,809
305,230	-17,792
305,245	-17,607
305,260	-16,774
305,275	-17,507
305,290	-17,091
305,305	-17,558
305,320	-18,305
305,335	-17,137
305,350	-17,839
305,365	-17,388
305,380	-17,368
305,395	-18,075
305,410	-17,328
305,425	-18,206
305,440	-17,906
305,455	-17,590
305,470	-17,600
305,485	-17,550
305,500	-17,972
305,515	-18,318
305,530	-18,098
305,545	-18,042
305,560	-17,631
305,575	-17,812
305,590	-18,138
305,605	-18,078
305,620	-18,430
305,635	-18,129
305,650	-18,054
305,665	-18,681
305,680	-18,110
305,695	-18,200
305,710	-18,281
305,725	-18,426
305,740	-18,075
305,755	-18,121
305,770	-18,397
305,785	-19,119
305,800	-19,139
305,815	-18,688
305,830	-18,713
305,845	-18,257
305,860	-18,408
305,875	-18,248
305,890	-19,301
305,906	-19,271
305,921	-18,634
305,935	-18,554
305,950	-18,956
305,966	-18,911
305,981	-19,358
305,995	-19,368
306,010	-19,233
306,026	-19,348
306,041	-18,822
306,055	-19,143
306,070	-19,429
306,086	-18,787
306,101	-19,766
306,116	-19,515
306,131	-19,069
306,146	-19,355
306,161	-18,859
306,176	-19,842
306,191	-20,113
306,206	-19,456
306,221	-19,948
306,236	-19,582
306,251	-19,301
306,266	-19,723
306,281	-19,683
306,296	-20,089
306,311	-19,809
306,326	-19,553
306,341	-19,669
306,356	-19,925
306,371	-20,486
306,386	-19,990
306,401	-19,750
306,416	-20,021
306,431	-19,715
306,446	-20,152
306,461	-19,996
306,476	-20,598
306,491	-20,664
306,506	-20,574
306,521	-20,017
306,536	-20,183
306,551	-20,188
306,566	-20,785
306,581	-19,908
306,596	-20,174
306,611	-20,635
306,626	-20,395
306,641	-20,215
306,656	-20,726
306,671	-21,434
306,686	-21,268
306,701	-21,093
306,716	-20,787
306,731	-20,567
306,746	-20,652
306,761	-21,004
306,776	-21,490
306,791	-21,240
306,806	-20,683
306,821	-20,894
306,836	-20,679
306,851	-21,261
306,866	-21,707
306,881	-21,557
306,896	-21,497
306,911	-21,021
306,926	-21,929
306,941	-21,282
306,956	-21,167
306,971	-21,819
306,986	-21,177
307,001	-21,112
307,016	-21,077
307,031	-21,083
307,046	-21,314
307,061	-21,971
307,076	-21,896
307,091	-21,455
307,106	-21,430
307,121	-22,263
307,136	-22,112
307,151	-21,711
307,166	-21,481
307,181	-22,088
307,196	-22,234
307,211	-21,978
307,226	-21,667
307,241	-22,254
307,256	-22,400
307,271	-21,999
307,286	-22,200
307,301	-22,431
307,316	-22,170
307,331	-22,416
307,346	-21,870
307,361	-22,768
307,376	-22,677
307,391	-22,427
307,406	-22,387
307,421	-22,242
307,436	-22,643
307,451	-23,270
307,466	-22,448
307,481	-22,860
307,496	-22,649
307,511	-22,228
307,526	-22,955
307,541	-23,186
307,556	-23,472
307,571	-23,121
307,586	-22,565
307,601	-22,741
307,616	-22,721
307,631	-23,443
307,646	-23,414
307,661	-22,837
307,676	-23,595
307,691	-22,953
307,706	-23,199
307,721	-23,590
307,736	-23,500
307,751	-23,721
307,766	-23,611
307,781	-23,089
307,796	-23,080
307,811	-23,270
307,826	-23,747
307,841	-23,697
307,856	-23,085
307,871	-23,106
307,886	-23,918
307,901	-23,813
307,916	-23,277
307,932	-23,628
307,947	-24,361
307,962	-24,030
307,976	-23,368
307,991	-23,840
308,007	-24,306
308,022	-23,614
308,036	-24,477
308,051	-24,382
308,067	-23,735
308,082	-23,951
308,097	-23,936
308,111	-24,228
308,127	-24,494
308,142	-24,128
308,157	-24,880
308,172	-23,948
308,187	-23,893
308,202	-24,610
308,217	-23,863
308,232	-25,167
308,247	-24,766
308,262	-24,039
308,277	-24,812
308,292	-24,215
308,307	-24,661
308,322	-24,943
308,337	-24,361
308,352	-25,304
308,367	-24,703
308,382	-24,532
308,397	-25,069
308,412	-24,859
308,427	-25,355
308,442	-25,055
308,457	-24,824
308,472	-25,206
308,487	-24,719
308,502	-25,291
308,517	-25,948
308,532	-24,971
308,547	-25,337
308,562	-25,743
308,577	-25,287
308,592	-25,784
308,607	-25,543
308,622	-25,177
308,637	-25,413
308,652	-25,444
308,667	-25,514
308,682	-25,259
308,697	-25,334
308,712	-25,164
308,727	-25,590
308,742	-25,515
308,757	-25,616
308,772	-25,170
308,787	-25,782
308,802	-26,655
308,817	-25,872
308,832	-25,833
308,847	-25,512
308,862	-25,502
308,877	-25,853
308,892	-25,868
308,907	-26,521
308,922	-26,601
308,937	-25,919
308,952	-26,220
308,967	-25,865
308,982	-26,281
308,997	-26,668
309,012	-26,557
309,027	-26,633
309,042	-26,442
309,057	-26,257
309,072	-26,533
309,087	-26,267
309,102	-26,990
309,117	-27,236
309,132	-26,509
309,147	-26,790
309,162	-26,464
309,177	-26,810
309,192	-27,372
309,207	-27,057
309,222	-27,383
309,237	-26,871
309,252	-26,541
309,267	-26,736
309,282	-27,268
309,297	-27,539
309,312	-27,083
309,327	-26,772
309,342	-27,023
309,357	-27,826
309,372	-26,994
309,387	-26,999
309,402	-27,481
309,417	-27,917
309,432	-27,336
309,447	-27,276
309,462	-27,547
309,477	-27,371
309,492	-27,241
309,507	-27,302
309,522	-27,397
309,537	-27,257
309,552	-27,242
309,567	-27,558
309,582	-28,662
309,597	-27,594
309,612	-28,371
309,627	-27,469
309,642	-27,614
309,657	-28,257
309,672	-28,377
309,687	-27,991
309,702	-28,413
309,717	-27,941
309,732	-27,806
309,747	-27,987
309,762	-27,957
309,777	-28,675
309,792	-28,088
309,807	-27,958
309,822	-28,028
309,837	-27,863
309,852	-28,350
309,867	-28,796
309,882	-28,832
309,897	-28,706
309,912	-28,390
309,928	-28,200
309,942	-28,526
309,957	-28,451
309,973	-29,314
309,988	-28,497
310,002	-28,537
310,017	-28,297
310,033	-28,272
310,048	-29,180
310,062	-29,125
310,077	-28,548
310,093	-28,604
310,108	-28,880
310,123	-29,271
310,138	-28,880
310,153	-28,815
310,168	-29,688
310,183	-29,678
310,198	-29,127
310,213	-29,769
310,228	-28,912
310,243	-29,609
310,258	-29,850
310,273	-29,303
310,288	-29,740
310,303	-29,369
310,318	-29,249
310,333	-30,027
310,348	-29,455
310,363	-30,132
310,378	-30,027
310,393	-29,420
310,408	-29,566
310,423	-29,591
310,438	-29,321
310,453	-29,983
310,468	-30,149
310,483	-30,681
310,498	-30,455
310,513	-29,613
310,528	-29,613
310,543	-29,839
310,558	-30,576
310,573	-30,431
310,588	-29,975
310,603	-29,915
310,618	-29,840
310,633	-30,156
310,648	-30,818
310,663	-30,713
310,678	-31,295
310,693	-30,227
310,708	-30,232
310,723	-30,323
310,738	-30,940
310,753	-30,970
310,768	-30,740
310,783	-30,359
310,798	-30,264
310,813	-31,292
310,828	-31,147
310,843	-30,686
310,858	-30,586
310,873	-30,746
310,888	-30,987
310,903	-30,646
310,918	-31,178
310,933	-31,514
310,948	-30,898
310,963	-30,898
310,978	-30,953
310,993	-31,099
311,008	-31,536
311,023	-31,200
311,038	-31,902
311,053	-32,003
311,068	-31,251
311,083	-31,757
311,098	-31,121
311,113	-32,099
311,128	-32,244
311,143	-31,538
311,158	-31,974
311,173	-31,809
311,188	-31,598
311,203	-32,055
311,218	-31,513
311,233	-32,682
311,248	-32,612
311,263	-31,675
311,278	-32,317
311,293	-31,976
311,308	-31,871
311,323	-32,709
311,338	-32,207
311,353	-32,569
311,368	-32,428
311,383	-31,987
311,398	-32,238
311,413	-32,123
311,428	-32,785
311,443	-32,816
311,458	-32,199
311,473	-32,244
311,488	-32,129
311,503	-33,443
311,518	-33,022
311,533	-33,233
311,548	-32,421
311,563	-32,837
311,578	-33,229
311,593	-32,677
311,608	-32,728
311,623	-32,537
311,638	-33,435
311,653	-32,643
311,668	-32,608
311,683	-32,949
311,698	-33,271
311,713	-33,522
311,728	-32,915
311,743	-33,126
311,758	-33,031
311,773	-33,116
311,788	-33,578
311,803	-34,295
311,818	-33,418
311,833	-33,854
311,848	-33,182
311,863	-33,218
311,878	-33,188
311,893	-33,324
311,908	-33,996
311,923	-34,322
311,938	-33,590
311,954	-33,976
311,969	-33,525
311,983	-34,102
311,998	-34,539
312,014	-34,022
312,029	-34,293
312,043	-33,767
312,058	-33,552
312,074	-33,923
312,089	-33,692
312,103	-34,239
312,119	-33,974
312,134	-33,658
312,149	-34,175
312,164	-34,366
312,179	-34,571
312,194	-35,103
312,209	-34,838
312,224	-34,612
312,239	-34,126
312,254	-34,427
312,269	-34,823
312,284	-34,768
312,299	-34,372
312,314	-34,699
312,329	-35,140
312,344	-34,789
312,359	-34,529
312,374	-34,930
312,389	-35,201
312,404	-35,237
312,419	-34,580
312,434	-34,841
312,449	-35,112
312,464	-34,791
312,479	-34,641
312,494	-34,912
312,509	-35,017
312,524	-35,012
312,539	-34,767
312,554	-35,033
312,569	-35,058
312,584	-35,525
312,599	-35,731
312,614	-35,751
312,629	-35,210
312,644	-34,924
312,659	-34,934
312,674	-35,928
312,689	-35,657
312,704	-35,090
312,719	-35,371
312,734	-35,231
312,749	-35,322
312,764	-35,527
312,779	-35,934
312,794	-36,190
312,809	-36,185
312,824	-35,829
312,839	-35,403
312,854	-36,421
312,869	-36,241
312,884	-36,447
312,899	-36,066
312,914	-35,836
312,929	-35,735
312,944	-35,921
312,959	-35,896
312,974	-35,821
312,989	-36,007
313,004	-36,002
313,019	-36,604
313,034	-36,595
313,049	-35,968
313,064	-36,023
313,079	-36,229
313,094	-36,881
313,109	-36,671
313,124	-36,069
313,139	-36,345
313,154	-36,280
313,169	-36,832
313,184	-36,998
313,199	-36,647
313,214	-36,617
313,229	-36,361
313,244	-37,029
313,259	-37,275
313,274	-37,270
313,289	-37,516
313,304	-36,433
313,319	-36,659
313,334	-37,246
313,349	-36,910
313,364	-37,738
313,379	-38,004
313,394	-37,106
313,409	-37,151
313,424	-36,851
313,439	-36,801
313,454	-37,965
313,469	-37,483
313,484	-37,694
313,499	-37,323
313,514	-37,263
313,529	-37,615
313,544	-37,118
313,559	-37,786
313,574	-37,455
313,589	-37,631
313,604	-37,756
313,619	-37,556
313,634	-37,360
313,649	-38,349
313,664	-38,319
313,679	-38,730
313,694	-37,537
313,709	-37,647
313,724	-38,294
313,739	-38,099
313,754	-37,904
313,769	-37,994
313,784	-38,245
313,799	-38,316
313,814	-38,221
313,829	-38,241
313,844	-38,692
313,859	-38,111
313,875	-38,161
313,889	-38,678
313,904	-38,814
313,920	-38,658
313,935	-39,190
313,950	-38,664
313,964	-39,336
313,979	-38,509
313,995	-38,318
314,010	-38,810
314,024	-38,444
314,039	-38,981
314,055	-38,741
314,070	-38,600
314,084	-39,167
314,099	-38,731
314,115	-38,611
314,130	-39,529
314,145	-39,028
314,160	-39,193
314,175	-39,093
314,190	-38,682
314,205	-38,943
314,220	-39,104
314,235	-39,330
314,250	-39,731
314,265	-39,064
314,280	-39,942
314,295	-39,160
314,310	-39,205
314,325	-39,401
314,340	-39,713
314,355	-39,833
314,370	-39,492
314,385	-39,342
314,400	-39,538
314,415	-39,337
314,430	-39,689
314,445	-39,563
314,460	-39,559
314,475	-39,729
314,490	-39,970
314,505	-40,016
314,520	-39,670
314,535	-40,152
314,550	-40,548
314,565	-39,410
314,580	-39,761
314,595	-40,057
314,610	-39,922
314,625	-40,534
314,640	-41,021
314,655	-40,354
314,670	-40,138
314,685	-40,354
314,700	-40,154
314,715	-41,092
314,730	-40,982
314,745	-41,253
314,760	-40,937
314,775	-40,401
314,790	-40,747
314,805	-40,893
314,820	-40,712
314,835	-41,079
314,850	-40,627
314,865	-40,507
314,880	-40,939
314,895	-40,588
314,910	-41,265
314,925	-41,326
314,940	-41,035
314,955	-41,376
314,970	-40,900
314,985	-41,361
315,000	-41,598
315,009	-40,880
315,024	-40,948
315,039	-41,127
315,054	-41,561
315,069	-41,619
315,084	-41,983
315,099	-41,324
315,114	-41,272
315,129	-42,268
315,144	-42,411
315,159	-41,401
315,174	-42,216
315,189	-41,823
315,204	-41,314
315,219	-41,668
315,234	-42,378
315,249	-42,070
315,264	-42,570
315,279	-41,585
315,294	-41,778
315,309	-41,671
315,324	-42,025
315,339	-42,354
315,354	-42,407
315,369	-42,555
315,384	-42,774
315,399	-42,741
315,414	-42,082
315,429	-42,401
315,444	-42,891
315,459	-42,628
315,474	-41,949
315,489	-42,473
315,504	-42,892
315,519	-42,679
315,534	-42,888
315,549	-42,495
315,564	-43,566
315,579	-42,671
315,594	-42,363
315,609	-42,356
315,624	-42,434
315,639	-43,114
315,654	-42,921
315,669	-42,603
315,684	-43,404
315,699	-42,454
315,714	-42,768
315,729	-43,618
315,744	-43,451
315,759	-43,328
315,774	-43,170
315,789	-42,983
315,804	-42,845
315,819	-42,723
315,834	-43,257
315,849	-43,912
315,864	-43,223
315,879	-42,960
315,894	-43,139
315,909	-43,036
315,925	-43,390
315,940	-43,860
315,954	-43,762
315,969	-44,056
315,985	-43,046
316,000	-43,415
316,014	-43,588
316,029	-43,852
316,045	-43,464
316,060	-43,161
316,075	-43,299
316,089	-44,235
316,105	-43,932
316,120	-43,799
316,135	-43,913
316,150	-44,196
316,165	-43,748
316,180	-43,575
316,195	-43,703
316,210	-44,594
316,225	-44,055
316,240	-44,615
316,255	-44,202
316,270	-44,967
316,285	-43,701
316,300	-44,215
316,315	-44,725
316,330	-44,693
316,345	-44,420
316,360	-44,699
316,375	-44,009
316,390	-44,529
316,405	-45,053
316,420	-44,841
316,435	-45,165
316,450	-44,280
316,465	-44,408
316,480	-44,381
316,495	-44,379
316,510	-44,668
316,525	-45,558
316,540	-44,608
316,555	-45,078
316,570	-44,499
316,585	-44,647
316,600	-44,826
316,615	-44,778
316,630	-45,659
316,645	-45,105
316,660	-44,702
316,675	-44,946
316,690	-44,597
316,705	-44,630
316,720	-45,491
316,735	-44,942
316,750	-44,850
316,765	-44,602
316,780	-45,337
316,795	-44,974
316,810	-45,207
316,825	-45,025
316,840	-45,068
316,855	-45,778
316,870	-45,164
316,885	-44,981
316,900	-45,330
316,915	-45,830
316,930	-45,141
316,945	-45,123
316,960	-45,834
316,975	-45,255
316,990	-46,145
317,005	-45,210
317,020	-45,810
317,035	-45,763
317,050	-45,395
317,065	-45,583
317,080	-46,353
317,095	-45,920
317,110	-46,184
317,125	-46,071
317,140	-46,099
317,155	-45,676
317,170	-45,573
317,185	-46,023
317,200	-46,276
317,215	-46,525
317,230	-46,352
317,245	-45,593
317,260	-45,957
317,275	-46,326
317,290	-45,762
317,305	-46,909
317,320	-46,134
317,335	-45,746
317,350	-45,889
317,365	-46,028
317,380	-46,331
317,395	-46,916
317,410	-46,267
317,425	-46,536
317,440	-45,957
317,455	-46,005
317,470	-46,946
317,485	-47,154
317,500	-46,144
317,515	-46,147
317,530	-46,436
317,545	-47,286
317,560	-46,457
317,575	-46,244
317,590	-46,041
317,605	-47,333
317,620	-46,519
317,635	-46,466
317,650	-46,359
317,665	-47,199
317,680	-47,232
317,695	-46,373
317,710	-46,551
317,725	-46,569
317,740	-46,903
317,755	-46,600
317,770	-46,904
317,785	-47,519
317,800	-46,960
317,815	-47,780
317,830	-46,600
317,845	-46,743
317,860	-47,353
317,875	-47,737
317,890	-47,775
317,906	-47,241
317,921	-47,099
317,935	-46,971
317,950	-46,964
317,966	-47,514
317,981	-47,752
317,995	-47,259
318,010	-47,226
318,026	-47,330
318,041	-47,302
318,055	-47,611
318,070	-48,261
318,086	-47,602
318,101	-47,856
318,116	-47,407
318,131	-47,335
318,146	-47,925
318,161	-48,168
318,176	-48,522
318,191	-47,848
318,206	-47,450
318,221	-47,573
318,236	-47,972
318,251	-48,672
318,266	-48,104
318,281	-48,593
318,296	-48,245
318,311	-48,448
318,326	-47,839
318,341	-47,968
318,356	-48,211
318,371	-48,425
318,386	-48,077
318,401	-47,819
318,416	-48,103
318,431	-48,843
318,446	-48,028
318,461	-48,743
318,476	-48,170
318,491	-48,674
318,506	-48,195
318,521	-48,123
318,536	-48,637
318,551	-48,179
318,566	-49,170
318,581	-48,671
318,596	-48,373
318,611	-48,416
318,626	-48,244
318,641	-48,623
318,656	-48,811
318,671	-48,604
318,686	-49,053
318,701	-48,434
318,716	-48,482
318,731	-48,886
318,746	-48,934
318,761	-49,128
318,776	-49,216
318,791	-48,336
318,806	-48,926
318,821	-48,608
318,836	-48,751
318,851	-49,095
318,866	-48,953
318,881	-49,362
318,896	-48,743
318,911	-48,685
318,926	-49,400
318,941	-49,719
318,956	-49,492
318,971	-49,364
318,986	-48,956
319,001	-49,912
319,016	-49,273
319,031	-48,975
319,046	-49,098
319,061	-49,537
319,076	-49,545
319,091	-49,282
319,106	-49,074
319,121	-50,015
319,136	-49,918
319,151	-50,051
319,166	-49,633
319,181	-49,535
319,196	-49,232
319,211	-50,133
319,226	-49,469
319,241	-50,249
319,256	-49,791
319,271	-49,117
319,286	-49,350
319,301	-49,659
319,316	-49,707
319,331	-50,518
319,346	-49,703
319,361	-50,463
319,376	-50,060
319,391	-49,481
319,406	-49,900
319,421	-49,617
319,436	-50,448
319,451	-50,095
319,466	-49,736
319,481	-49,789
319,496	-50,264
319,511	-49,660
319,526	-50,861
319,541	-49,982
319,556	-50,516
319,571	-50,128
319,586	-49,780
319,601	-50,435
319,616	-49,926
319,631	-50,460
319,646	-50,484
319,661	-49,965
319,676	-49,837
319,691	-50,432
319,706	-51,122
319,721	-49,976
319,736	-50,060
319,751	-51,261
319,766	-50,983
319,781	-50,580
319,796	-50,192
319,811	-50,315
319,826	-51,286
319,841	-50,321
319,856	-50,309
319,871	-50,552
319,886	-50,069
319,901	-50,779
319,916	-51,328
319,932	-50,730
319,947	-51,279
319,962	-50,469
319,976	-50,618
319,991	-51,193
320,007	-51,316
320,022	-51,429
320,036	-51,051
320,051	-50,938
320,067	-50,861
320,082	-50,784
320,097	-51,083
320,111	-51,788
320,127	-51,339
320,142	-50,795
320,157	-50,778
320,172	-50,686
320,187	-51,241
320,202	-51,825
320,217	-51,337
320,232	-51,480
320,247	-50,816
320,262	-50,859
320,277	-51,454
320,292	-51,095
320,307	-51,921
320,322	-51,583
320,337	-51,225
320,352	-51,243
320,367	-51,035
320,382	-50,867
320,397	-51,908
320,412	-51,841
320,427	-51,297
320,442	-51,175
320,457	-51,524
320,472	-52,495
320,487	-51,509
320,502	-51,874
320,517	-51,731
320,532	-51,920
320,547	-51,366
320,562	-51,313
320,577	-51,472
320,592	-52,337
320,607	-51,312
320,622	-51,420
320,637	-52,085
320,652	-51,552
320,667	-51,981
320,682	-51,758
320,697	-52,599
320,712	-52,155
320,727	-51,882
320,742	-51,785
320,757	-51,943
320,772	-51,726
320,787	-52,827
320,802	-52,188
320,817	-52,702
320,832	-51,913
320,847	-51,855
320,862	-52,530
320,877	-53,065
320,892	-52,872
320,907	-52,614
320,922	-52,101
320,937	-52,064
320,952	-52,212
320,967	-52,511
320,982	-52,604
320,997	-52,461
321,012	-52,158
321,027	-52,718
321,042	-52,385
321,057	-53,140
321,072	-53,043
321,087	-52,980
321,102	-52,371
321,117	-52,374
321,132	-52,528
321,147	-52,440
321,162	-53,351
321,177	-53,309
321,192	-52,419
321,207	-52,748
321,222	-53,608
321,237	-52,819
321,252	-52,787
321,267	-52,835
321,282	-53,435
321,297	-53,132
321,312	-52,854
321,327	-53,012
321,342	-53,637
321,357	-53,394
321,372	-52,880
321,387	-53,129
321,402	-53,323
321,417	-53,004
321,432	-52,887
321,447	-53,417
321,462	-54,107
321,477	-53,352
321,492	-54,002
321,507	-52,917
321,522	-53,085
321,537	-53,645
321,552	-53,342
321,567	-54,182
321,582	-54,070
321,597	-53,431
321,612	-53,323
321,627	-53,497
321,642	-53,419
321,657	-54,034
321,672	-53,320
321,687	-54,451
321,702	-53,737
321,717	-53,414
321,732	-53,893
321,747	-53,530
321,762	-53,859
321,777	-53,471
321,792	-53,719
321,807	-53,441
321,822	-53,635
321,837	-53,833
321,852	-54,097
321,867	-53,874
321,882	-53,928
321,897	-53,755
321,912	-54,269
321,928	-55,010
321,942	-53,999
321,957	-54,178
321,973	-54,502
321,988	-54,665
322,002	-54,242
322,017	-54,124
322,033	-54,473
322,048	-54,526
322,062	-54,384
322,077	-54,758
322,093	-54,706
322,108	-54,573
322,123	-54,747
322,138	-54,403
322,153	-54,286
322,168	-54,780
322,183	-54,427
322,198	-54,280
322,213	-54,889
322,228	-54,361
322,243	-55,312
322,258	-54,602
322,273	-54,520
322,288	-54,553
322,303	-54,601
322,318	-54,704
322,333	-55,525
322,348	-54,770
322,363	-55,260
322,378	-54,746
322,393	-54,799
322,408	-55,068
322,423	-54,975
322,438	-55,390
322,453	-55,302
322,468	-54,764
322,483	-54,736
322,498	-54,820
322,513	-54,948
322,528	-55,733
322,543	-55,064
322,558	-55,874
322,573	-55,150
322,588	-54,957
322,603	-55,407
322,618	-55,565
322,633	-55,603
322,648	-55,134
322,663	-54,942
322,678	-55,732
322,693	-55,750
322,708	-55,392
322,723	-56,127
322,738	-55,654
322,753	-55,822
322,768	-55,303
322,783	-55,502
322,798	-56,132
322,813	-55,673
322,828	-55,571
322,843	-55,564
322,858	-55,757
322,873	-56,342
322,888	-55,542
322,903	-55,901
322,918	-56,652
322,933	-55,742
322,948	-56,828
322,963	-56,068
322,978	-55,956
322,993	-56,285
323,008	-56,157
323,023	-56,291
323,038	-56,860
323,053	-56,006
323,068	-55,938
323,083	-56,006
323,098	-56,195
323,113	-56,850
323,128	-56,612
323,143	-55,898
323,158	-56,412
323,173	-56,305
323,188	-56,258
323,203	-57,053
323,218	-56,730
323,233	-57,084
323,248	-56,435
323,263	-56,157
323,278	-56,762
323,293	-56,464
323,308	-57,339
323,323	-56,725
323,338	-56,583
323,353	-56,455
323,368	-57,160
323,383	-57,409
323,398	-57,357
323,413	-56,617
323,428	-57,172
323,443	-57,631
323,458	-57,198
323,473	-56,729
323,488	-57,264
323,503	-57,834
323,518	-57,400
323,533	-56,902
323,548	-56,950
323,563	-57,083
323,578	-57,281
323,593	-57,967
323,608	-57,177
323,623	-57,877
323,638	-57,062
323,653	-57,116
323,668	-57,750
323,683	-57,182
323,698	-57,621
323,713	-57,518
323,728	-57,301
323,743	-57,218
323,758	-57,592
323,773	-57,410
323,788	-58,200
323,803	-57,852
323,818	-58,351
323,833	-57,637
323,848	-57,615
323,863	-57,482
323,878	-58,233
323,893	-58,296
323,908	-58,339
323,923	-57,835
323,938	-57,693
323,954	-58,067
323,969	-58,561
323,983	-58,750
323,998	-58,346
324,014	-58,780
324,029	-58,061
324,043	-58,099
324,058	-58,253
324,074	-58,877
324,089	-58,951
324,103	-58,452
324,119	-58,079
324,134	-58,739
324,149	-58,937
324,164	-59,141
324,179	-58,191
324,194	-58,369
324,209	-59,425
324,224	-58,355
324,239	-58,488
324,254	-58,767
324,269	-59,056
324,284	-58,427
324,299	-58,294
324,314	-58,914
324,329	-58,626
324,344	-59,105
324,359	-58,697
324,374	-59,668
324,389	-59,440
324,404	-58,510
324,419	-58,583
324,434	-59,058
324,449	-58,880
324,464	-59,199
324,479	-58,886
324,494	-59,787
324,509	-58,686
324,524	-58,659
324,539	-59,314
324,554	-59,076
324,569	-59,776
324,584	-59,122
324,599	-58,789
324,614	-59,158
324,629	-59,056
324,644	-59,856
324,659	-60,170
324,674	-59,536
324,689	-59,880
324,704	-59,436
324,719	-59,193
324,734	-59,678
324,749	-59,325
324,764	-59,934
324,779	-60,349
324,794	-59,353
324,809	-59,522
324,824	-59,996
324,839	-60,074
324,854	-59,776
324,869	-59,935
324,884	-59,627
324,899	-60,422
324,914	-59,537
324,929	-59,500
324,944	-60,326
324,959	-60,619
324,974	-60,291
324,989	-59,833
325,004	-60,137
325,019	-59,869
325,034	-60,082
325,049	-60,727
325,064	-60,118
325,079	-60,216
325,094	-60,490
325,109	-59,871
325,124	-60,641
325,139	-61,030
325,154	-60,828
325,169	-61,382
325,184	-60,312
325,199	-60,275
325,214	-60,132
325,229	-60,346
325,244	-60,991
325,259	-61,149
325,274	-60,475
325,289	-61,230
325,304	-60,486
325,319	-60,775
325,334	-61,776
325,349	-61,252
325,364	-61,521
325,379	-60,631
325,394	-60,569
325,409	-61,108
325,424	-60,910
325,439	-61,921
325,454	-61,127
325,469	-60,734
325,484	-61,549
325,499	-61,096
325,513	-60,948
325,528	-61,733
325,543	-61,064
325,558	-61,874
325,573	-61,150
325,588	-60,957
325,603	-61,407
325,618	-61,565
325,633	-61,603
325,648	-61,134
325,663	-60,942
325,678	-61,732
325,693	-61,750
325,708	-61,392
325,723	-62,127
325,738	-61,654
325,753	-61,822
325,768	-61,303
325,783	-61,502
325,798	-62,132
325,813	-61,673
325,828	-61,571
325,843	-61,564
325,858	-61,757
325,873	-62,342
325,888	-61,542
325,903	-61,901
325,918	-62,652
325,933	-61,742
325,948	-62,828
325,963	-62,068
325,978	-61,956
325,993	-62,285
326,008	-62,157
326,023	-62,291
326,038	-62,860
326,053	-62,006
326,068	-61,938
326,083	-62,006
326,098	-62,195
326,113	-62,850
326,128	-62,612
326,143	-61,898
326,158	-62,412
326,173	-62,305
326,188	-62,258
326,203	-63,053
326,218	-62,730
326,233	-63,084
326,248	-62,435
326,263	-62,157
326,278	-62,762
326,293	-62,464
326,308	-63,339
326,323	-62,725
326,338	-62,583
326,353	-62,455
326,368	-63,160
326,383	-63,409
326,398	-63,357
326,413	-62,617
326,428	-63,172
326,443	-63,631
326,458	-63,198
326,473	-62,729
326,488	-63,264
326,503	-63,834
326,518	-63,400
326,533	-62,902
326,548	-62,950
326,563	-63,083
326,578	-63,281
326,593	-63,967
326,608	-63,177
326,623	-63,877
326,638	-63,062
326,653	-63,116
326,668	-63,750
326,683	-63,182
326,698	-63,621
326,713	-63,518
326,728	-63,301
326,743	-63,218
326,758	-63,592
326,773	-63,410
326,788	-64,200
326,803	-63,852
326,818	-64,351
326,833	-63,637
326,848	-63,615
326,863	-63,482
326,878	-64,233
326,893	-64,296
326,908	-64,339
326,923	-63,835
326,938	-63,693
326,954	-64,067
326,969	-64,561
326,983	-64,750
326,998	-64,346
327,014	-64,780
327,029	-64,061
327,043	-64,099
327,058	-64,253
327,074	-64,877
327,089	-64,951
327,103	-64,452
327,119	-64,079
327,134	-64,739
327,149	-64,937
327,164	-65,141
327,179	-64,191
327,194	-64,369
327,209	-65,425
327,224	-64,355
327,239	-64,488
327,254	-64,767
327,269	-65,056
327,284	-64,427
327,299	-64,294
327,314	-64,914
327,329	-64,626
327,344	-65,105
327,359	-64,697
327,374	-65,668
327,389	-65,440
327,404	-64,510
327,419	-64,583
327,434	-65,058
327,449	-64,880
327,464	-65,199
327,479	-64,886
327,494	-65,787
327,509	-64,686
327,524	-64,659
327,539	-65,314
327,554	-65,076
327,569	-65,776
327,584	-65,122
327,599	-64,789
327,614	-65,158
327,629	-65,056
327,644	-65,856
327,659	-66,170
327,674	-65,536
327,689	-65,880
327,704	-65,436
327,719	-65,193
327,734	-65,678
327,749	-65,325
327,764	-65,934
327,779	-66,349
327,794	-65,353
327,809	-65,522
327,824	-65,996
327,839	-66,074
327,854	-65,776
327,869	-65,935
327,884	-65,627
327,899	-66,422
327,914	-65,537
327,929	-65,500
327,944	-66,326
327,959	-66,619
327,974	-66,291
327,989	-65,833
328,004	-66,137
328,019	-65,869
328,034	-66,082
328,049	-66,727
328,064	-66,118
328,079	-66,216
328,094	-66,490
328,109	-65,871
328,124	-66,641
328,139	-67,030
328,154	-66,828
328,169	-67,382
328,184	-66,312
328,199	-66,275
328,214	-66,132
328,229	-66,346
328,244	-66,991
328,259	-67,149
328,274	-66,475
328,289	-67,230
328,304	-66,486
328,319	-66,775
328,334	-67,776
328,349	-67,252
328,364	-67,521
328,379	-66,631
328,394	-66,569
328,409	-67,108
328,424	-66,910
328,439	-67,921
328,454	-67,127
328,469	-66,734
328,484	-67,549
328,499	-67,096
328,514	-67,159
328,529	-67,317
328,544	-67,310
328,559	-67,087
328,574	-67,180
328,589	-67,013
328,604	-67,332
328,619	-68,152
328,634	-67,202
328,649	-67,596
328,664	-68,226
328,679	-67,361
328,694	-67,319
328,709	-67,588
328,724	-68,293
328,739	-67,654
328,754	-68,534
328,769	-68,016
328,784	-68,465
328,799	-68,172
328,814	-67,939
328,829	-68,067
328,844	-68,637
328,859	-68,013
328,875	-67,770
328,889	-67,949
328,904	-68,684
328,920	-68,832
328,935	-68,604
328,950	-68,913
328,964	-68,605
328,979	-68,042
328,995	-68,451
329,010	-68,975
329,024	-68,527
329,039	-69,046
329,055	-68,362
329,070	-68,285
329,084	-68,659
329,099	-68,391
329,115	-68,599
329,130	-68,432
329,145	-68,585
329,160	-69,014
329,175	-68,807
329,190	-69,126
329,205	-69,545
329,220	-69,563
329,235	-69,696
329,250	-69,082
329,265	-69,055
329,280	-68,747
329,295	-69,863
329,310	-69,530
329,325	-69,192
329,340	-69,250
329,355	-70,201
329,370	-69,828
329,385	-69,620
329,400	-69,382
329,415	-70,062
329,430	-69,849
329,445	-69,280
329,460	-69,248
329,475	-69,933
329,490	-69,500
329,505	-69,759
329,520	-70,153
329,535	-69,784
329,550	-70,314
329,565	-69,865
329,580	-70,350
329,595	-70,624
329,610	-70,060
329,625	-70,885
329,640	-70,166
329,655	-70,189
329,670	-70,056
329,685	-70,105
329,700	-70,524
329,715	-70,396
329,730	-70,474
329,745	-70,041
329,760	-70,159
329,775	-70,288
329,790	-71,539
329,805	-71,332
329,820	-71,540
329,835	-70,796
329,850	-70,573
329,865	-70,581
329,880	-70,749
329,895	-71,204
329,910	-71,703
329,925	-70,843
329,940	-70,937
329,955	-70,849
329,970	-71,093
329,985	-71,497
330,000	-71,721
