285,000	37,975
285,015	38,797
285,030	38,933
285,045	39,440
285,060	39,290
285,075	39,190
285,090	38,894
285,105	38,619
285,120	39,472
285,135	39,632
285,150	39,337
285,165	39,337
285,180	38,635
285,195	39,072
285,210	39,574
285,225	39,388
285,240	39,449
285,255	39,183
285,270	39,710
285,285	38,707
285,300	38,677
285,315	39,199
285,330	39,255
285,345	39,646
285,360	38,513
285,375	38,814
285,390	39,487
285,405	39,071
285,420	38,745
285,435	39,181
285,450	39,578
285,465	38,881
285,480	38,460
285,495	38,801
285,510	38,651
285,525	38,832
285,540	39,028
285,555	38,677
285,570	38,527
285,585	37,970
285,600	39,054
285,615	38,904
285,630	38,588
285,645	38,478
285,660	38,348
285,675	37,746
285,690	38,384
285,705	37,767
285,720	38,264
285,735	38,359
285,750	37,753
285,765	38,305
285,780	37,347
285,795	37,473
285,810	37,960
285,825	37,629
285,840	37,810
285,855	37,584
285,870	36,657
285,885	37,460
285,901	37,023
285,916	37,375
285,930	37,094
285,945	36,638
285,961	36,694
285,976	36,970
285,990	36,870
286,005	35,937
286,021	36,655
286,036	36,875
286,050	36,159
286,065	35,667
286,080	36,139
286,096	35,477
286,111	35,763
286,125	35,949
286,141	35,363
286,156	35,654
286,171	35,303
286,186	34,732
286,201	35,013
286,216	35,334
286,231	35,219
286,246	34,297
286,261	34,176
286,276	34,357
286,291	34,824
286,306	34,468
286,321	34,448
286,336	34,278
286,351	34,138
286,366	33,627
286,381	33,878
286,396	33,848
286,411	33,918
286,426	33,663
286,441	33,578
286,456	32,881
286,471	33,247
286,486	33,268
286,501	32,922
286,516	32,917
286,531	32,361
286,546	31,674
286,561	32,602
286,576	31,735
286,591	32,066
286,606	32,001
286,621	31,535
286,636	31,330
286,651	30,763
286,666	31,521
286,681	31,265
286,696	30,729
286,711	30,473
286,726	30,469
286,741	30,519
286,756	30,143
286,771	29,867
286,786	30,530
286,801	30,420
286,816	30,355
286,831	30,265
286,846	29,076
286,861	29,734
286,876	29,508
286,891	28,776
286,906	29,709
286,921	29,018
286,936	28,752
286,951	28,988
286,966	27,700
286,981	28,472
286,996	28,522
287,011	28,242
287,026	28,067
287,041	27,014
287,056	27,496
287,071	27,817
287,086	27,792
287,101	27,572
287,116	27,015
287,131	26,424
287,146	26,805
287,161	25,827
287,176	26,695
287,191	26,605
287,206	26,079
287,221	25,392
287,236	25,823
287,251	25,804
287,266	25,849
287,281	25,674
287,296	25,464
287,311	25,339
287,326	25,394
287,341	24,803
287,356	24,963
287,371	24,899
287,386	24,914
287,401	24,142
287,416	24,222
287,431	23,981
287,446	23,967
287,461	24,093
287,476	23,777
287,491	23,852
287,506	23,652
287,521	23,071
287,536	23,081
287,551	23,282
287,566	22,921
287,581	22,058
287,596	22,932
287,611	22,862
287,626	22,185
287,641	22,401
287,656	22,245
287,671	22,271
287,686	21,619
287,701	21,925
287,716	20,862
287,731	20,452
287,746	21,540
287,761	20,397
287,776	21,420
287,791	20,904
287,806	20,187
287,821	20,533
287,836	19,731
287,851	20,554
287,866	20,213
287,881	20,509
287,897	20,169
287,911	19,206
287,926	19,206
287,942	19,633
287,957	19,683
287,971	19,418
287,986	19,072
288,002	18,350
288,017	18,511
288,031	18,431
288,046	18,506
288,062	18,692
288,077	18,266
288,092	17,649
288,107	17,354
288,122	17,775
288,137	17,916
288,152	17,656
288,167	16,623
288,182	17,566
288,197	17,436
288,212	16,498
288,227	16,233
288,242	16,910
288,257	16,725
288,272	16,539
288,287	15,682
288,302	15,898
288,317	16,480
288,332	16,350
288,347	15,016
288,362	16,180
288,377	15,749
288,392	14,851
288,407	15,734
288,422	15,790
288,437	15,424
288,452	15,158
288,467	15,264
288,482	14,728
288,497	15,004
288,512	14,382
288,527	14,849
288,542	14,859
288,557	14,202
288,572	14,248
288,587	13,807
288,602	14,008
288,617	14,083
288,632	13,652
288,647	13,999
288,662	13,402
288,677	12,810
288,692	13,372
288,707	12,655
288,722	13,288
288,737	13,313
288,752	12,220
288,767	12,998
288,782	12,311
288,797	12,050
288,812	12,677
288,827	12,352
288,842	12,703
288,857	11,831
288,872	11,610
288,887	12,032
288,902	11,992
288,917	11,947
288,932	11,250
288,947	11,577
288,962	11,702
288,977	10,765
288,992	10,389
289,007	11,156
289,022	11,377
289,037	10,906
289,052	10,942
289,067	10,776
289,082	10,747
289,097	10,160
289,112	10,562
289,127	10,587
289,142	10,241
289,157	9,288
289,172	10,121
289,187	9,469
289,202	9,896
289,217	10,102
289,232	9,821
289,247	9,942
289,262	9,907
289,277	9,115
289,292	8,824
289,307	9,402
289,322	9,362
289,337	8,855
289,352	8,595
289,367	8,801
289,382	8,530
289,397	9,203
289,412	9,032
289,427	9,023
289,442	8,767
289,457	7,915
289,472	8,045
289,487	8,743
289,502	8,257
289,517	8,382
289,532	7,269
289,547	7,380
289,562	7,531
289,577	7,752
289,592	8,058
289,607	8,198
289,622	7,808
289,637	7,487
289,652	7,723
289,667	7,462
289,682	7,808
289,697	7,117
289,712	7,583
289,727	7,534
289,742	6,275
289,757	7,013
289,772	6,416
289,787	6,983
289,802	7,174
289,817	6,828
289,832	6,984
289,847	6,262
289,862	6,047
289,877	6,503
289,892	6,273
289,907	6,569
289,923	6,469
289,937	5,607
289,952	6,274
289,967	5,878
289,983	5,974
289,998	6,485
290,012	5,874
290,027	6,240
290,043	5,629
290,058	5,478
290,072	6,106
290,088	5,925
290,103	5,891
290,118	5,695
290,133	5,134
290,148	5,300
290,163	5,034
290,178	5,501
290,193	5,616
290,208	4,889
290,223	4,714
290,238	5,136
290,253	4,795
290,268	5,166
290,283	5,377
290,298	5,202
290,313	4,676
290,328	4,375
290,343	5,088
290,358	4,797
290,373	4,973
290,388	4,351
290,403	5,109
290,418	4,918
290,433	4,492
290,448	4,407
290,463	4,608
290,478	4,985
290,493	4,644
290,508	4,699
290,523	4,479
290,538	4,795
290,553	4,685
290,568	4,044
290,583	4,671
290,598	4,741
290,613	3,804
290,628	4,120
290,643	3,619
290,658	4,542
290,673	4,261
290,688	4,156
290,703	4,362
290,718	3,545
290,733	3,530
290,748	4,177
290,763	3,636
290,778	4,263
290,793	3,672
290,808	3,562
290,823	3,261
290,838	3,181
290,853	3,572
290,868	3,939
290,883	2,906
290,898	3,954
290,913	3,172
290,928	3,097
290,943	3,644
290,958	2,787
290,973	3,439
290,988	3,525
291,003	2,527
291,018	2,768
291,033	2,322
291,048	2,959
291,063	3,105
291,078	2,814
291,093	2,213
291,108	2,649
291,123	2,770
291,138	2,238
291,153	2,490
291,168	2,605
291,183	2,345
291,198	1,603
291,213	1,733
291,228	1,854
291,243	2,070
291,258	1,870
291,273	1,288
291,288	0,712
291,303	1,023
291,318	0,296
291,333	1,420
291,348	0,928
291,363	1,024
291,378	0,814
291,393	-0,164
291,408	0,589
291,423	0,438
291,438	-0,118
291,453	0,078
291,468	0,253
291,483	-0,965
291,498	-0,659
291,513	-1,290
291,528	-0,799
291,543	-1,285
291,558	-1,114
291,573	-1,089
291,588	-1,846
291,603	-2,151
291,618	-1,614
291,633	-1,704
291,648	-1,855
291,663	-2,386
291,678	-2,802
291,693	-3,093
291,708	-2,822
291,723	-3,438
291,738	-3,021
291,753	-4,085
291,768	-3,698
291,783	-3,507
291,798	-3,552
291,813	-3,627
291,828	-4,178
291,843	-4,063
291,858	-4,419
291,873	-4,298
291,889	-5,271
291,903	-5,777
291,918	-5,069
291,933	-4,979
291,949	-5,846
291,964	-5,329
291,978	-6,503
291,993	-5,976
292,009	-5,755
292,024	-5,950
292,038	-6,025
292,053	-5,870
292,068	-6,958
292,084	-6,877
292,099	-6,857
292,114	-6,450
292,129	-6,164
292,144	-6,505
292,159	-6,454
292,174	-6,860
292,189	-7,176
292,204	-6,679
292,219	-6,599
292,234	-6,438
292,249	-6,478
292,264	-6,924
292,279	-7,054
292,294	-7,520
292,309	-7,018
292,324	-6,436
292,339	-6,456
292,354	-7,268
292,369	-6,741
292,384	-7,207
292,399	-6,836
292,414	-6,520
292,429	-6,474
292,444	-6,128
292,459	-7,166
292,474	-7,070
292,489	-6,087
292,504	-6,087
292,519	-6,337
292,534	-6,854
292,549	-6,046
292,564	-5,750
292,579	-5,689
292,594	-6,782
292,609	-5,543
292,624	-5,633
292,639	-6,365
292,654	-6,395
292,669	-6,189
292,684	-5,542
292,699	-5,481
292,714	-6,008
292,729	-5,170
292,744	-5,220
292,759	-5,179
292,774	-5,445
292,789	-5,214
292,804	-4,852
292,819	-4,566
292,834	-4,596
292,849	-5,529
292,864	-5,127
292,879	-4,505
292,894	-4,826
292,909	-4,269
292,924	-4,083
292,939	-4,785
292,954	-4,203
292,969	-5,110
292,984	-3,886
292,999	-3,600
293,014	-3,705
293,029	-3,444
293,044	-4,035
293,059	-4,261
293,074	-3,288
293,089	-2,996
293,104	-3,021
293,119	-2,861
293,134	-3,607
293,149	-2,639
293,164	-3,797
293,179	-2,849
293,194	-2,628
293,209	-2,628
293,224	-3,626
293,239	-3,264
293,254	-3,124
293,269	-2,095
293,284	-2,361
293,299	-2,877
293,314	-2,461
293,329	-2,129
293,344	-2,565
293,359	-2,811
293,374	-2,525
293,389	-1,682
293,404	-1,561
293,419	-2,213
293,434	-1,550
293,449	-1,380
293,464	-1,655
293,479	-2,121
293,494	-1,173
293,509	-1,168
293,524	-1,835
293,539	-2,181
293,554	-0,781
293,569	-1,553
293,584	-0,765
293,599	-0,730
293,614	-1,587
293,629	-1,361
293,644	-1,441
293,659	-1,060
293,674	-0,789
293,689	-1,350
293,704	-0,608
293,719	-1,555
293,734	-1,174
293,749	-0,396
293,764	-1,274
293,779	-0,366
293,794	-1,158
293,809	-0,676
293,824	-0,640
293,839	-1,016
293,854	-0,364
293,869	-0,233
293,884	-0,710
293,899	-0,373
293,914	-0,549
293,930	-0,523
293,945	0,295
293,959	0,039
293,974	0,140
293,990	-0,311
294,005	-1,008
294,019	0,186
294,034	-0,727
294,050	0,271
294,065	-0,370
294,079	0,056
294,094	0,483
294,110	0,112
294,125	-0,424
294,140	0,283
294,155	-0,725
294,170	-0,022
294,185	-0,614
294,200	0,370
294,215	-0,127
294,230	-0,653
294,245	0,029
294,260	0,361
294,275	0,416
294,290	-0,246
294,305	0,166
294,320	-0,395
294,335	0,257
294,350	0,538
294,365	0,448
294,380	0,378
294,395	-0,254
294,410	-0,454
294,425	-0,208
294,440	-0,539
294,455	0,480
294,470	0,244
294,485	0,024
294,500	0,475
294,515	-0,452
294,530	0,461
294,545	0,566
294,560	0,196
294,575	0,467
294,590	0,106
294,605	-0,049
294,620	0,397
294,635	0,067
294,650	0,518
294,665	0,499
294,680	-0,605
294,695	-0,203
294,710	0,168
294,725	0,480
294,740	0,385
294,755	-0,443
294,770	-0,633
294,785	0,300
294,800	0,150
294,815	-0,958
294,830	-0,381
294,845	0,261
294,860	0,337
294,875	-0,616
294,890	-0,445
294,905	0,147
294,920	0,202
294,935	-0,555
294,950	-0,249
294,965	0,073
294,980	-0,880
294,995	-0,639
295,010	-0,282
295,025	-0,402
295,040	-0,297
295,055	0,110
295,070	-0,788
295,085	-0,482
295,100	-0,456
295,115	-0,571
295,130	-0,060
295,145	-0,024
295,160	-0,199
295,175	-0,816
295,190	-1,222
295,205	-0,259
295,220	-0,173
295,235	-0,258
295,250	-0,067
295,265	-0,840
295,280	-0,884
295,295	-1,436
295,310	-0,874
295,325	-0,367
295,340	-0,662
295,355	-1,530
295,370	-0,652
295,385	-1,148
295,400	-0,696
295,415	-0,430
295,430	-0,370
295,445	-0,966
295,460	-1,407
295,475	-0,309
295,490	-0,414
295,505	-1,171
295,520	-0,629
295,535	-1,211
295,550	-0,458
295,565	-1,260
295,580	-1,601
295,595	-0,558
295,610	-0,908
295,625	-0,778
295,640	-1,595
295,655	-1,294
295,670	-0,777
295,685	-1,353
295,700	-1,870
295,715	-1,057
295,730	-0,936
295,745	-1,798
295,760	-0,996
295,775	-1,773
295,790	-1,452
295,805	-1,196
295,820	-1,145
295,835	-1,125
295,850	-1,180
295,865	-1,360
295,880	-1,129
295,895	-1,891
295,911	-1,163
295,925	-1,444
295,940	-1,945
295,955	-1,378
295,971	-2,296
295,986	-1,338
296,000	-1,377
296,015	-1,728
296,031	-1,507
296,046	-1,838
296,060	-2,700
296,075	-1,562
296,091	-2,389
296,106	-1,601
296,121	-2,032
296,136	-2,077
296,151	-2,257
296,166	-2,663
296,181	-1,891
296,196	-1,670
296,211	-2,176
296,226	-2,341
296,241	-2,050
296,256	-2,255
296,271	-2,892
296,286	-2,486
296,301	-1,893
296,316	-1,868
296,331	-2,319
296,346	-2,675
296,361	-3,061
296,376	-2,479
296,391	-2,619
296,406	-2,759
296,421	-3,090
296,436	-2,388
296,451	-3,180
296,466	-2,387
296,481	-2,356
296,496	-2,477
296,511	-2,261
296,526	-3,203
296,541	-3,258
296,556	-2,415
296,571	-2,776
296,586	-2,640
296,601	-2,585
296,616	-3,493
296,631	-2,670
296,646	-3,758
296,661	-3,537
296,676	-2,784
296,691	-3,095
296,706	-2,809
296,721	-3,420
296,736	-3,049
296,751	-3,309
296,766	-4,122
296,781	-2,918
296,796	-3,223
296,811	-3,534
296,826	-3,423
296,841	-4,201
296,856	-3,393
296,871	-3,222
296,886	-3,212
296,901	-3,432
296,916	-3,326
296,931	-4,094
296,946	-3,522
296,961	-3,752
296,976	-4,273
296,991	-4,379
297,006	-3,360
297,021	-3,651
297,036	-3,781
297,051	-4,147
297,066	-3,715
297,081	-4,216
297,096	-4,647
297,111	-4,241
297,126	-4,862
297,141	-3,994
297,156	-4,084
297,171	-4,124
297,186	-4,465
297,201	-4,736
297,216	-4,916
297,231	-5,141
297,246	-4,986
297,261	-4,228
297,276	-4,147
297,291	-4,654
297,306	-4,533
297,321	-5,496
297,336	-4,999
297,351	-4,567
297,366	-4,557
297,381	-4,742
297,396	-4,777
297,411	-5,955
297,426	-5,785
297,441	-5,584
297,456	-4,771
297,471	-4,756
297,486	-5,673
297,501	-4,996
297,516	-5,908
297,531	-5,376
297,546	-5,125
297,561	-5,230
297,576	-5,225
297,591	-5,766
297,606	-6,182
297,621	-5,259
297,636	-5,450
297,651	-5,971
297,666	-5,910
297,681	-6,412
297,696	-5,704
297,711	-5,529
297,726	-6,727
297,741	-6,371
297,756	-5,889
297,771	-5,658
297,786	-6,320
297,801	-6,725
297,816	-5,933
297,831	-5,872
297,846	-6,043
297,861	-6,103
297,876	-6,042
297,891	-6,187
297,906	-6,949
297,921	-6,503
297,937	-6,352
297,952	-6,693
297,966	-6,211
297,981	-6,933
297,997	-7,198
298,012	-6,591
298,026	-7,278
298,041	-6,450
298,057	-6,646
298,072	-7,027
298,087	-7,192
298,102	-6,875
298,116	-7,306
298,132	-6,564
298,147	-6,679
298,162	-6,914
298,177	-7,365
298,192	-7,656
298,207	-7,014
298,222	-7,064
298,237	-7,008
298,252	-6,687
298,267	-7,735
298,282	-7,730
298,297	-7,659
298,312	-7,468
298,327	-7,212
298,342	-7,167
298,357	-7,803
298,372	-7,888
298,387	-7,723
298,402	-7,311
298,417	-7,256
298,432	-7,993
298,447	-7,511
298,462	-7,260
298,477	-7,360
298,492	-7,299
298,507	-7,595
298,522	-7,329
298,537	-7,439
298,552	-8,211
298,567	-7,494
298,582	-7,699
298,597	-7,829
298,612	-7,302
298,627	-7,583
298,642	-7,427
298,657	-8,390
298,672	-8,244
298,687	-7,662
298,702	-8,414
298,717	-7,586
298,732	-7,435
298,747	-7,846
298,762	-7,154
298,777	-8,352
298,792	-8,021
298,807	-7,474
298,822	-7,584
298,837	-7,283
298,852	-7,197
298,867	-8,180
298,882	-7,433
298,897	-7,949
298,912	-7,206
298,927	-6,980
298,942	-7,838
298,957	-6,814
298,972	-7,632
298,987	-7,135
299,002	-6,528
299,017	-6,893
299,032	-6,236
299,047	-6,286
299,062	-6,622
299,077	-5,508
299,092	-5,202
299,107	-4,389
299,122	-4,063
299,137	-3,641
299,152	-3,019
299,167	-1,012
299,182	0,432
299,197	1,044
299,212	3,843
299,227	6,241
299,242	8,879
299,257	11,297
299,272	15,325
299,287	19,167
299,302	23,094
299,317	27,909
299,332	33,190
299,347	37,920
299,362	43,483
299,377	50,033
299,392	57,165
299,407	63,891
299,422	70,296
299,437	77,905
299,452	84,165
299,467	91,944
299,482	98,228
299,497	103,590
299,512	107,542
299,527	108,897
299,542	109,474
299,557	108,321
299,572	105,793
299,587	102,453
299,602	98,913
299,617	94,063
299,632	90,703
299,647	86,114
299,662	83,321
299,677	79,610
299,692	75,869
299,707	72,669
299,722	68,938
299,737	64,936
299,752	62,900
299,767	58,917
299,782	56,977
299,797	54,129
299,812	51,044
299,827	48,577
299,842	46,556
299,857	44,265
299,872	41,968
299,887	39,641
299,902	37,740
299,917	36,020
299,933	33,167
299,947	31,993
299,962	30,013
299,978	28,930
299,993	27,235
300,007	25,163
300,022	23,539
300,038	22,034
300,053	21,423
300,067	19,487
300,083	18,795
300,098	17,637
300,113	16,524
300,128	14,493
300,143	14,092
300,158	12,723
300,173	12,272
300,188	11,169
300,203	10,191
300,218	9,419
300,233	7,769
300,248	7,664
300,263	7,098
300,278	6,316
300,293	5,568
300,308	4,686
300,323	3,533
300,338	2,971
300,353	3,092
300,368	2,255
300,383	1,688
300,398	0,921
300,413	-0,067
300,428	-0,453
300,443	-1,084
300,458	-1,074
300,473	-1,229
300,488	-2,362
300,503	-2,482
300,518	-3,585
300,533	-3,495
300,548	-3,560
300,563	-3,921
300,578	-4,532
300,593	-5,685
300,608	-4,973
300,623	-6,197
300,638	-5,524
300,653	-7,059
300,668	-6,045
300,683	-6,667
300,698	-6,967
300,713	-8,066
300,728	-7,659
300,743	-7,910
300,758	-7,508
300,773	-7,944
300,788	-8,601
300,803	-9,453
300,818	-9,012
300,833	-9,478
300,848	-9,161
300,863	-9,322
300,878	-10,199
300,893	-9,557
300,908	-10,836
300,923	-10,790
300,938	-10,128
300,953	-10,343
300,968	-10,478
300,983	-11,160
300,998	-11,837
301,013	-11,395
301,028	-11,922
301,043	-11,179
301,058	-11,510
301,073	-11,866
301,088	-12,522
301,103	-12,678
301,118	-12,843
301,133	-12,145
301,148	-12,280
301,163	-12,245
301,178	-12,486
301,193	-13,338
301,208	-12,876
301,223	-13,678
301,238	-13,071
301,253	-13,171
301,268	-13,708
301,283	-14,033
301,298	-13,837
301,313	-13,772
301,328	-14,078
301,343	-13,766
301,358	-14,438
301,373	-14,012
301,388	-14,031
301,403	-14,247
301,418	-15,054
301,433	-14,307
301,448	-14,587
301,463	-14,206
301,478	-15,334
301,493	-15,364
301,508	-15,133
301,523	-14,711
301,538	-14,901
301,553	-15,979
301,568	-15,167
301,583	-16,230
301,598	-15,612
301,613	-15,682
301,628	-15,747
301,643	-15,536
301,658	-15,887
301,673	-16,539
301,688	-16,463
301,703	-16,428
301,718	-15,911
301,733	-15,710
301,748	-16,387
301,763	-16,031
301,778	-16,457
301,793	-16,506
301,808	-16,155
301,823	-16,315
301,838	-16,476
301,853	-16,661
301,868	-17,343
301,884	-16,485
301,898	-17,272
301,913	-16,785
301,928	-16,624
301,943	-17,206
301,959	-16,579
301,974	-17,867
301,988	-17,606
302,003	-17,140
302,019	-16,768
302,034	-17,164
302,048	-17,891
302,063	-17,976
302,079	-17,494
302,094	-17,258
302,109	-17,895
302,124	-18,371
302,139	-17,443
302,154	-17,503
302,169	-17,869
302,184	-17,753
302,199	-17,813
302,214	-18,003
302,229	-17,797
302,244	-17,907
302,259	-17,942
302,274	-18,509
302,289	-19,040
302,304	-18,047
302,319	-18,092
302,334	-18,302
302,349	-18,668
302,364	-18,893
302,379	-19,374
302,394	-18,406
302,409	-18,416
302,424	-18,511
302,439	-18,792
302,454	-19,589
302,469	-19,102
302,484	-18,690
302,499	-19,227
302,514	-18,765
302,529	-19,462
302,544	-19,898
302,559	-19,311
302,574	-19,757
302,589	-19,125
302,604	-19,074
302,619	-19,510
302,634	-19,229
302,649	-19,786
302,664	-19,259
302,679	-19,469
302,694	-19,720
302,709	-19,383
302,724	-19,749
302,739	-20,195
302,754	-19,623
302,769	-19,688
302,784	-19,808
302,799	-19,497
302,814	-20,415
302,829	-19,838
302,844	-20,294
302,859	-20,113
302,874	-21,101
302,889	-20,112
302,904	-20,182
302,919	-20,658
302,934	-20,834
302,949	-20,442
302,964	-21,129
302,979	-21,159
302,994	-20,055
303,009	-20,923
303,024	-20,676
303,039	-21,153
303,054	-21,052
303,069	-20,445
303,084	-20,289
303,099	-20,189
303,114	-21,467
303,129	-21,477
303,144	-20,654
303,159	-21,346
303,174	-20,659
303,189	-20,894
303,204	-21,220
303,219	-21,546
303,234	-21,169
303,249	-21,826
303,264	-21,068
303,279	-20,963
303,294	-20,987
303,309	-21,323
303,324	-22,060
303,339	-21,799
303,354	-21,112
303,369	-21,743
303,384	-21,146
303,399	-21,678
303,414	-22,510
303,429	-21,878
303,444	-22,023
303,459	-21,406
303,474	-21,551
303,489	-22,233
303,504	-21,616
303,519	-22,342
303,534	-21,806
303,549	-21,474
303,564	-21,840
303,579	-22,371
303,594	-21,900
303,609	-22,702
303,624	-22,060
303,639	-22,561
303,654	-21,944
303,669	-22,179
303,684	-22,339
303,699	-21,993
303,714	-22,424
303,729	-22,048
303,744	-22,363
303,759	-22,839
303,774	-22,558
303,789	-22,538
303,804	-23,039
303,819	-22,858
303,834	-23,365
303,849	-22,953
303,864	-22,371
303,879	-23,078
303,894	-22,662
303,909	-23,012
303,925	-23,373
303,940	-22,530
303,954	-22,806
303,969	-22,770
303,985	-23,161
304,000	-23,938
304,014	-23,251
304,029	-23,878
304,045	-22,839
304,060	-22,829
304,075	-23,726
304,089	-22,813
304,105	-23,575
304,120	-23,665
304,135	-23,344
304,150	-23,274
304,165	-23,138
304,180	-22,962
304,195	-24,120
304,210	-23,182
304,225	-23,784
304,240	-23,578
304,255	-23,452
304,270	-23,994
304,285	-24,455
304,300	-23,517
304,315	-23,597
304,330	-24,038
304,345	-24,273
304,360	-23,917
304,375	-23,686
304,390	-24,443
304,405	-24,372
304,420	-23,936
304,435	-24,111
304,450	-23,694
304,465	-24,301
304,480	-24,426
304,495	-24,772
304,510	-25,027
304,525	-24,330
304,540	-24,179
304,555	-24,761
304,570	-24,023
304,585	-25,096
304,600	-24,705
304,615	-24,429
304,630	-24,689
304,645	-24,303
304,660	-24,468
304,675	-25,124
304,690	-24,723
304,705	-25,164
304,720	-24,687
304,735	-24,356
304,750	-24,872
304,765	-24,486
304,780	-25,393
304,795	-25,027
304,810	-24,605
304,825	-24,961
304,840	-24,720
304,855	-24,615
304,870	-25,612
304,885	-24,825
304,900	-25,747
304,915	-24,839
304,930	-24,959
304,945	-25,365
304,960	-25,591
304,975	-25,746
304,990	-25,109
305,005	-24,797
305,020	-25,409
305,035	-25,980
305,050	-25,082
305,065	-25,313
305,080	-25,222
305,095	-26,055
305,110	-25,217
305,125	-25,257
305,140	-25,592
305,155	-26,154
305,170	-25,376
305,185	-26,223
305,200	-25,461
305,215	-25,185
305,230	-25,435
305,245	-26,002
305,260	-26,668
305,275	-25,550
305,290	-26,668
305,305	-26,041
305,320	-26,086
305,335	-25,734
305,350	-26,732
305,365	-26,090
305,380	-26,355
305,395	-25,848
305,410	-25,803
305,425	-25,738
305,440	-25,913
305,455	-26,279
305,470	-26,524
305,485	-25,837
305,500	-26,112
305,515	-26,227
305,530	-26,312
305,545	-26,949
305,560	-26,562
305,575	-27,264
305,590	-26,045
305,605	-26,261
305,620	-27,113
305,635	-26,130
305,650	-27,178
305,665	-27,173
305,680	-26,465
305,695	-26,385
305,710	-26,364
305,725	-26,680
305,740	-27,166
305,755	-27,096
305,770	-26,423
305,785	-27,130
305,800	-27,125
305,815	-26,533
305,830	-26,658
305,845	-27,641
305,860	-27,074
305,875	-26,777
305,890	-26,737
305,906	-27,619
305,921	-27,755
305,935	-27,794
305,950	-27,172
305,966	-27,804
305,981	-27,157
305,995	-26,966
306,010	-27,537
306,026	-26,820
306,041	-27,828
306,055	-28,063
306,070	-26,974
306,086	-27,195
306,101	-27,285
306,116	-27,781
306,131	-28,072
306,146	-27,776
306,161	-28,347
306,176	-27,374
306,191	-27,509
306,206	-27,559
306,221	-28,296
306,236	-28,215
306,251	-28,285
306,266	-27,613
306,281	-27,803
306,296	-27,808
306,311	-27,767
306,326	-28,424
306,341	-28,278
306,356	-28,168
306,371	-28,273
306,386	-28,197
306,401	-28,332
306,416	-28,743
306,431	-28,658
306,446	-28,457
306,461	-28,030
306,476	-27,849
306,491	-28,917
306,506	-28,451
306,521	-28,014
306,536	-28,034
306,551	-28,575
306,566	-28,374
306,581	-28,224
306,596	-28,188
306,611	-28,895
306,626	-28,870
306,641	-29,065
306,656	-28,463
306,671	-28,302
306,686	-28,528
306,701	-28,442
306,716	-28,843
306,731	-28,938
306,746	-28,166
306,761	-29,098
306,776	-28,516
306,791	-28,135
306,806	-29,659
306,821	-28,816
306,836	-29,337
306,851	-28,811
306,866	-28,610
306,881	-29,001
306,896	-28,709
306,911	-29,025
306,926	-28,879
306,941	-28,939
306,956	-29,315
306,971	-28,874
306,986	-28,923
307,001	-29,911
307,016	-29,520
307,031	-29,645
307,046	-28,827
307,061	-28,892
307,076	-28,867
307,091	-28,896
307,106	-29,578
307,121	-29,914
307,136	-29,046
307,151	-29,056
307,166	-29,422
307,181	-29,737
307,196	-29,958
307,211	-29,300
307,226	-29,466
307,241	-29,114
307,256	-29,470
307,271	-29,515
307,286	-29,399
307,301	-29,730
307,316	-30,176
307,331	-29,589
307,346	-29,619
307,361	-29,674
307,376	-29,929
307,391	-30,631
307,406	-29,653
307,421	-29,668
307,436	-30,094
307,451	-29,787
307,466	-30,284
307,481	-30,755
307,496	-29,616
307,511	-30,268
307,526	-29,901
307,541	-29,891
307,556	-30,026
307,571	-29,875
307,586	-30,357
307,601	-30,597
307,616	-30,156
307,631	-30,516
307,646	-29,949
307,661	-30,250
307,676	-31,012
307,691	-30,154
307,706	-30,645
307,721	-30,314
307,736	-30,228
307,751	-30,479
307,766	-30,148
307,781	-30,804
307,796	-31,075
307,811	-30,448
307,826	-31,054
307,841	-30,227
307,856	-30,873
307,871	-31,254
307,886	-30,456
307,901	-31,419
307,916	-30,295
307,932	-30,631
307,947	-31,052
307,962	-30,626
307,976	-30,906
307,991	-30,580
308,007	-31,838
308,022	-30,870
308,036	-30,609
308,051	-30,724
308,067	-31,662
308,082	-31,376
308,097	-30,758
308,111	-31,039
308,127	-30,843
308,142	-31,184
308,157	-30,888
308,172	-31,424
308,187	-31,845
308,202	-31,218
308,217	-31,248
308,232	-31,017
308,247	-31,097
308,262	-32,094
308,277	-31,899
308,292	-32,274
308,307	-31,717
308,322	-31,176
308,337	-31,476
308,352	-32,158
308,367	-31,375
308,382	-31,756
308,397	-31,124
308,412	-31,445
308,427	-31,189
308,442	-31,951
308,457	-31,870
308,472	-31,729
308,487	-31,488
308,502	-31,995
308,517	-31,563
308,532	-31,643
308,547	-32,114
308,562	-31,943
308,577	-32,846
308,592	-32,008
308,607	-32,529
308,622	-32,208
308,637	-32,408
308,652	-32,960
308,667	-32,127
308,682	-31,891
308,697	-31,876
308,712	-33,004
308,727	-32,597
308,742	-32,381
308,757	-32,045
308,772	-33,093
308,787	-32,611
308,802	-32,109
308,817	-32,596
308,832	-33,132
308,847	-32,851
308,862	-32,314
308,877	-32,630
308,892	-33,051
308,907	-32,123
308,922	-33,020
308,937	-33,120
308,952	-33,712
308,967	-33,400
308,982	-33,245
308,997	-32,562
309,012	-32,978
309,027	-32,722
309,042	-33,008
309,057	-33,429
309,072	-32,797
309,087	-32,892
309,102	-32,826
309,117	-32,926
309,132	-33,478
309,147	-33,517
309,162	-33,953
309,177	-33,607
309,192	-33,211
309,207	-33,115
309,222	-33,045
309,237	-33,446
309,252	-33,701
309,267	-33,194
309,282	-33,254
309,297	-33,254
309,312	-33,364
309,327	-33,705
309,342	-34,557
309,357	-34,281
309,372	-33,543
309,387	-33,834
309,402	-33,979
309,417	-33,422
309,432	-33,668
309,447	-33,627
309,462	-34,474
309,477	-34,359
309,492	-33,581
309,507	-33,872
309,522	-34,323
309,537	-33,826
309,552	-33,851
309,567	-34,287
309,582	-34,242
309,597	-33,865
309,612	-34,677
309,627	-33,694
309,642	-34,837
309,657	-34,035
309,672	-33,979
309,687	-34,561
309,702	-34,019
309,717	-34,520
309,732	-35,041
309,747	-34,113
309,762	-34,619
309,777	-34,113
309,792	-34,107
309,807	-34,553
309,822	-34,292
309,837	-34,357
309,852	-34,989
309,867	-34,271
309,882	-35,179
309,897	-34,486
309,912	-34,822
309,928	-35,293
309,942	-34,431
309,957	-35,213
309,973	-34,500
309,988	-35,087
310,002	-35,182
310,017	-35,232
310,033	-35,251
310,048	-34,905
310,062	-34,739
310,077	-35,602
310,093	-35,205
310,108	-35,857
310,123	-35,059
310,138	-34,933
310,153	-34,813
310,168	-35,550
310,183	-35,650
310,198	-34,997
310,213	-34,862
310,228	-35,714
310,243	-34,997
310,258	-34,916
310,273	-35,081
310,288	-36,024
310,303	-35,316
310,318	-35,532
310,333	-35,256
310,348	-35,265
310,363	-35,476
310,378	-35,496
310,393	-35,997
310,408	-36,192
310,423	-35,826
310,438	-35,966
310,453	-35,459
310,468	-35,800
310,483	-36,351
310,498	-35,819
310,513	-36,647
310,528	-35,824
310,543	-36,430
310,558	-35,949
310,573	-35,828
310,588	-36,284
310,603	-36,650
310,618	-35,937
310,633	-36,604
310,648	-35,807
310,663	-35,766
310,678	-36,614
310,693	-35,981
310,708	-37,019
310,723	-36,262
310,738	-36,176
310,753	-36,361
310,768	-36,115
310,783	-36,587
310,798	-36,917
310,813	-36,521
310,828	-36,591
310,843	-36,405
310,858	-36,500
310,873	-36,946
310,888	-36,474
310,903	-36,318
310,918	-36,348
310,933	-37,130
310,948	-37,230
310,963	-36,563
310,978	-36,904
310,993	-37,255
311,008	-36,592
311,023	-36,627
311,038	-37,053
311,053	-37,906
311,068	-36,952
311,083	-37,148
311,098	-37,779
311,113	-37,333
311,128	-36,976
311,143	-37,407
311,158	-37,056
311,173	-37,196
311,188	-37,783
311,203	-37,522
311,218	-36,975
311,233	-37,265
311,248	-36,974
311,263	-37,962
311,278	-37,992
311,293	-38,207
311,308	-37,816
311,323	-37,514
311,338	-37,389
311,353	-38,141
311,368	-37,935
311,383	-38,200
311,398	-37,448
311,413	-37,653
311,428	-37,673
311,443	-37,708
311,458	-38,144
311,473	-38,168
311,488	-38,635
311,503	-38,474
311,518	-37,852
311,533	-37,646
311,548	-38,513
311,563	-38,493
311,578	-38,523
311,593	-37,931
311,608	-37,875
311,623	-38,813
311,638	-38,025
311,653	-37,929
311,668	-37,999
311,683	-39,017
311,698	-38,586
311,713	-38,119
311,728	-38,560
311,743	-38,846
311,758	-39,011
311,773	-39,347
311,788	-38,268
311,803	-39,030
311,818	-38,849
311,833	-38,663
311,848	-38,874
311,863	-39,260
311,878	-38,552
311,893	-39,154
311,908	-38,441
311,923	-38,687
311,938	-39,013
311,954	-39,569
311,969	-39,719
311,983	-39,308
311,998	-38,741
312,014	-39,257
312,029	-39,051
312,043	-39,206
312,058	-39,863
312,074	-39,196
312,089	-39,692
312,103	-39,100
312,119	-39,220
312,134	-39,816
312,149	-40,308
312,164	-39,926
312,179	-39,665
312,194	-39,213
312,209	-39,198
312,224	-39,559
312,239	-40,406
312,254	-40,366
312,269	-39,558
312,284	-39,417
312,299	-39,628
312,314	-39,858
312,329	-40,359
312,344	-39,607
312,359	-39,421
312,374	-39,937
312,389	-40,313
312,404	-39,726
312,419	-39,681
312,434	-39,605
312,449	-40,132
312,464	-40,031
312,479	-39,795
312,494	-39,945
312,509	-40,542
312,524	-39,849
312,539	-40,050
312,554	-40,516
312,569	-40,144
312,584	-40,059
312,599	-40,028
312,614	-40,755
312,629	-40,414
312,644	-40,835
312,659	-40,925
312,674	-40,052
312,689	-40,463
312,704	-40,207
312,719	-40,798
312,734	-41,154
312,749	-40,306
312,764	-41,174
312,779	-40,657
312,794	-40,466
312,809	-41,484
312,824	-40,696
312,839	-41,483
312,854	-40,831
312,869	-40,746
312,884	-40,475
312,899	-40,570
312,914	-41,161
312,929	-41,627
312,944	-40,784
312,959	-41,571
312,974	-41,150
312,989	-41,471
313,004	-41,505
313,019	-41,766
313,034	-42,026
313,049	-41,118
313,064	-41,008
313,079	-41,374
313,094	-41,970
313,109	-41,037
313,124	-41,087
313,139	-41,262
313,154	-41,834
313,169	-41,282
313,184	-41,196
313,199	-41,768
313,214	-42,169
313,229	-42,474
313,244	-41,280
313,259	-41,566
313,274	-41,987
313,289	-41,229
313,304	-41,369
313,319	-42,232
313,334	-42,011
313,349	-41,900
313,364	-41,499
313,379	-41,554
313,394	-42,270
313,409	-42,521
313,424	-42,300
313,439	-42,174
313,454	-41,793
313,469	-41,798
313,484	-42,324
313,499	-41,887
313,514	-42,664
313,529	-42,128
313,544	-41,997
313,559	-42,117
313,574	-42,072
313,589	-42,207
313,604	-42,658
313,619	-42,362
313,634	-43,204
313,649	-42,125
313,664	-42,090
313,679	-43,243
313,694	-42,410
313,709	-43,092
313,724	-42,686
313,739	-42,389
313,754	-42,540
313,769	-42,399
313,784	-43,392
313,799	-43,271
313,814	-42,809
313,829	-43,446
313,844	-42,688
313,859	-43,290
313,875	-42,673
313,889	-42,888
313,904	-43,736
313,920	-42,953
313,935	-42,978
313,950	-43,098
313,964	-43,880
313,979	-43,554
313,995	-44,080
314,010	-43,327
314,024	-43,849
314,039	-43,096
314,055	-43,342
314,070	-43,457
314,084	-43,888
314,099	-44,053
314,115	-43,892
314,130	-43,526
314,145	-43,370
314,160	-43,475
314,175	-43,801
314,190	-44,447
314,205	-43,595
314,220	-43,308
314,235	-43,549
314,250	-43,604
314,265	-44,090
314,280	-44,345
314,295	-44,581
314,310	-44,265
314,325	-43,733
314,340	-43,783
314,355	-43,873
314,370	-44,429
314,385	-45,146
314,400	-44,775
314,415	-44,087
314,430	-44,283
314,445	-44,262
314,460	-44,367
314,475	-45,561
314,490	-44,953
314,505	-45,063
314,520	-44,381
314,535	-44,647
314,550	-45,273
314,565	-44,756
314,580	-44,626
314,595	-44,861
314,610	-45,648
314,625	-45,437
314,640	-44,745
314,655	-45,161
314,670	-45,346
314,685	-44,960
314,700	-45,657
314,715	-44,869
314,730	-45,195
314,745	-45,651
314,760	-45,229
314,775	-46,092
314,790	-45,951
314,805	-45,284
314,820	-45,409
314,835	-45,539
314,850	-45,343
314,865	-46,446
314,880	-45,553
314,895	-46,330
314,910	-45,874
314,925	-45,678
314,940	-46,374
314,955	-45,762
314,970	-46,454
314,985	-45,998
315,000	-45,817
315,009	-45,678
315,024	-46,495
315,039	-45,922
315,054	-46,352
315,069	-46,532
315,084	-45,924
315,099	-46,078
315,114	-46,037
315,129	-46,111
315,144	-47,158
315,159	-46,305
315,174	-46,645
315,189	-46,272
315,204	-47,480
315,219	-46,677
315,234	-46,480
315,249	-46,584
315,264	-46,859
315,279	-46,422
315,294	-46,125
315,309	-46,279
315,324	-46,905
315,339	-47,285
315,354	-47,374
315,369	-46,862
315,384	-46,911
315,399	-47,261
315,414	-47,340
315,429	-46,853
315,444	-47,639
315,459	-47,402
315,474	-47,326
315,489	-46,788
315,504	-46,647
315,519	-47,438
315,534	-47,552
315,549	-46,889
315,564	-47,254
315,579	-47,053
315,594	-47,634
315,609	-47,532
315,624	-48,063
315,639	-48,057
315,654	-47,780
315,669	-47,272
315,684	-47,015
315,699	-47,190
315,714	-47,439
315,729	-48,181
315,744	-47,447
315,759	-47,181
315,774	-47,521
315,789	-47,329
315,804	-47,749
315,819	-48,129
315,834	-48,023
315,849	-48,202
315,864	-47,429
315,879	-47,554
315,894	-48,395
315,909	-47,777
315,925	-48,473
315,940	-48,292
315,954	-47,744
315,969	-47,928
315,985	-47,707
316,000	-48,036
316,014	-48,612
316,029	-48,150
316,045	-48,836
316,060	-47,882
316,075	-47,916
316,089	-48,803
316,105	-48,832
316,120	-48,429
316,135	-47,912
316,150	-48,146
316,165	-48,983
316,180	-48,219
316,195	-48,198
316,210	-48,714
316,225	-49,325
316,240	-48,892
316,255	-48,370
316,270	-48,318
316,285	-49,541
316,300	-48,437
316,315	-49,143
316,330	-48,480
316,345	-48,715
316,360	-48,854
316,375	-48,512
316,390	-48,732
316,405	-49,668
316,420	-49,000
316,435	-49,360
316,450	-48,772
316,465	-48,862
316,480	-49,232
316,495	-49,607
316,510	-49,511
316,525	-49,715
316,540	-48,992
316,555	-49,016
316,570	-49,090
316,585	-49,074
316,600	-49,946
316,615	-49,598
316,630	-49,106
316,645	-49,295
316,660	-49,074
316,675	-49,394
316,690	-50,175
316,705	-49,547
316,720	-49,977
316,735	-49,269
316,750	-49,429
316,765	-49,543
316,780	-49,507
316,795	-50,113
316,810	-49,730
316,825	-49,273
316,840	-49,187
316,855	-49,542
316,870	-49,741
316,885	-50,217
316,900	-49,518
316,915	-50,054
316,930	-50,133
316,945	-49,736
316,960	-49,619
316,975	-49,829
316,990	-50,600
317,005	-49,922
317,020	-49,736
317,035	-49,669
317,050	-49,703
317,065	-50,184
317,080	-50,885
317,095	-49,811
317,110	-50,251
317,125	-49,999
317,140	-49,587
317,155	-50,769
317,170	-49,981
317,185	-50,808
317,200	-50,014
317,215	-49,822
317,230	-50,378
317,245	-50,006
317,260	-50,642
317,275	-50,851
317,290	-50,314
317,305	-50,824
317,320	-50,462
317,335	-50,260
317,350	-51,247
317,365	-50,394
317,380	-50,864
317,395	-51,124
317,410	-50,531
317,425	-51,372
317,440	-50,479
317,455	-50,834
317,470	-51,344
317,485	-50,927
317,500	-51,046
317,515	-50,584
317,530	-50,758
317,545	-51,249
317,560	-51,158
317,575	-50,800
317,590	-50,478
317,605	-50,718
317,620	-51,399
317,635	-51,263
317,650	-50,640
317,665	-50,945
317,680	-51,841
317,695	-51,153
317,710	-50,675
317,725	-50,890
317,740	-51,942
317,755	-51,951
317,770	-51,098
317,785	-51,438
317,800	-51,040
317,815	-51,210
317,830	-51,068
317,845	-51,584
317,860	-52,069
317,875	-51,953
317,890	-51,310
317,906	-51,058
317,921	-51,403
317,935	-51,262
317,950	-51,903
317,966	-52,112
317,981	-52,206
317,995	-51,408
318,010	-51,472
318,026	-51,777
318,041	-51,691
318,055	-52,592
318,070	-51,578
318,086	-51,587
318,101	-51,907
318,116	-51,715
318,131	-52,025
318,146	-52,420
318,161	-51,893
318,176	-52,238
318,191	-52,036
318,206	-52,341
318,221	-52,450
318,236	-51,838
318,251	-52,599
318,266	-52,542
318,281	-52,015
318,296	-52,355
318,311	-52,429
318,326	-53,045
318,341	-52,693
318,356	-52,882
318,371	-52,560
318,386	-53,246
318,401	-52,859
318,416	-52,081
318,431	-52,386
318,446	-53,097
318,461	-52,825
318,476	-52,468
318,491	-53,670
318,506	-52,666
318,521	-53,157
318,536	-53,467
318,551	-52,723
318,566	-53,159
318,581	-52,581
318,596	-52,660
318,611	-53,070
318,626	-52,733
318,641	-53,018
318,656	-53,122
318,671	-52,750
318,686	-53,597
318,701	-52,893
318,716	-52,887
318,731	-53,634
318,746	-52,875
318,761	-52,769
318,776	-53,084
318,791	-52,992
318,806	-53,197
318,821	-53,693
318,836	-53,546
318,851	-54,142
318,866	-53,368
318,881	-53,347
318,896	-54,144
318,911	-53,310
318,926	-54,051
318,941	-53,855
318,956	-53,457
318,971	-53,938
318,986	-53,154
319,001	-53,309
319,016	-54,401
319,031	-53,999
319,046	-53,652
319,061	-53,866
319,076	-54,271
319,091	-53,934
319,106	-54,244
319,121	-53,541
319,136	-54,022
319,151	-53,865
319,166	-53,733
319,181	-53,652
319,196	-54,288
319,211	-54,377
319,226	-54,030
319,241	-53,829
319,256	-54,259
319,271	-54,604
319,286	-55,014
319,301	-53,895
319,316	-55,017
319,331	-54,906
319,346	-54,012
319,361	-54,046
319,376	-54,215
319,391	-54,826
319,406	-54,986
319,421	-54,804
319,436	-55,149
319,451	-54,396
319,466	-54,269
319,481	-54,991
319,496	-54,985
319,511	-55,134
319,526	-55,053
319,541	-54,359
319,556	-54,394
319,571	-54,397
319,586	-54,426
319,601	-55,494
319,616	-55,127
319,631	-55,401
319,646	-54,748
319,661	-54,351
319,676	-54,641
319,691	-55,282
319,706	-55,200
319,721	-55,902
319,736	-54,556
319,751	-54,796
319,766	-54,810
319,781	-55,702
319,796	-56,298
319,811	-55,173
319,826	-55,207
319,841	-55,342
319,856	-54,864
319,871	-55,089
319,886	-55,017
319,901	-55,653
319,916	-55,743
319,932	-55,561
319,947	-54,908
319,962	-55,815
319,976	-56,004
319,991	-55,281
320,007	-55,295
320,022	-55,454
320,036	-55,453
320,051	-55,422
320,067	-55,847
320,082	-56,443
320,097	-55,690
320,111	-56,200
320,127	-55,587
320,142	-55,411
320,157	-55,926
320,172	-55,684
320,187	-56,446
320,202	-56,154
320,217	-55,812
320,232	-56,352
320,247	-56,201
320,262	-55,994
320,277	-56,560
320,292	-56,594
320,307	-56,292
320,322	-56,015
320,337	-55,879
320,352	-56,535
320,367	-56,047
320,382	-56,432
320,397	-56,667
320,412	-55,984
320,427	-56,148
320,442	-56,042
320,457	-55,956
320,472	-57,193
320,487	-56,450
320,502	-56,514
320,517	-56,397
320,532	-56,126
320,547	-56,551
320,562	-56,640
320,577	-56,559
320,592	-56,628
320,607	-56,988
320,622	-56,561
320,637	-56,525
320,652	-56,323
320,667	-57,541
320,682	-57,460
320,697	-57,674
320,712	-56,519
320,727	-56,594
320,742	-56,909
320,757	-57,514
320,772	-57,363
320,787	-57,237
320,802	-56,799
320,817	-56,873
320,832	-57,253
320,847	-56,681
320,862	-57,628
320,877	-57,642
320,892	-57,149
320,907	-57,198
320,922	-57,021
320,937	-57,311
320,952	-57,922
320,967	-57,610
320,982	-58,256
320,997	-57,337
321,012	-57,030
321,027	-57,897
321,042	-57,309
321,057	-57,955
321,072	-58,185
321,087	-57,241
321,102	-58,032
321,117	-57,424
321,132	-57,478
321,147	-58,345
321,162	-57,902
321,177	-58,734
321,192	-57,610
321,207	-57,608
321,222	-58,104
321,237	-58,143
321,252	-58,257
321,267	-57,900
321,282	-57,673
321,297	-58,254
321,312	-58,088
321,327	-57,986
321,342	-57,759
321,357	-58,410
321,372	-58,414
321,387	-57,736
321,402	-57,966
321,417	-58,767
321,432	-58,917
321,447	-58,680
321,462	-58,774
321,477	-58,522
321,492	-58,707
321,507	-58,229
321,522	-58,138
321,537	-59,075
321,552	-58,964
321,567	-58,978
321,582	-58,681
321,597	-58,308
321,612	-59,325
321,627	-59,259
321,642	-58,742
321,657	-59,272
321,672	-58,489
321,687	-58,468
321,702	-58,672
321,717	-58,882
321,732	-59,076
321,747	-58,905
321,762	-58,663
321,777	-59,414
321,792	-58,761
321,807	-58,735
321,822	-59,672
321,837	-59,054
321,852	-59,294
321,867	-58,886
321,882	-58,885
321,897	-58,949
321,912	-59,079
321,928	-59,404
321,942	-59,503
321,957	-59,041
321,973	-59,015
321,988	-59,349
322,002	-59,740
322,017	-59,969
322,033	-59,045
322,048	-59,130
322,062	-59,444
322,077	-59,975
322,093	-59,432
322,108	-59,271
322,123	-60,323
322,138	-59,966
322,153	-59,293
322,168	-59,402
322,183	-59,261
322,198	-59,350
322,213	-60,136
322,228	-60,080
322,243	-60,164
322,258	-59,461
322,273	-59,625
322,288	-59,554
322,303	-59,648
322,318	-60,164
322,333	-60,690
322,348	-59,816
322,363	-59,554
322,378	-59,969
322,393	-59,667
322,408	-60,534
322,423	-60,528
322,438	-60,878
322,453	-59,889
322,468	-59,827
322,483	-60,167
322,498	-59,886
322,513	-60,752
322,528	-60,871
322,543	-60,244
322,558	-59,977
322,573	-60,046
322,588	-61,048
322,603	-60,269
322,618	-60,319
322,633	-61,165
322,648	-60,607
322,663	-60,531
322,678	-60,425
322,693	-61,326
322,708	-60,964
322,723	-60,848
322,738	-60,742
322,753	-61,026
322,768	-61,507
322,783	-60,713
322,798	-60,587
322,813	-61,042
322,828	-61,518
322,843	-61,050
322,858	-60,818
322,873	-61,354
322,888	-61,232
322,903	-61,547
322,918	-61,591
322,933	-61,039
322,948	-61,730
322,963	-60,961
322,978	-60,970
322,993	-61,651
323,008	-61,635
323,023	-61,253
323,038	-61,688
323,053	-61,306
323,068	-61,431
323,083	-61,515
323,098	-61,905
323,113	-62,125
323,128	-61,853
323,143	-61,521
323,158	-61,660
323,173	-61,488
323,188	-61,783
323,203	-62,239
323,218	-61,701
323,233	-62,111
323,248	-61,578
323,263	-61,603
323,278	-62,073
323,293	-61,350
323,308	-62,562
323,323	-62,050
323,338	-61,612
323,353	-61,887
323,368	-61,881
323,383	-62,111
323,398	-62,471
323,413	-61,873
323,428	-61,987
323,443	-61,786
323,458	-62,577
323,473	-62,741
323,488	-62,153
323,503	-63,005
323,518	-62,217
323,533	-62,451
323,548	-62,114
323,563	-62,098
323,578	-62,619
323,593	-62,703
323,608	-62,371
323,623	-62,264
323,638	-62,966
323,653	-63,020
323,668	-63,254
323,683	-62,391
323,698	-63,684
323,713	-62,930
323,728	-62,648
323,743	-62,592
323,758	-63,579
323,773	-62,841
323,788	-62,865
323,803	-62,869
323,818	-62,908
323,833	-62,631
323,848	-62,791
323,863	-63,416
323,878	-63,521
323,893	-62,853
323,908	-63,338
323,923	-63,558
323,938	-63,471
323,954	-63,886
323,969	-63,304
323,983	-64,045
323,998	-63,362
324,014	-63,255
324,029	-63,881
324,043	-63,404
324,058	-63,664
324,074	-63,452
324,089	-63,441
324,103	-64,197
324,119	-63,604
324,134	-63,663
324,149	-64,204
324,164	-64,328
324,179	-63,650
324,194	-63,564
324,209	-63,668
324,224	-64,445
324,239	-64,148
324,254	-64,789
324,269	-64,065
324,284	-64,500
324,299	-63,913
324,314	-64,443
324,329	-64,021
324,344	-64,386
324,359	-64,134
324,374	-63,912
324,389	-64,102
324,404	-63,970
324,419	-64,852
324,434	-64,304
324,449	-64,263
324,464	-65,010
324,479	-63,980
324,494	-63,804
324,509	-64,369
324,524	-64,313
324,539	-64,763
324,554	-64,913
324,569	-64,802
324,584	-64,866
324,599	-64,213
324,614	-64,523
324,629	-65,138
324,644	-64,726
324,659	-65,021
324,674	-64,468
324,689	-64,693
324,704	-64,606
324,719	-64,676
324,734	-65,392
324,749	-65,240
324,764	-65,630
324,779	-65,038
324,794	-64,761
324,809	-65,723
324,824	-65,631
324,839	-65,164
324,854	-65,810
324,869	-65,262
324,884	-65,055
324,899	-64,723
324,914	-65,078
324,929	-66,131
324,944	-65,814
324,959	-65,140
324,974	-65,746
324,989	-66,151
325,004	-66,050
325,019	-65,282
325,034	-65,155
325,049	-65,967
325,064	-65,635
325,079	-65,543
325,094	-65,216
325,109	-65,416
325,124	-65,651
325,139	-65,479
325,154	-65,343
325,169	-66,575
325,184	-65,586
325,199	-65,590
325,214	-65,905
325,229	-66,345
325,244	-66,359
325,259	-65,917
325,274	-65,891
325,289	-65,925
325,304	-66,049
325,319	-66,344
325,334	-66,739
325,349	-66,126
325,364	-66,667
325,379	-65,913
325,394	-66,138
325,409	-66,909
325,424	-66,858
325,439	-66,862
325,454	-66,154
325,469	-66,043
325,484	-66,217
325,499	-66,332
325,514	-66,591
325,529	-67,077
325,544	-66,619
325,559	-66,322
325,574	-66,432
325,589	-66,340
325,604	-66,931
325,619	-67,106
325,634	-67,084
325,649	-66,331
325,664	-66,521
325,679	-67,016
325,694	-66,789
325,709	-66,593
325,724	-66,742
325,739	-67,699
325,754	-67,698
325,769	-67,055
325,784	-66,798
325,799	-67,424
325,814	-67,633
325,829	-67,949
325,844	-67,331
325,859	-67,124
325,875	-66,892
325,889	-67,829
325,904	-67,442
325,920	-67,867
325,935	-67,354
325,950	-67,213
325,964	-67,548
325,979	-67,201
325,995	-68,303
326,010	-67,871
326,024	-67,599
326,039	-68,089
326,055	-67,587
326,070	-67,500
326,084	-67,961
326,099	-67,799
326,115	-68,004
326,130	-68,098
326,145	-67,465
326,160	-67,549
326,175	-67,724
326,190	-68,144
326,205	-68,348
326,220	-68,066
326,235	-68,386
326,250	-67,979
326,265	-67,777
326,280	-68,484
326,295	-68,282
326,310	-68,587
326,325	-68,140
326,340	-67,873
326,355	-68,313
326,370	-68,136
326,385	-68,602
326,400	-68,094
326,415	-68,279
326,430	-68,232
326,445	-68,999
326,460	-68,777
326,475	-68,530
326,490	-68,078
326,505	-69,286
326,520	-68,713
326,535	-68,521
326,550	-68,084
326,565	-68,494
326,580	-68,869
326,595	-69,274
326,610	-68,441
326,625	-68,585
326,640	-68,795
326,655	-68,703
326,670	-69,219
326,685	-69,624
326,700	-69,638
326,715	-68,980
326,730	-68,773
326,745	-68,867
326,760	-69,423
326,775	-69,512
326,790	-69,822
326,805	-69,074
326,820	-69,078
326,835	-69,157
326,850	-69,036
326,865	-70,103
326,880	-69,851
326,895	-68,877
326,910	-69,789
326,925	-69,076
326,940	-69,220
326,955	-69,941
326,970	-69,007
326,985	-69,723
327,000	-69,818
327,014	-69,255
327,029	-69,881
327,043	-69,404
327,058	-69,664
327,074	-69,452
327,089	-69,441
327,103	-70,197
327,119	-69,604
327,134	-69,663
327,149	-70,204
327,164	-70,328
327,179	-69,650
327,194	-69,564
327,209	-69,668
327,224	-70,445
327,239	-70,148
327,254	-70,789
327,269	-70,065
327,284	-70,500
327,299	-69,913
327,314	-70,443
327,329	-70,021
327,344	-70,386
327,359	-70,134
327,374	-69,912
327,389	-70,102
327,404	-69,970
327,419	-70,852
327,434	-70,304
327,449	-70,263
327,464	-71,010
327,479	-69,980
327,494	-69,804
327,509	-70,369
327,524	-70,313
327,539	-70,763
327,554	-70,913
327,569	-70,802
327,584	-70,866
327,599	-70,213
327,614	-70,523
327,629	-71,138
327,644	-70,726
327,659	-71,021
327,674	-70,468
327,689	-70,693
327,704	-70,606
327,719	-70,676
327,734	-71,392
327,749	-71,240
327,764	-71,630
327,779	-71,038
327,794	-70,761
327,809	-71,723
327,824	-71,631
327,839	-71,164
327,854	-71,810
327,869	-71,262
327,884	-71,055
327,899	-70,723
327,914	-71,078
327,929	-72,131
327,944	-71,814
327,959	-71,140
327,974	-71,746
327,989	-72,151
328,004	-72,050
328,019	-71,282
328,034	-71,155
328,049	-71,967
328,064	-71,635
328,079	-71,543
328,094	-71,216
328,109	-71,416
328,124	-71,651
328,139	-71,479
328,154	-71,343
328,169	-72,575
328,184	-71,586
328,199	-71,590
328,214	-71,905
328,229	-72,345
328,244	-72,359
328,259	-71,917
328,274	-71,891
328,289	-71,925
328,304	-72,049
328,319	-72,344
328,334	-72,739
328,349	-72,126
328,364	-72,667
328,379	-71,913
328,394	-72,138
328,409	-72,909
328,424	-72,858
328,439	-72,862
328,454	-72,154
328,469	-72,043
328,484	-72,217
328,499	-72,332
328,514	-72,591
328,529	-73,077
328,544	-72,619
328,559	-72,322
328,574	-72,432
328,589	-72,340
328,604	-72,931
328,619	-73,106
328,634	-73,084
328,649	-72,331
328,664	-72,521
328,679	-73,016
328,694	-72,789
328,709	-72,593
328,724	-72,742
328,739	-73,699
328,754	-73,698
328,769	-73,055
328,784	-72,798
328,799	-73,424
328,814	-73,633
328,829	-73,949
328,844	-73,331
328,859	-73,124
328,875	-72,892
328,889	-73,829
328,904	-73,442
328,920	-73,867
328,935	-73,354
328,950	-73,213
328,964	-73,548
328,979	-73,201
328,995	-74,303
329,010	-73,871
329,024	-73,599
329,039	-74,089
329,055	-73,587
329,070	-73,500
329,084	-73,961
329,099	-73,799
329,115	-74,004
329,130	-74,098
329,145	-73,465
329,160	-73,549
329,175	-73,724
329,190	-74,144
329,205	-74,348
329,220	-74,066
329,235	-74,386
329,250	-73,979
329,265	-73,777
329,280	-74,484
329,295	-74,282
329,310	-74,587
329,325	-74,140
329,340	-73,873
329,355	-74,313
329,370	-74,136
329,385	-74,602
329,400	-74,094
329,415	-74,279
329,430	-74,232
329,445	-74,999
329,460	-74,777
329,475	-74,530
329,490	-74,078
329,505	-75,286
329,520	-74,713
329,535	-74,521
329,550	-74,084
329,565	-74,494
329,580	-74,869
329,595	-75,274
329,610	-74,441
329,625	-74,585
329,640	-74,795
329,655	-74,703
329,670	-75,219
329,685	-75,624
329,700	-75,638
329,715	-74,980
329,730	-74,773
329,745	-74,867
329,760	-75,423
329,775	-75,512
329,790	-75,822
329,805	-75,074
329,820	-75,078
329,835	-75,157
329,850	-75,036
329,865	-76,103
329,880	-75,851
329,895	-74,877
329,910	-75,789
329,925	-75,076
329,940	-75,220
329,955	-75,941
329,970	-75,007
329,985	-75,723
330,000	-75,818
