285,000	-2,158
285,015	-1,866
285,030	-1,028
285,045	-0,951
285,060	-0,985
285,075	-1,009
285,090	-0,713
285,105	-0,661
285,120	0,177
285,135	-0,559
285,150	0,270
285,165	0,386
285,180	0,547
285,195	0,062
285,210	0,951
285,225	1,228
285,240	1,449
285,255	0,703
285,270	1,627
285,285	2,130
285,300	2,081
285,315	1,596
285,330	2,509
285,345	2,771
285,360	3,053
285,375	2,683
285,390	2,714
285,405	2,594
285,420	3,062
285,435	2,852
285,450	3,696
285,465	3,361
285,480	3,773
285,495	3,559
285,510	3,560
285,525	3,681
285,540	4,570
285,555	4,085
285,570	5,059
285,585	4,879
285,600	4,499
285,615	5,383
285,630	5,048
285,645	5,079
285,660	5,356
285,675	4,685
285,690	5,503
285,705	4,918
285,720	6,193
285,735	6,184
285,750	6,355
285,765	5,609
285,780	5,575
285,795	5,566
285,810	6,791
285,825	6,516
285,840	6,527
285,855	7,000
285,870	7,111
285,885	6,801
285,901	6,687
285,916	7,410
285,930	7,586
285,945	7,231
285,961	6,866
285,976	7,585
285,990	7,315
286,005	7,883
286,021	8,144
286,036	8,306
286,050	8,267
286,065	7,962
286,080	7,898
286,096	8,601
286,111	8,121
286,125	8,874
286,141	8,855
286,156	7,938
286,171	8,902
286,186	8,161
286,201	9,216
286,216	9,357
286,231	8,535
286,246	9,384
286,261	9,054
286,276	8,915
286,291	9,688
286,306	9,127
286,321	9,801
286,336	9,275
286,351	9,256
286,366	9,849
286,381	9,579
286,396	10,177
286,411	10,123
286,426	10,259
286,441	10,260
286,456	9,715
286,471	9,876
286,486	10,389
286,501	10,490
286,516	10,612
286,531	9,850
286,546	10,824
286,561	10,765
286,576	10,907
286,591	10,662
286,606	10,488
286,621	11,020
286,636	11,041
286,651	10,149
286,666	10,507
286,681	11,305
286,696	11,477
286,711	10,450
286,726	10,837
286,741	11,259
286,756	10,939
286,771	10,584
286,786	11,237
286,801	11,394
286,816	10,969
286,831	10,774
286,846	11,141
286,861	11,503
286,876	11,514
286,891	11,736
286,906	11,486
286,921	11,803
286,936	10,741
286,951	11,444
286,966	11,671
286,981	11,000
286,996	11,738
287,011	11,338
287,026	11,219
287,041	11,676
287,056	10,875
287,071	11,618
287,086	12,006
287,101	12,097
287,116	11,797
287,131	11,773
287,146	11,990
287,161	11,966
287,176	11,189
287,191	11,983
287,206	12,094
287,221	11,187
287,236	11,289
287,251	11,746
287,266	11,968
287,281	11,723
287,296	11,193
287,311	12,016
287,326	12,303
287,341	11,396
287,356	11,673
287,371	12,051
287,386	11,736
287,401	11,827
287,416	11,678
287,431	12,506
287,446	11,635
287,461	12,107
287,476	11,426
287,491	12,049
287,506	12,376
287,521	11,911
287,536	11,225
287,551	12,344
287,566	11,603
287,581	12,507
287,596	12,402
287,611	11,621
287,626	11,993
287,641	11,367
287,656	11,980
287,671	12,473
287,686	12,604
287,701	12,575
287,716	11,929
287,731	11,624
287,746	12,298
287,761	12,805
287,776	12,821
287,791	12,511
287,806	11,855
287,821	12,152
287,836	11,707
287,851	12,220
287,866	12,441
287,881	11,971
287,897	12,102
287,911	12,349
287,926	11,894
287,942	12,426
287,957	12,478
287,971	12,373
287,986	12,700
288,002	12,095
288,017	12,231
288,031	12,638
288,046	12,579
288,062	11,873
288,077	12,361
288,092	12,256
288,107	11,881
288,122	11,897
288,137	12,370
288,152	12,752
288,167	12,362
288,182	12,594
288,197	11,837
288,212	11,954
288,227	12,551
288,242	12,317
288,257	12,699
288,272	12,740
288,287	11,748
288,302	12,426
288,317	11,951
288,332	12,444
288,347	12,390
288,362	12,942
288,377	12,808
288,392	12,237
288,407	12,048
288,422	12,706
288,437	12,371
288,452	12,628
288,467	12,980
288,482	11,662
288,497	12,069
288,512	12,105
288,527	12,849
288,542	12,880
288,557	12,555
288,572	13,067
288,587	12,777
288,602	11,730
288,617	13,085
288,632	12,921
288,647	13,072
288,662	11,930
288,677	12,693
288,692	12,755
288,707	12,771
288,722	12,852
288,737	13,149
288,752	12,217
288,767	12,660
288,782	12,886
288,797	13,299
288,812	13,170
288,827	12,945
288,842	13,287
288,857	13,338
288,872	12,823
288,887	12,758
288,902	13,055
288,917	12,720
288,932	13,454
288,947	12,898
288,962	13,285
288,977	13,738
288,992	12,911
289,007	13,780
289,022	13,846
289,037	13,762
289,052	13,808
289,067	13,553
289,082	13,384
289,097	14,007
289,112	13,586
289,127	14,084
289,142	14,045
289,157	13,224
289,172	14,594
289,187	13,281
289,202	14,345
289,217	14,311
289,232	14,042
289,247	14,660
289,262	14,059
289,277	14,040
289,292	14,903
289,307	14,172
289,322	15,076
289,337	14,580
289,352	14,466
289,367	14,748
289,382	14,473
289,397	14,905
289,412	15,213
289,427	15,550
289,442	15,450
289,457	15,206
289,472	15,076
289,487	15,719
289,502	15,871
289,517	15,089
289,532	16,048
289,547	16,255
289,562	16,061
289,577	15,420
289,592	15,997
289,607	16,540
289,622	16,310
289,637	16,587
289,652	15,947
289,667	16,183
289,682	16,816
289,697	16,471
289,712	17,059
289,727	17,190
289,742	16,560
289,757	16,816
289,772	16,998
289,787	17,566
289,802	17,582
289,817	17,929
289,832	17,143
289,847	17,680
289,862	17,009
289,877	18,254
289,892	18,155
289,907	18,347
289,923	18,749
289,937	18,163
289,952	18,004
289,967	17,774
289,983	18,532
289,998	18,995
290,012	19,071
290,027	18,701
290,043	19,409
290,058	18,713
290,072	19,442
290,088	18,996
290,103	19,594
290,118	19,801
290,133	19,019
290,148	19,422
290,163	20,009
290,178	20,181
290,193	20,343
290,208	20,048
290,223	19,948
290,238	20,471
290,253	20,768
290,268	20,293
290,283	20,740
290,298	20,691
290,313	20,627
290,328	20,437
290,343	19,817
290,358	20,926
290,373	20,089
290,388	21,199
290,403	20,051
290,418	20,198
290,433	20,786
290,448	20,200
290,463	20,151
290,478	21,060
290,493	20,514
290,508	20,585
290,523	20,090
290,538	19,780
290,553	20,177
290,568	19,396
290,583	20,209
290,598	20,025
290,613	19,138
290,628	19,114
290,643	18,684
290,658	18,705
290,673	19,042
290,688	19,023
290,703	18,728
290,718	18,604
290,733	17,792
290,748	18,150
290,763	18,151
290,778	17,660
290,793	17,521
290,808	16,855
290,823	16,299
290,838	16,240
290,853	15,920
290,868	16,217
290,883	15,511
290,898	15,136
290,913	14,746
290,928	14,581
290,943	15,224
290,958	14,784
290,973	13,957
290,988	13,848
291,003	14,070
291,018	12,952
291,033	12,627
291,048	12,919
291,063	13,367
291,078	13,092
291,093	12,501
291,108	12,658
291,123	11,706
291,138	12,123
291,153	12,280
291,168	12,025
291,183	12,046
291,198	11,129
291,213	10,940
291,228	10,770
291,243	10,561
291,258	10,827
291,273	10,994
291,288	9,992
291,303	10,419
291,318	9,523
291,333	10,030
291,348	7,544
291,363	9,757
291,378	10,234
291,393	9,568
291,408	9,293
291,423	9,490
291,438	9,135
291,453	9,432
291,468	9,628
291,483	8,983
291,498	9,049
291,513	8,563
291,528	8,670
291,543	8,746
291,558	8,817
291,573	8,567
291,588	8,232
291,603	7,882
291,618	8,355
291,633	7,799
291,648	8,342
291,663	7,957
291,678	7,406
291,693	7,899
291,708	8,281
291,723	7,479
291,738	6,979
291,753	7,632
291,768	8,095
291,783	7,273
291,798	6,863
291,813	7,531
291,828	7,286
291,843	7,453
291,858	6,621
291,873	7,159
291,889	7,300
291,903	7,106
291,918	6,570
291,933	7,279
291,949	7,094
291,964	6,553
291,978	7,051
291,993	6,265
292,009	6,727
292,024	7,014
292,038	6,784
292,053	6,921
292,068	6,325
292,084	6,221
292,099	6,759
292,114	6,108
292,129	6,410
292,144	6,752
292,159	5,579
292,174	6,668
292,189	6,053
292,204	5,878
292,219	6,396
292,234	6,096
292,249	6,202
292,264	6,128
292,279	4,986
292,294	6,130
292,309	5,544
292,324	6,082
292,339	6,088
292,354	5,758
292,369	5,920
292,384	5,896
292,399	5,796
292,414	5,612
292,429	5,327
292,444	5,223
292,459	5,334
292,474	5,581
292,489	4,805
292,504	5,031
292,519	5,298
292,534	5,435
292,549	5,025
292,564	5,126
292,579	4,530
292,594	4,762
292,609	4,823
292,624	5,010
292,639	5,186
292,654	4,590
292,669	4,155
292,684	4,713
292,699	4,990
292,714	4,835
292,729	5,047
292,744	4,727
292,759	4,031
292,774	4,378
292,789	4,715
292,804	4,596
292,819	5,089
292,834	4,784
292,849	4,373
292,864	3,682
292,879	4,210
292,894	4,587
292,909	4,493
292,924	4,524
292,939	4,144
292,954	3,428
292,969	3,559
292,984	3,580
292,999	4,419
293,014	3,974
293,029	3,784
293,044	3,810
293,059	3,235
293,074	3,968
293,089	4,134
293,104	4,391
293,119	4,161
293,134	3,385
293,149	3,903
293,164	3,944
293,179	3,524
293,194	2,858
293,209	3,701
293,224	3,717
293,239	3,839
293,254	3,880
293,269	3,129
293,284	3,521
293,299	3,452
293,314	3,669
293,329	3,258
293,344	3,741
293,359	3,421
293,374	3,497
293,389	3,584
293,404	3,414
293,419	2,738
293,434	3,226
293,449	2,580
293,464	2,566
293,479	3,053
293,494	2,934
293,509	3,271
293,524	3,167
293,539	2,365
293,554	2,978
293,569	2,628
293,584	3,166
293,599	2,901
293,614	2,571
293,629	2,487
293,644	2,483
293,659	2,584
293,674	2,946
293,689	2,561
293,704	2,959
293,719	2,122
293,734	2,173
293,749	1,989
293,764	2,903
293,779	2,813
293,794	2,679
293,809	1,787
293,824	1,838
293,839	2,010
293,854	2,267
293,869	2,328
293,884	2,700
293,899	1,608
293,914	2,065
293,930	2,493
293,945	1,541
293,959	2,084
293,974	2,280
293,990	1,975
294,005	1,630
294,019	1,466
294,034	1,969
294,050	2,135
294,065	2,096
294,079	2,157
294,094	1,320
294,110	2,074
294,125	1,107
294,140	1,269
294,155	1,801
294,170	1,707
294,185	1,999
294,200	1,433
294,215	1,023
294,230	1,716
294,245	1,171
294,260	1,523
294,275	1,735
294,290	0,953
294,305	1,411
294,320	0,985
294,335	0,716
294,350	1,359
294,365	1,365
294,380	1,451
294,395	1,031
294,410	0,390
294,425	0,973
294,440	0,613
294,455	1,195
294,470	1,131
294,485	0,636
294,500	0,933
294,515	0,618
294,530	0,915
294,545	1,242
294,560	0,255
294,575	1,098
294,590	0,021
294,605	0,985
294,620	1,087
294,635	0,867
294,650	0,041
294,665	0,653
294,680	0,218
294,695	0,615
294,710	-0,061
294,725	0,337
294,740	0,744
294,755	0,655
294,770	0,119
294,785	0,381
294,800	0,081
294,815	0,263
294,830	0,560
294,845	0,425
294,860	0,567
294,875	0,247
294,890	-0,204
294,905	-0,263
294,920	-0,011
294,935	0,331
294,950	0,292
294,965	-0,274
294,980	0,304
294,995	-0,532
295,010	-0,070
295,025	0,498
295,040	0,058
295,055	0,370
295,070	0,300
295,085	-0,892
295,100	-0,099
295,115	-0,424
295,130	0,194
295,145	0,080
295,160	-0,365
295,175	0,072
295,190	0,058
295,205	-0,447
295,220	-0,040
295,235	0,121
295,250	0,092
295,265	0,098
295,280	-1,019
295,295	-0,095
295,310	0,137
295,325	-0,148
295,340	-0,428
295,355	-0,858
295,370	-0,030
295,385	0,262
295,400	-0,143
295,415	-0,633
295,430	-0,131
295,445	-0,325
295,460	0,157
295,475	-0,659
295,490	-0,051
295,505	-0,647
295,520	-0,596
295,535	0,042
295,550	0,138
295,565	0,154
295,580	-0,336
295,595	-0,621
295,610	-0,128
295,625	0,078
295,640	0,004
295,655	-0,316
295,670	-0,806
295,685	0,123
295,700	-0,804
295,715	-0,011
295,730	0,076
295,745	-0,625
295,760	-0,955
295,775	-0,408
295,790	-0,642
295,805	-0,014
295,820	0,203
295,835	0,003
295,850	0,109
295,865	-0,752
295,880	-0,180
295,895	0,233
295,911	-0,137
295,925	0,039
295,940	0,106
295,955	-0,485
295,971	-0,198
295,986	-0,563
296,000	-0,066
296,015	0,161
296,031	-0,074
296,046	-0,268
296,060	-0,272
296,075	0,306
296,091	-0,436
296,106	-0,149
296,121	-0,378
296,136	0,260
296,151	0,010
296,166	0,056
296,181	-0,354
296,196	0,334
296,211	0,546
296,226	-0,416
296,241	-0,275
296,256	0,047
296,271	-0,408
296,286	-0,327
296,301	-0,220
296,316	0,287
296,331	-0,048
296,346	-0,578
296,361	0,115
296,376	-0,346
296,391	-0,119
296,406	0,208
296,421	-0,393
296,436	0,220
296,451	-0,014
296,466	-0,339
296,481	0,158
296,496	0,185
296,511	0,406
296,526	0,317
296,541	-0,173
296,556	-0,308
296,571	-0,332
296,586	0,206
296,601	0,347
296,616	-0,073
296,631	-0,503
296,646	-0,096
296,661	-0,130
296,676	0,362
296,691	0,414
296,706	0,264
296,721	-0,482
296,736	-0,611
296,751	0,122
296,766	0,208
296,781	0,415
296,796	0,471
296,811	-0,300
296,826	0,283
296,841	0,294
296,856	0,014
296,871	0,431
296,886	0,162
296,901	0,408
296,916	-0,017
296,931	-0,126
296,946	-0,391
296,961	0,658
296,976	-0,454
296,991	0,259
297,006	0,275
297,021	-0,451
297,036	-0,239
297,051	-0,288
297,066	0,355
297,081	0,406
297,096	-0,130
297,111	0,353
297,126	-0,148
297,141	-0,172
297,156	0,175
297,171	-0,250
297,186	0,328
297,201	0,143
297,216	-0,141
297,231	-0,130
297,246	-0,526
297,261	0,208
297,276	0,289
297,291	-0,106
297,306	0,216
297,321	-0,094
297,336	-0,294
297,351	0,274
297,366	0,009
297,381	0,111
297,396	0,177
297,411	-0,233
297,426	-0,247
297,441	-0,677
297,456	0,322
297,471	0,463
297,486	0,013
297,501	0,435
297,516	-0,291
297,531	0,412
297,546	0,298
297,561	-0,368
297,576	-0,167
297,591	0,476
297,606	0,252
297,621	-0,294
297,636	-0,483
297,651	0,185
297,666	0,447
297,681	-0,149
297,696	-0,344
297,711	-0,669
297,726	-0,366
297,741	0,367
297,756	0,273
297,771	0,354
297,786	0,214
297,801	-0,512
297,816	-0,240
297,831	0,368
297,846	-0,047
297,861	0,250
297,876	0,050
297,891	0,152
297,906	0,198
297,921	-0,518
297,937	0,125
297,952	0,467
297,966	0,412
297,981	0,664
297,997	-0,077
298,012	-0,126
298,026	0,562
298,041	-0,159
298,057	0,650
298,072	0,084
298,087	0,175
298,102	0,633
298,116	0,202
298,132	0,660
298,147	0,756
298,162	0,346
298,177	0,738
298,192	-0,179
298,207	0,219
298,222	1,057
298,237	1,068
298,252	0,989
298,267	0,348
298,282	0,490
298,297	1,078
298,312	1,224
298,327	0,453
298,342	1,507
298,357	1,272
298,372	1,273
298,387	1,164
298,402	1,115
298,417	1,748
298,432	1,834
298,447	1,499
298,462	1,957
298,477	1,832
298,492	2,370
298,507	1,699
298,522	2,437
298,537	3,311
298,552	2,700
298,567	3,674
298,582	2,903
298,597	3,681
298,612	4,696
298,627	5,439
298,642	6,258
298,657	7,362
298,672	8,256
298,687	10,409
298,702	12,867
298,717	16,971
298,732	21,686
298,747	26,683
298,762	31,975
298,777	38,947
298,792	45,975
298,807	54,869
298,822	63,160
298,837	72,199
298,852	81,459
298,867	90,553
298,882	100,254
298,897	110,632
298,912	120,027
298,927	129,386
298,942	137,703
298,957	144,721
298,972	151,674
298,987	157,307
299,002	162,895
299,017	165,123
299,032	166,238
299,047	166,389
299,062	163,998
299,077	159,410
299,092	155,454
299,107	151,412
299,122	146,789
299,137	141,810
299,152	136,635
299,167	132,448
299,182	127,373
299,197	122,454
299,212	118,212
299,227	114,406
299,242	110,345
299,257	105,340
299,272	101,294
299,287	98,301
299,302	93,663
299,317	90,790
299,332	86,899
299,347	82,923
299,362	80,351
299,377	77,087
299,392	74,380
299,407	71,627
299,422	68,815
299,437	66,102
299,452	63,139
299,467	60,527
299,482	58,622
299,497	56,527
299,512	54,145
299,527	52,020
299,542	49,413
299,557	47,247
299,572	45,448
299,587	43,859
299,602	42,361
299,617	40,641
299,632	39,323
299,647	36,942
299,662	35,077
299,677	34,431
299,692	33,535
299,707	32,347
299,722	30,267
299,737	29,500
299,752	27,916
299,767	26,959
299,782	25,817
299,797	24,630
299,812	23,527
299,827	23,162
299,842	21,348
299,857	20,722
299,872	20,407
299,887	20,047
299,902	18,779
299,917	18,293
299,933	16,649
299,947	16,515
299,962	16,155
299,978	15,148
299,993	14,958
300,007	14,027
300,022	12,728
300,038	12,659
300,053	11,517
300,067	11,794
300,083	11,549
300,098	10,693
300,113	10,608
300,128	9,285
300,143	8,715
300,158	9,077
300,173	8,350
300,188	8,582
300,203	8,001
300,218	6,623
300,233	6,750
300,248	5,808
300,263	6,486
300,278	6,342
300,293	5,901
300,308	5,637
300,323	4,976
300,338	4,706
300,353	4,677
300,368	3,750
300,383	4,092
300,398	4,088
300,413	3,643
300,428	2,861
300,443	3,108
300,458	3,104
300,473	2,584
300,488	2,033
300,503	2,395
300,518	2,617
300,533	1,770
300,548	1,154
300,563	1,271
300,578	1,633
300,593	0,691
300,608	0,742
300,623	0,733
300,638	0,318
300,653	1,006
300,668	-0,181
300,683	0,517
300,698	0,513
300,713	-0,223
300,728	-0,769
300,743	0,100
300,758	-0,220
300,773	-0,465
300,788	-0,684
300,803	-0,779
300,818	-1,003
300,833	-1,895
300,848	-1,392
300,863	-0,774
300,878	-1,305
300,893	-1,610
300,908	-1,659
300,923	-2,270
300,938	-1,677
300,953	-1,621
300,968	-1,575
300,983	-1,754
300,998	-1,803
301,013	-2,700
301,028	-2,338
301,043	-2,527
301,058	-2,215
301,073	-2,274
301,088	-2,765
301,103	-3,000
301,118	-3,149
301,133	-2,787
301,148	-2,470
301,163	-3,006
301,178	-3,150
301,193	-3,515
301,208	-2,977
301,223	-2,901
301,238	-3,467
301,253	-3,546
301,268	-3,279
301,283	-3,248
301,298	-3,834
301,313	-3,466
301,328	-3,455
301,343	-3,585
301,358	-3,920
301,373	-4,726
301,388	-3,782
301,403	-4,584
301,418	-3,870
301,433	-4,617
301,448	-3,878
301,463	-3,877
301,478	-4,388
301,493	-4,216
301,508	-4,882
301,523	-4,816
301,538	-4,163
301,553	-4,658
301,568	-4,281
301,583	-4,977
301,598	-4,936
301,613	-4,810
301,628	-4,889
301,643	-4,722
301,658	-4,661
301,673	-5,362
301,688	-5,191
301,703	-5,516
301,718	-5,003
301,733	-4,962
301,748	-4,926
301,763	-5,637
301,778	-5,435
301,793	-6,116
301,808	-5,102
301,823	-5,166
301,838	-5,486
301,853	-5,169
301,868	-5,770
301,884	-6,195
301,898	-6,074
301,913	-5,376
301,928	-6,262
301,943	-6,306
301,959	-6,411
301,974	-5,457
301,988	-5,661
302,003	-6,904
302,019	-5,785
302,034	-6,114
302,048	-5,878
302,063	-6,689
302,079	-6,628
302,094	-5,995
302,109	-6,250
302,124	-7,192
302,139	-6,268
302,154	-6,913
302,169	-6,180
302,184	-7,368
302,199	-6,610
302,214	-6,227
302,229	-6,618
302,244	-6,586
302,259	-6,550
302,274	-7,061
302,289	-6,508
302,304	-7,159
302,319	-6,711
302,334	-7,072
302,349	-7,552
302,364	-7,446
302,379	-7,886
302,394	-7,418
302,409	-6,821
302,424	-7,050
302,439	-7,029
302,454	-7,063
302,469	-8,065
302,484	-7,071
302,499	-7,762
302,514	-7,004
302,529	-7,258
302,544	-7,694
302,559	-8,114
302,574	-8,133
302,589	-7,485
302,604	-7,569
302,619	-7,688
302,634	-7,672
302,649	-8,323
302,664	-7,931
302,679	-7,719
302,694	-8,009
302,709	-8,550
302,724	-7,912
302,739	-7,735
302,754	-8,105
302,769	-8,375
302,784	-8,048
302,799	-7,882
302,814	-7,926
302,829	-8,822
302,844	-7,828
302,859	-8,038
302,874	-8,589
302,889	-8,046
302,904	-8,586
302,919	-8,189
302,934	-8,915
302,949	-9,150
302,964	-8,632
302,979	-8,962
302,994	-8,409
303,009	-8,278
303,024	-9,095
303,039	-8,522
303,054	-8,952
303,069	-9,132
303,084	-8,524
303,099	-8,678
303,114	-8,637
303,129	-8,711
303,144	-9,758
303,159	-8,905
303,174	-9,245
303,189	-8,872
303,204	-10,080
303,219	-9,277
303,234	-9,080
303,249	-9,184
303,264	-9,459
303,279	-9,022
303,294	-8,725
303,309	-8,879
303,324	-9,505
303,339	-9,885
303,354	-9,974
303,369	-9,462
303,384	-9,511
303,399	-9,861
303,414	-9,940
303,429	-9,453
303,444	-10,239
303,459	-10,002
303,474	-9,926
303,489	-9,388
303,504	-9,247
303,519	-10,038
303,534	-10,152
303,549	-9,489
303,564	-9,854
303,579	-9,653
303,594	-10,234
303,609	-10,132
303,624	-10,663
303,639	-10,657
303,654	-10,380
303,669	-9,872
303,684	-9,615
303,699	-9,790
303,714	-10,039
303,729	-10,781
303,744	-10,047
303,759	-9,781
303,774	-10,121
303,789	-9,929
303,804	-10,349
303,819	-10,729
303,834	-10,623
303,849	-10,802
303,864	-10,029
303,879	-10,154
303,894	-10,995
303,909	-10,377
303,925	-11,073
303,940	-10,892
303,954	-10,344
303,969	-10,528
303,985	-10,307
304,000	-10,636
304,014	-11,212
304,029	-10,750
304,045	-11,436
304,060	-10,482
304,075	-10,516
304,089	-11,403
304,105	-11,432
304,120	-11,029
304,135	-10,512
304,150	-10,746
304,165	-11,583
304,180	-10,819
304,195	-10,798
304,210	-11,314
304,225	-11,925
304,240	-11,492
304,255	-10,970
304,270	-10,918
304,285	-12,141
304,300	-11,037
304,315	-11,743
304,330	-11,080
304,345	-11,315
304,360	-11,454
304,375	-11,112
304,390	-11,332
304,405	-12,268
304,420	-11,600
304,435	-11,960
304,450	-11,372
304,465	-11,462
304,480	-11,832
304,495	-12,207
304,510	-12,111
304,525	-12,315
304,540	-11,592
304,555	-11,616
304,570	-11,690
304,585	-11,674
304,600	-12,546
304,615	-12,198
304,630	-11,706
304,645	-11,895
304,660	-11,674
304,675	-11,994
304,690	-12,775
304,705	-12,147
304,720	-12,577
304,735	-11,869
304,750	-12,029
304,765	-12,143
304,780	-12,107
304,795	-12,713
304,810	-12,330
304,825	-11,873
304,840	-11,787
304,855	-12,142
304,870	-12,341
304,885	-12,817
304,900	-12,118
304,915	-12,654
304,930	-12,733
304,945	-12,336
304,960	-12,219
304,975	-12,429
304,990	-13,200
305,005	-12,522
305,020	-12,336
305,035	-12,269
305,050	-12,303
305,065	-12,784
305,080	-13,485
305,095	-12,411
305,110	-12,851
305,125	-12,599
305,140	-12,187
305,155	-13,369
305,170	-12,581
305,185	-13,408
305,200	-12,614
305,215	-12,422
305,230	-12,978
305,245	-12,606
305,260	-13,242
305,275	-13,451
305,290	-12,914
305,305	-13,424
305,320	-13,062
305,335	-12,860
305,350	-13,847
305,365	-12,994
305,380	-13,464
305,395	-13,724
305,410	-13,131
305,425	-13,972
305,440	-13,079
305,455	-13,434
305,470	-13,944
305,485	-13,527
305,500	-13,646
305,515	-13,184
305,530	-13,358
305,545	-13,849
305,560	-13,758
305,575	-13,400
305,590	-13,078
305,605	-13,318
305,620	-13,999
305,635	-13,863
305,650	-13,240
305,665	-13,545
305,680	-14,441
305,695	-13,753
305,710	-13,275
305,725	-13,490
305,740	-14,542
305,755	-14,551
305,770	-13,698
305,785	-14,038
305,800	-13,640
305,815	-13,810
305,830	-13,668
305,845	-14,184
305,860	-14,669
305,875	-14,553
305,890	-13,910
305,906	-13,658
305,921	-14,003
305,935	-13,862
305,950	-14,503
305,966	-14,712
305,981	-14,806
305,995	-14,008
306,010	-14,072
306,026	-14,377
306,041	-14,291
306,055	-15,192
306,070	-14,178
306,086	-14,187
306,101	-14,507
306,116	-14,315
306,131	-14,625
306,146	-15,020
306,161	-14,493
306,176	-14,838
306,191	-14,636
306,206	-14,941
306,221	-15,050
306,236	-14,438
306,251	-15,199
306,266	-15,142
306,281	-14,615
306,296	-14,955
306,311	-15,029
306,326	-15,645
306,341	-15,293
306,356	-15,482
306,371	-15,160
306,386	-15,846
306,401	-15,459
306,416	-14,681
306,431	-14,986
306,446	-15,697
306,461	-15,425
306,476	-15,068
306,491	-16,270
306,506	-15,266
306,521	-15,757
306,536	-16,067
306,551	-15,323
306,566	-15,759
306,581	-15,181
306,596	-15,260
306,611	-15,670
306,626	-15,333
306,641	-15,618
306,656	-15,722
306,671	-15,350
306,686	-16,197
306,701	-15,493
306,716	-15,487
306,731	-16,234
306,746	-15,475
306,761	-15,369
306,776	-15,684
306,791	-15,592
306,806	-15,797
306,821	-16,293
306,836	-16,146
306,851	-16,742
306,866	-15,968
306,881	-15,947
306,896	-16,744
306,911	-15,910
306,926	-16,651
306,941	-16,455
306,956	-16,057
306,971	-16,538
306,986	-15,754
307,001	-15,909
307,016	-17,001
307,031	-16,599
307,046	-16,252
307,061	-16,466
307,076	-16,871
307,091	-16,534
307,106	-16,844
307,121	-16,141
307,136	-16,622
307,151	-16,465
307,166	-16,333
307,181	-16,252
307,196	-16,888
307,211	-16,977
307,226	-16,630
307,241	-16,429
307,256	-16,859
307,271	-17,204
307,286	-17,614
307,301	-16,495
307,316	-17,617
307,331	-17,506
307,346	-16,612
307,361	-16,646
307,376	-16,815
307,391	-17,426
307,406	-17,586
307,421	-17,404
307,436	-17,749
307,451	-16,996
307,466	-16,869
307,481	-17,591
307,496	-17,585
307,511	-17,734
307,526	-17,653
307,541	-16,959
307,556	-16,994
307,571	-16,997
307,586	-17,026
307,601	-18,094
307,616	-17,727
307,631	-18,001
307,646	-17,348
307,661	-16,951
307,676	-17,241
307,691	-17,882
307,706	-17,800
307,721	-18,502
307,736	-17,156
307,751	-17,396
307,766	-17,410
307,781	-18,302
307,796	-18,898
307,811	-17,773
307,826	-17,807
307,841	-17,942
307,856	-17,464
307,871	-17,689
307,886	-17,617
307,901	-18,253
307,916	-18,343
307,932	-18,161
307,947	-17,508
307,962	-18,415
307,976	-18,604
307,991	-17,881
308,007	-17,895
308,022	-18,054
308,036	-18,053
308,051	-18,022
308,067	-18,447
308,082	-19,043
308,097	-18,290
308,111	-18,800
308,127	-18,187
308,142	-18,011
308,157	-18,526
308,172	-18,284
308,187	-19,046
308,202	-18,754
308,217	-18,412
308,232	-18,952
308,247	-18,801
308,262	-18,594
308,277	-19,160
308,292	-19,194
308,307	-18,892
308,322	-18,615
308,337	-18,479
308,352	-19,135
308,367	-18,647
308,382	-19,032
308,397	-19,267
308,412	-18,584
308,427	-18,748
308,442	-18,642
308,457	-18,556
308,472	-19,793
308,487	-19,050
308,502	-19,114
308,517	-18,997
308,532	-18,726
308,547	-19,151
308,562	-19,240
308,577	-19,159
308,592	-19,228
308,607	-19,588
308,622	-19,161
308,637	-19,125
308,652	-18,923
308,667	-20,141
308,682	-20,060
308,697	-20,274
308,712	-19,119
308,727	-19,194
308,742	-19,509
308,757	-20,114
308,772	-19,963
308,787	-19,837
308,802	-19,399
308,817	-19,473
308,832	-19,853
308,847	-19,281
308,862	-20,228
308,877	-20,242
308,892	-19,749
308,907	-19,798
308,922	-19,621
308,937	-19,911
308,952	-20,522
308,967	-20,210
308,982	-20,856
308,997	-19,937
309,012	-19,630
309,027	-20,497
309,042	-19,909
309,057	-20,555
309,072	-20,785
309,087	-19,841
309,102	-20,632
309,117	-20,024
309,132	-20,078
309,147	-20,945
309,162	-20,502
309,177	-21,334
309,192	-20,210
309,207	-20,208
309,222	-20,704
309,237	-20,743
309,252	-20,857
309,267	-20,500
309,282	-20,273
309,297	-20,854
309,312	-20,688
309,327	-20,586
309,342	-20,359
309,357	-21,010
309,372	-21,014
309,387	-20,336
309,402	-20,566
309,417	-21,367
309,432	-21,517
309,447	-21,280
309,462	-21,374
309,477	-21,122
309,492	-21,307
309,507	-20,829
309,522	-20,738
309,537	-21,675
309,552	-21,564
309,567	-21,578
309,582	-21,281
309,597	-20,908
309,612	-21,925
309,627	-21,859
309,642	-21,342
309,657	-21,872
309,672	-21,089
309,687	-21,068
309,702	-21,272
309,717	-21,482
309,732	-21,676
309,747	-21,505
309,762	-21,263
309,777	-22,014
309,792	-21,361
309,807	-21,335
309,822	-22,272
309,837	-21,654
309,852	-21,894
309,867	-21,486
309,882	-21,485
309,897	-21,549
309,912	-21,679
309,928	-22,004
309,942	-22,103
309,957	-21,641
309,973	-21,615
309,988	-21,949
310,002	-22,340
310,017	-22,569
310,033	-21,645
310,048	-21,730
310,062	-22,044
310,077	-22,575
310,093	-22,032
310,108	-21,871
310,123	-22,923
310,138	-22,566
310,153	-21,893
310,168	-22,002
310,183	-21,861
310,198	-21,950
310,213	-22,736
310,228	-22,680
310,243	-22,764
310,258	-22,061
310,273	-22,225
310,288	-22,154
310,303	-22,248
310,318	-22,764
310,333	-23,290
310,348	-22,416
310,363	-22,154
310,378	-22,569
310,393	-22,267
310,408	-23,134
310,423	-23,128
310,438	-23,478
310,453	-22,489
310,468	-22,427
310,483	-22,767
310,498	-22,486
310,513	-23,352
310,528	-23,471
310,543	-22,844
310,558	-22,577
310,573	-22,646
310,588	-23,648
310,603	-22,869
310,618	-22,919
310,633	-23,765
310,648	-23,207
310,663	-23,131
310,678	-23,025
310,693	-23,926
310,708	-23,564
310,723	-23,448
310,738	-23,342
310,753	-23,626
310,768	-24,107
310,783	-23,313
310,798	-23,187
310,813	-23,642
310,828	-24,118
310,843	-23,650
310,858	-23,418
310,873	-23,954
310,888	-23,832
310,903	-24,147
310,918	-24,191
310,933	-23,639
310,948	-24,330
310,963	-23,561
310,978	-23,570
310,993	-24,251
311,008	-24,235
311,023	-23,853
311,038	-24,288
311,053	-23,906
311,068	-24,031
311,083	-24,115
311,098	-24,505
311,113	-24,725
311,128	-24,453
311,143	-24,121
311,158	-24,260
311,173	-24,088
311,188	-24,383
311,203	-24,839
311,218	-24,301
311,233	-24,711
311,248	-24,178
311,263	-24,203
311,278	-24,673
311,293	-23,950
311,308	-25,162
311,323	-24,650
311,338	-24,212
311,353	-24,487
311,368	-24,481
311,383	-24,711
311,398	-25,071
311,413	-24,473
311,428	-24,587
311,443	-24,386
311,458	-25,177
311,473	-25,341
311,488	-24,753
311,503	-25,605
311,518	-24,817
311,533	-25,051
311,548	-24,714
311,563	-24,698
311,578	-25,219
311,593	-25,303
311,608	-24,971
311,623	-24,864
311,638	-25,566
311,653	-25,620
311,668	-25,854
311,683	-24,991
311,698	-26,284
311,713	-25,530
311,728	-25,248
311,743	-25,192
311,758	-26,179
311,773	-25,441
311,788	-25,465
311,803	-25,469
311,818	-25,508
311,833	-25,231
311,848	-25,391
311,863	-26,016
311,878	-26,121
311,893	-25,453
311,908	-25,938
311,923	-26,158
311,938	-26,071
311,954	-26,486
311,969	-25,904
311,983	-26,645
311,998	-25,962
312,014	-25,855
312,029	-26,481
312,043	-26,004
312,058	-26,264
312,074	-26,052
312,089	-26,041
312,103	-26,797
312,119	-26,204
312,134	-26,263
312,149	-26,804
312,164	-26,928
312,179	-26,250
312,194	-26,164
312,209	-26,268
312,224	-27,045
312,239	-26,748
312,254	-27,389
312,269	-26,665
312,284	-27,100
312,299	-26,513
312,314	-27,043
312,329	-26,621
312,344	-26,986
312,359	-26,734
312,374	-26,512
312,389	-26,702
312,404	-26,570
312,419	-27,452
312,434	-26,904
312,449	-26,863
312,464	-27,610
312,479	-26,580
312,494	-26,404
312,509	-26,969
312,524	-26,913
312,539	-27,363
312,554	-27,513
312,569	-27,402
312,584	-27,466
312,599	-26,813
312,614	-27,123
312,629	-27,738
312,644	-27,326
312,659	-27,621
312,674	-27,068
312,689	-27,293
312,704	-27,206
312,719	-27,276
312,734	-27,992
312,749	-27,840
312,764	-28,230
312,779	-27,638
312,794	-27,361
312,809	-28,323
312,824	-28,231
312,839	-27,764
312,854	-28,410
312,869	-27,862
312,884	-27,655
312,899	-27,323
312,914	-27,678
312,929	-28,731
312,944	-28,414
312,959	-27,740
312,974	-28,346
312,989	-28,751
313,004	-28,650
313,019	-27,882
313,034	-27,755
313,049	-28,567
313,064	-28,235
313,079	-28,143
313,094	-27,816
313,109	-28,016
313,124	-28,251
313,139	-28,079
313,154	-27,943
313,169	-29,175
313,184	-28,186
313,199	-28,190
313,214	-28,505
313,229	-28,945
313,244	-28,959
313,259	-28,517
313,274	-28,491
313,289	-28,525
313,304	-28,649
313,319	-28,944
313,334	-29,339
313,349	-28,726
313,364	-29,267
313,379	-28,513
313,394	-28,738
313,409	-29,509
313,424	-29,458
313,439	-29,462
313,454	-28,754
313,469	-28,643
313,484	-28,817
313,499	-28,932
313,514	-29,191
313,529	-29,677
313,544	-29,219
313,559	-28,922
313,574	-29,032
313,589	-28,940
313,604	-29,531
313,619	-29,706
313,634	-29,684
313,649	-28,931
313,664	-29,121
313,679	-29,616
313,694	-29,389
313,709	-29,193
313,724	-29,342
313,739	-30,299
313,754	-30,298
313,769	-29,655
313,784	-29,398
313,799	-30,024
313,814	-30,233
313,829	-30,549
313,844	-29,931
313,859	-29,724
313,875	-29,492
313,889	-30,429
313,904	-30,042
313,920	-30,467
313,935	-29,954
313,950	-29,813
313,964	-30,148
313,979	-29,801
313,995	-30,903
314,010	-30,471
314,024	-30,199
314,039	-30,689
314,055	-30,187
314,070	-30,100
314,084	-30,561
314,099	-30,399
314,115	-30,604
314,130	-30,698
314,145	-30,065
314,160	-30,149
314,175	-30,324
314,190	-30,744
314,205	-30,948
314,220	-30,666
314,235	-30,986
314,250	-30,579
314,265	-30,377
314,280	-31,084
314,295	-30,882
314,310	-31,187
314,325	-30,740
314,340	-30,473
314,355	-30,913
314,370	-30,736
314,385	-31,202
314,400	-30,694
314,415	-30,879
314,430	-30,832
314,445	-31,599
314,460	-31,377
314,475	-31,130
314,490	-30,678
314,505	-31,886
314,520	-31,313
314,535	-31,121
314,550	-30,684
314,565	-31,094
314,580	-31,469
314,595	-31,874
314,610	-31,041
314,625	-31,185
314,640	-31,395
314,655	-31,303
314,670	-31,819
314,685	-32,224
314,700	-32,238
314,715	-31,580
314,730	-31,373
314,745	-31,467
314,760	-32,023
314,775	-32,112
314,790	-32,422
314,805	-31,674
314,820	-31,678
314,835	-31,757
314,850	-31,636
314,865	-32,703
314,880	-32,451
314,895	-31,477
314,910	-32,389
314,925	-31,676
314,940	-31,820
314,955	-32,541
314,970	-31,607
314,985	-32,323
315,000	-32,418
315,009	-32,903
315,024	-32,741
315,039	-32,669
315,054	-32,176
315,069	-31,929
315,084	-32,098
315,099	-32,638
315,114	-33,129
315,129	-32,089
315,144	-32,138
315,159	-32,237
315,174	-32,351
315,189	-32,856
315,204	-33,186
315,219	-33,169
315,234	-32,767
315,249	-32,690
315,264	-32,583
315,279	-33,530
315,294	-32,982
315,309	-33,532
315,324	-32,708
315,339	-32,817
315,354	-32,841
315,369	-32,814
315,384	-33,314
315,399	-33,353
315,414	-33,021
315,429	-33,391
315,444	-33,364
315,459	-33,533
315,474	-32,885
315,489	-33,009
315,504	-33,479
315,519	-34,180
315,534	-34,073
315,549	-33,384
315,564	-33,197
315,579	-34,049
315,594	-33,787
315,609	-33,304
315,624	-33,949
315,639	-33,416
315,654	-34,052
315,669	-34,477
315,684	-33,643
315,699	-34,017
315,714	-33,484
315,729	-33,608
315,744	-33,687
315,759	-33,500
315,774	-33,675
315,789	-34,405
315,804	-33,812
315,819	-34,192
315,834	-33,674
315,849	-33,873
315,864	-34,469
315,879	-34,543
315,894	-34,802
315,909	-34,219
315,925	-33,911
315,940	-34,346
315,954	-33,788
315,969	-34,394
315,985	-34,884
316,000	-34,115
316,014	-33,908
316,029	-34,514
316,045	-33,966
316,060	-34,671
316,075	-34,961
316,089	-34,944
316,105	-34,772
316,120	-34,290
316,135	-34,524
316,150	-34,573
316,165	-35,143
316,180	-34,485
316,195	-34,428
316,210	-34,688
316,225	-35,123
316,240	-34,399
316,255	-35,320
316,270	-34,717
316,285	-35,348
316,300	-35,020
316,315	-34,703
316,330	-35,078
316,345	-34,565
316,360	-34,744
316,375	-35,249
316,390	-35,027
316,405	-35,673
316,420	-34,683
316,435	-34,672
316,450	-35,473
316,465	-35,803
316,480	-34,939
316,495	-35,755
316,510	-34,705
316,525	-35,100
316,540	-35,344
316,555	-34,997
316,570	-35,091
316,585	-35,255
316,600	-35,279
316,615	-35,182
316,630	-35,155
316,645	-35,831
316,660	-35,469
316,675	-35,407
316,690	-35,827
316,705	-35,284
316,720	-35,368
316,735	-36,008
316,750	-35,520
316,765	-35,715
316,780	-35,402
316,795	-35,571
316,810	-35,625
316,825	-35,463
316,840	-35,362
316,855	-36,153
316,870	-35,625
316,885	-35,317
316,900	-35,602
316,915	-35,380
316,930	-35,965
316,945	-35,633
316,960	-36,539
316,975	-36,417
316,990	-36,592
317,005	-35,998
317,020	-35,671
317,035	-36,051
317,050	-36,536
317,065	-36,073
317,080	-35,636
317,095	-36,336
317,110	-36,716
317,125	-36,308
317,140	-36,658
317,155	-36,822
317,170	-36,369
317,185	-36,293
317,200	-36,642
317,215	-36,074
317,230	-36,324
317,245	-36,764
317,260	-36,612
317,275	-36,480
317,290	-36,624
317,305	-36,512
317,320	-36,742
317,335	-36,680
317,350	-36,573
317,365	-36,978
317,380	-36,435
317,395	-36,258
317,410	-37,335
317,425	-36,782
317,440	-37,322
317,455	-36,729
317,470	-36,598
317,485	-36,686
317,500	-36,630
317,515	-36,794
317,530	-37,204
317,545	-36,891
317,560	-37,046
317,575	-36,673
317,590	-36,707
317,605	-37,402
317,620	-37,627
317,635	-37,154
317,650	-36,676
317,665	-37,487
317,680	-37,421
317,695	-37,565
317,710	-36,851
317,725	-36,950
317,740	-37,029
317,755	-36,782
317,770	-36,951
317,785	-36,794
317,800	-38,132
317,815	-37,122
317,830	-37,713
317,845	-37,079
317,860	-37,168
317,875	-37,684
317,890	-37,080
317,906	-36,803
317,921	-38,076
317,935	-37,648
317,950	-37,757
317,966	-37,224
317,981	-37,187
317,995	-38,294
318,010	-38,173
318,026	-37,660
318,041	-37,648
318,055	-37,396
318,070	-37,375
318,086	-37,509
318,101	-37,723
318,116	-38,178
318,131	-37,745
318,146	-37,272
318,161	-37,426
318,176	-37,255
318,191	-37,990
318,206	-38,350
318,221	-38,499
318,236	-38,548
318,251	-37,694
318,266	-38,024
318,281	-38,348
318,296	-37,865
318,311	-38,481
318,326	-37,918
318,341	-37,911
318,356	-37,925
318,371	-37,758
318,386	-38,680
318,401	-37,790
318,416	-37,804
318,431	-38,064
318,446	-37,842
318,461	-38,367
318,476	-38,145
318,491	-38,269
318,506	-38,317
318,521	-38,336
318,536	-37,833
318,551	-37,897
318,566	-38,904
318,581	-37,869
318,596	-38,244
318,611	-38,298
318,626	-38,723
318,641	-38,054
318,656	-38,103
318,671	-38,538
318,686	-38,110
318,701	-38,761
318,716	-38,183
318,731	-38,437
318,746	-38,496
318,761	-38,449
318,776	-38,453
318,791	-39,389
318,806	-38,691
318,821	-39,286
318,836	-38,523
318,851	-38,451
318,866	-39,097
318,881	-39,120
318,896	-39,395
318,911	-38,877
318,926	-38,479
318,941	-38,403
318,956	-38,446
318,971	-38,936
318,986	-39,652
319,001	-39,195
319,016	-39,303
319,031	-39,342
319,046	-39,145
319,061	-38,923
319,076	-39,363
319,091	-39,482
319,106	-38,994
319,121	-38,948
319,136	-39,177
319,151	-39,682
319,166	-39,856
319,181	-39,083
319,196	-39,528
319,211	-39,180
319,226	-39,093
319,241	-38,987
319,256	-39,321
319,271	-39,395
319,286	-39,905
319,301	-39,648
319,316	-39,587
319,331	-39,420
319,346	-39,393
319,361	-39,653
319,376	-40,308
319,391	-39,630
319,406	-39,252
319,421	-40,028
319,436	-40,022
319,451	-39,499
319,466	-40,350
319,481	-39,311
319,496	-39,655
319,511	-40,060
319,526	-39,522
319,541	-39,280
319,556	-39,590
319,571	-39,573
319,586	-40,013
319,601	-39,992
319,616	-40,291
319,631	-40,034
319,646	-39,496
319,661	-39,570
319,676	-40,341
319,691	-39,572
319,706	-40,358
319,721	-39,820
319,736	-39,422
319,751	-39,832
319,766	-39,826
319,781	-40,186
319,796	-40,139
319,811	-39,406
319,826	-40,272
319,841	-40,265
319,856	-39,963
319,871	-40,107
319,886	-39,755
319,901	-39,673
319,916	-40,364
319,932	-40,804
319,947	-40,943
319,962	-39,843
319,976	-40,935
319,991	-40,482
320,007	-40,040
320,022	-40,244
320,036	-40,899
320,051	-40,427
320,067	-40,997
320,082	-40,564
320,097	-40,774
320,111	-40,677
320,127	-39,868
320,142	-40,097
320,157	-40,011
320,172	-40,360
320,187	-40,810
320,202	-40,217
320,217	-41,144
320,232	-40,385
320,247	-40,203
320,262	-41,175
320,277	-40,907
320,292	-41,041
320,307	-40,609
320,322	-40,146
320,337	-41,107
320,352	-40,113
320,367	-40,864
320,382	-41,143
320,397	-40,395
320,412	-40,509
320,427	-40,537
320,442	-40,265
320,457	-40,961
320,472	-41,436
320,487	-41,334
320,502	-41,067
320,517	-40,474
320,532	-40,272
320,547	-40,486
320,562	-41,513
320,577	-40,890
320,592	-40,457
320,607	-40,972
320,622	-41,538
320,637	-40,704
320,652	-40,712
320,667	-41,378
320,682	-41,271
320,697	-40,834
320,712	-40,702
320,727	-40,785
320,742	-41,466
320,757	-41,109
320,772	-41,659
320,787	-41,171
320,802	-41,671
320,817	-40,993
320,832	-41,167
320,847	-41,542
320,862	-41,987
320,877	-41,118
320,892	-41,668
320,907	-41,210
320,922	-41,023
320,937	-42,170
320,952	-41,572
320,967	-42,388
320,982	-41,765
320,997	-41,102
321,012	-41,191
321,027	-41,074
321,042	-41,604
321,057	-41,969
321,072	-41,210
321,087	-42,011
321,102	-41,287
321,117	-41,381
321,132	-42,448
321,147	-41,374
321,162	-42,064
321,177	-42,208
321,192	-41,635
321,207	-41,905
321,222	-41,447
321,237	-42,539
321,252	-42,573
321,267	-41,774
321,282	-42,174
321,297	-41,726
321,312	-42,291
321,327	-42,576
321,342	-41,556
321,357	-41,876
321,372	-41,945
321,387	-42,375
321,402	-41,812
321,417	-42,156
321,432	-42,305
321,447	-42,053
321,462	-41,926
321,477	-41,970
321,492	-42,134
321,507	-43,121
321,522	-42,608
321,537	-42,642
321,552	-42,786
321,567	-42,754
321,582	-42,121
321,597	-42,009
321,612	-42,685
321,627	-42,192
321,642	-43,038
321,657	-42,585
321,672	-42,103
321,687	-42,317
321,702	-42,185
321,717	-42,745
321,732	-43,281
321,747	-42,808
321,762	-42,636
321,777	-42,484
321,792	-42,337
321,807	-42,993
321,822	-42,360
321,837	-43,441
321,852	-43,270
321,867	-42,446
321,882	-42,354
321,897	-42,408
321,912	-42,793
321,928	-43,157
321,942	-42,699
321,957	-43,310
321,973	-42,461
321,988	-42,806
322,002	-43,206
322,017	-43,656
322,033	-42,776
322,048	-42,855
322,062	-42,959
322,077	-43,816
322,093	-43,202
322,108	-42,865
322,123	-43,300
322,138	-43,002
322,153	-43,703
322,168	-42,839
322,183	-42,998
322,198	-43,529
322,213	-43,658
322,228	-43,024
322,243	-43,474
322,258	-43,889
322,273	-42,955
322,288	-43,224
322,303	-43,835
322,318	-43,868
322,333	-43,817
322,348	-43,921
322,363	-43,237
322,378	-43,161
322,393	-43,781
322,408	-43,860
322,423	-43,934
322,438	-44,269
322,453	-43,264
322,468	-43,338
322,483	-43,417
322,498	-43,431
322,513	-44,242
322,528	-43,824
322,543	-43,441
322,558	-43,771
322,573	-43,554
322,588	-44,079
322,603	-44,695
322,618	-44,297
322,633	-44,261
322,648	-43,733
322,663	-43,601
322,678	-44,282
322,693	-43,999
322,708	-43,853
322,723	-44,383
322,738	-43,745
322,753	-43,904
322,768	-44,760
322,783	-44,613
322,798	-43,900
322,813	-43,808
322,828	-44,433
322,843	-44,898
322,858	-44,069
322,873	-43,918
322,888	-44,383
322,903	-44,988
322,918	-44,285
322,933	-44,298
322,948	-44,372
322,963	-44,270
322,978	-44,986
322,993	-44,363
323,008	-44,382
323,023	-44,741
323,038	-44,670
323,053	-44,488
323,068	-44,938
323,083	-44,781
323,098	-44,754
323,113	-45,330
323,128	-44,666
323,143	-44,509
323,158	-44,543
323,173	-45,078
323,188	-45,789
323,203	-44,745
323,218	-45,581
323,233	-44,687
323,248	-44,550
323,263	-44,925
323,278	-44,783
323,293	-45,368
323,308	-45,372
323,323	-44,849
323,338	-44,722
323,353	-45,012
323,368	-44,885
323,383	-45,947
323,398	-45,344
323,413	-45,784
323,428	-45,025
323,443	-44,973
323,458	-45,293
323,473	-46,059
323,488	-45,671
323,503	-45,128
323,518	-45,072
323,533	-45,597
323,548	-45,756
323,563	-45,338
323,578	-45,262
323,593	-46,148
323,608	-45,354
323,623	-45,438
323,638	-45,627
323,653	-45,761
323,668	-45,660
323,683	-45,287
323,698	-46,364
323,713	-45,475
323,728	-46,055
323,743	-46,310
323,758	-45,476
323,773	-46,417
323,788	-46,301
323,803	-45,592
323,818	-45,686
323,833	-45,554
323,848	-45,693
323,863	-47,056
323,878	-45,856
323,893	-46,923
323,908	-45,823
323,923	-45,686
323,938	-46,292
323,954	-46,200
323,969	-47,076
323,983	-46,338
323,998	-46,216
324,014	-46,355
324,029	-45,927
324,043	-46,568
324,058	-46,958
324,074	-46,866
324,089	-47,206
324,103	-46,297
324,119	-46,987
324,134	-47,031
324,149	-46,438
324,164	-47,104
324,179	-46,987
324,194	-46,504
324,209	-46,794
324,224	-46,526
324,239	-47,393
324,254	-47,266
324,269	-46,658
324,284	-46,315
324,299	-47,272
324,314	-46,779
324,329	-46,441
324,344	-46,941
324,359	-47,517
324,374	-47,245
324,389	-46,847
324,404	-47,187
324,419	-46,819
324,434	-46,682
324,449	-47,534
324,464	-46,930
324,479	-46,904
324,494	-46,883
324,509	-46,911
324,524	-47,191
324,539	-47,581
324,554	-46,742
324,569	-47,994
324,584	-47,260
324,599	-47,043
324,614	-47,077
324,629	-47,291
324,644	-48,012
324,659	-47,660
324,674	-47,177
324,689	-47,381
324,704	-47,329
324,719	-47,589
324,734	-48,315
324,749	-48,203
324,764	-48,473
324,779	-47,318
324,794	-47,457
324,809	-47,746
324,824	-47,544
324,839	-48,736
324,854	-47,938
324,869	-47,580
324,884	-47,559
324,899	-47,221
324,914	-48,313
324,929	-48,237
324,944	-47,824
324,959	-47,828
324,974	-47,851
324,989	-48,903
325,004	-48,656
325,019	-48,023
325,034	-47,956
325,049	-48,190
325,064	-47,928
325,079	-48,087
325,094	-47,860
325,109	-48,922
325,124	-48,886
325,139	-48,378
325,154	-48,893
325,169	-48,475
325,184	-49,231
325,199	-48,733
325,214	-48,120
325,229	-48,946
325,244	-48,468
325,259	-48,377
325,274	-48,415
325,289	-48,449
325,304	-48,513
325,319	-49,239
325,334	-48,781
325,349	-49,482
325,364	-48,553
325,379	-48,451
325,394	-49,137
325,409	-49,376
325,424	-49,109
325,439	-49,278
325,454	-48,634
325,469	-48,869
325,484	-49,008
325,499	-48,931
325,513	-49,542
325,528	-49,124
325,543	-48,741
325,558	-49,071
325,573	-48,854
325,588	-49,379
325,603	-49,995
325,618	-49,597
325,633	-49,561
325,648	-49,033
325,663	-48,901
325,678	-49,582
325,693	-49,299
325,708	-49,153
325,723	-49,683
325,738	-49,045
325,753	-49,204
325,768	-50,060
325,783	-49,913
325,798	-49,200
325,813	-49,108
325,828	-49,733
325,843	-50,198
325,858	-49,369
325,873	-49,218
325,888	-49,683
325,903	-50,288
325,918	-49,585
325,933	-49,598
325,948	-49,672
325,963	-49,570
325,978	-50,286
325,993	-49,663
326,008	-49,682
326,023	-50,041
326,038	-49,970
326,053	-49,788
326,068	-50,238
326,083	-50,081
326,098	-50,054
326,113	-50,630
326,128	-49,966
326,143	-49,809
326,158	-49,843
326,173	-50,378
326,188	-51,089
326,203	-50,045
326,218	-50,881
326,233	-49,987
326,248	-49,850
326,263	-50,225
326,278	-50,083
326,293	-50,668
326,308	-50,672
326,323	-50,149
326,338	-50,022
326,353	-50,312
326,368	-50,185
326,383	-51,247
326,398	-50,644
326,413	-51,084
326,428	-50,325
326,443	-50,273
326,458	-50,593
326,473	-51,359
326,488	-50,971
326,503	-50,428
326,518	-50,372
326,533	-50,897
326,548	-51,056
326,563	-50,638
326,578	-50,562
326,593	-51,448
326,608	-50,654
326,623	-50,738
326,638	-50,927
326,653	-51,061
326,668	-50,960
326,683	-50,587
326,698	-51,664
326,713	-50,775
326,728	-51,355
326,743	-51,610
326,758	-50,776
326,773	-51,717
326,788	-51,601
326,803	-50,892
326,818	-50,986
326,833	-50,854
326,848	-50,993
326,863	-52,356
326,878	-51,156
326,893	-52,223
326,908	-51,123
326,923	-50,986
326,938	-51,592
326,954	-51,500
326,969	-52,376
326,983	-51,638
326,998	-51,516
327,014	-51,655
327,029	-51,227
327,043	-51,868
327,058	-52,258
327,074	-52,166
327,089	-52,506
327,103	-51,597
327,119	-52,287
327,134	-52,331
327,149	-51,738
327,164	-52,404
327,179	-52,287
327,194	-51,804
327,209	-52,094
327,224	-51,826
327,239	-52,693
327,254	-52,566
327,269	-51,958
327,284	-51,615
327,299	-52,572
327,314	-52,079
327,329	-51,741
327,344	-52,241
327,359	-52,817
327,374	-52,545
327,389	-52,147
327,404	-52,487
327,419	-52,119
327,434	-51,982
327,449	-52,834
327,464	-52,230
327,479	-52,204
327,494	-52,183
327,509	-52,211
327,524	-52,491
327,539	-52,881
327,554	-52,042
327,569	-53,294
327,584	-52,560
327,599	-52,343
327,614	-52,377
327,629	-52,591
327,644	-53,312
327,659	-52,960
327,674	-52,477
327,689	-52,681
327,704	-52,629
327,719	-52,889
327,734	-53,615
327,749	-53,503
327,764	-53,773
327,779	-52,618
327,794	-52,757
327,809	-53,046
327,824	-52,844
327,839	-54,036
327,854	-53,238
327,869	-52,880
327,884	-52,859
327,899	-52,521
327,914	-53,613
327,929	-53,537
327,944	-53,124
327,959	-53,128
327,974	-53,151
327,989	-54,203
328,004	-53,956
328,019	-53,323
328,034	-53,256
328,049	-53,490
328,064	-53,228
328,079	-53,387
328,094	-53,160
328,109	-54,222
328,124	-54,186
328,139	-53,678
328,154	-54,193
328,169	-53,775
328,184	-54,531
328,199	-54,033
328,214	-53,420
328,229	-54,246
328,244	-53,768
328,259	-53,677
328,274	-53,715
328,289	-53,749
328,304	-53,813
328,319	-54,539
328,334	-54,081
328,349	-54,782
328,364	-53,853
328,379	-53,751
328,394	-54,437
328,409	-54,676
328,424	-54,409
328,439	-54,578
328,454	-53,934
328,469	-54,169
328,484	-54,308
328,499	-54,231
328,514	-54,606
328,529	-54,299
328,544	-54,262
328,559	-54,391
328,574	-54,320
328,589	-54,795
328,604	-55,626
328,619	-54,877
328,634	-55,127
328,649	-54,478
328,664	-54,662
328,679	-54,721
328,694	-55,437
328,709	-55,606
328,724	-54,727
328,739	-54,605
328,754	-55,642
328,769	-54,517
328,784	-54,932
328,799	-54,775
328,814	-55,356
328,829	-56,061
328,844	-55,258
328,859	-55,066
328,875	-55,185
328,889	-55,359
328,904	-55,247
328,920	-55,948
328,935	-55,876
328,950	-55,845
328,964	-55,482
328,979	-55,797
328,995	-56,287
329,010	-55,654
329,024	-56,410
329,039	-55,721
329,055	-55,680
329,070	-56,120
329,084	-55,767
329,099	-56,172
329,115	-56,466
329,130	-55,898
329,145	-55,997
329,160	-55,785
329,175	-56,060
329,190	-56,866
329,205	-56,684
329,220	-56,778
329,235	-56,119
329,250	-56,038
329,265	-56,518
329,280	-56,321
329,295	-56,866
329,310	-57,070
329,325	-56,266
329,340	-56,436
329,355	-56,464
329,370	-56,583
329,385	-57,314
329,400	-56,856
329,415	-56,725
329,430	-56,548
329,445	-57,559
329,460	-57,413
329,475	-56,649
329,490	-56,733
329,505	-57,599
329,520	-57,929
329,535	-57,275
329,550	-56,787
329,565	-57,167
329,580	-57,727
329,595	-57,049
329,610	-56,952
329,625	-58,140
329,640	-57,215
329,655	-57,721
329,670	-56,972
329,685	-58,229
329,700	-57,852
329,715	-57,409
329,730	-57,272
329,745	-57,893
329,760	-57,415
329,775	-58,592
329,790	-57,964
329,805	-57,672
329,820	-57,715
329,835	-57,503
329,850	-57,763
329,865	-58,504
329,880	-57,770
329,895	-58,150
329,910	-57,968
329,925	-57,661
329,940	-58,025
329,955	-58,169
329,970	-58,384
329,985	-57,745
330,000	-57,879
