285,000	39,477
285,015	39,006
285,030	40,180
285,045	39,504
285,060	39,981
285,075	40,222
285,090	39,436
285,105	39,486
285,120	39,597
285,135	39,608
285,150	40,255
285,165	39,755
285,180	40,046
285,195	39,475
285,210	39,034
285,225	39,506
285,240	40,023
285,255	39,798
285,270	39,588
285,285	39,880
285,300	39,424
285,315	39,630
285,330	38,327
285,345	38,904
285,360	39,266
285,375	39,357
285,390	38,680
285,405	38,972
285,420	39,178
285,435	39,430
285,450	39,179
285,465	38,618
285,480	38,504
285,495	38,228
285,510	38,801
285,525	38,485
285,540	38,697
285,555	38,803
285,570	37,680
285,585	38,473
285,600	37,681
285,615	38,208
285,630	38,109
285,645	38,310
285,660	38,180
285,675	37,925
285,690	37,795
285,705	37,861
285,720	37,606
285,735	37,642
285,750	37,777
285,765	36,905
285,780	37,463
285,795	36,822
285,810	37,143
285,825	36,993
285,840	36,412
285,855	36,944
285,870	36,498
285,885	36,098
285,901	36,540
285,916	36,230
285,930	36,386
285,945	36,607
285,961	35,429
285,976	35,028
285,990	35,866
286,005	35,797
286,021	35,431
286,036	34,955
286,050	35,698
286,065	35,488
286,080	35,369
286,096	34,030
286,111	34,999
286,125	34,849
286,141	34,925
286,156	34,003
286,171	34,520
286,186	34,515
286,201	33,889
286,216	34,060
286,231	33,253
286,246	33,886
286,261	33,591
286,276	33,004
286,291	33,431
286,306	33,592
286,321	33,232
286,336	33,468
286,351	32,451
286,366	32,276
286,381	32,382
286,396	32,327
286,411	32,614
286,426	32,283
286,441	31,822
286,456	31,968
286,471	31,322
286,486	31,844
286,501	31,910
286,516	31,780
286,531	31,586
286,546	30,578
286,561	30,549
286,576	31,251
286,591	30,540
286,606	30,646
286,621	30,626
286,636	29,985
286,651	29,995
286,666	29,394
286,681	30,433
286,696	30,093
286,711	30,103
286,726	29,502
286,741	29,437
286,756	29,438
286,771	29,534
286,786	29,023
286,801	28,462
286,816	29,045
286,831	28,815
286,846	28,369
286,861	27,993
286,876	28,575
286,891	28,090
286,906	28,095
286,921	27,619
286,936	27,876
286,951	27,926
286,966	27,897
286,981	26,543
286,996	27,071
287,011	27,417
287,026	26,586
287,041	26,506
287,056	26,130
287,071	26,151
287,086	26,468
287,101	26,032
287,116	26,534
287,131	26,008
287,146	25,562
287,161	25,894
287,176	25,809
287,191	25,745
287,206	25,450
287,221	24,923
287,236	25,285
287,251	24,603
287,266	25,061
287,281	24,871
287,296	24,871
287,311	24,531
287,326	24,597
287,341	23,564
287,356	24,137
287,371	23,932
287,386	23,832
287,401	23,832
287,416	22,955
287,431	23,192
287,446	23,117
287,461	23,188
287,476	22,647
287,491	22,076
287,506	22,237
287,521	22,870
287,536	22,489
287,551	21,722
287,566	22,164
287,581	22,150
287,596	21,188
287,611	21,143
287,626	21,138
287,641	21,706
287,656	21,175
287,671	20,674
287,686	21,191
287,701	20,424
287,716	20,851
287,731	20,220
287,746	20,632
287,761	21,064
287,776	20,503
287,791	20,569
287,806	20,148
287,821	19,652
287,836	20,114
287,851	19,633
287,866	19,925
287,881	19,449
287,897	18,878
287,911	19,666
287,926	18,929
287,942	18,860
287,957	19,166
287,971	19,172
287,986	19,027
288,002	18,420
288,017	18,060
288,031	18,482
288,046	17,851
288,062	18,287
288,077	18,108
288,092	17,211
288,107	17,151
288,122	16,921
288,137	17,569
288,152	17,680
288,167	17,179
288,182	16,989
288,197	16,543
288,212	16,980
288,227	17,091
288,242	16,138
288,257	16,069
288,272	16,410
288,287	16,938
288,302	16,316
288,317	15,946
288,332	16,478
288,347	16,529
288,362	15,898
288,377	15,472
288,392	15,553
288,407	14,826
288,422	15,860
288,437	16,011
288,452	15,656
288,467	15,716
288,482	14,920
288,497	15,196
288,512	14,905
288,527	14,791
288,542	15,223
288,557	15,128
288,572	14,346
288,587	14,894
288,602	13,635
288,617	14,740
288,632	14,620
288,647	14,234
288,662	14,330
288,677	13,929
288,692	13,659
288,707	14,487
288,722	13,686
288,737	13,952
288,752	14,068
288,767	13,562
288,782	13,954
288,797	13,042
288,812	13,047
288,827	13,800
288,842	13,670
288,857	13,656
288,872	12,774
288,887	12,453
288,902	13,312
288,917	13,102
288,932	13,383
288,947	12,220
288,962	13,028
288,977	13,165
288,992	12,282
289,007	12,168
289,022	12,163
289,037	12,866
289,052	12,711
289,067	11,859
289,082	11,950
289,097	12,653
289,112	12,724
289,127	12,800
289,142	12,574
289,157	12,364
289,172	11,698
289,187	11,994
289,202	12,462
289,217	12,477
289,232	12,127
289,247	12,333
289,262	11,922
289,277	11,747
289,292	12,179
289,307	12,411
289,322	12,146
289,337	12,297
289,352	11,966
289,367	11,435
289,382	11,617
289,397	11,943
289,412	12,295
289,427	12,376
289,442	11,659
289,457	12,181
289,472	11,289
289,487	11,741
289,502	12,409
289,517	12,314
289,532	12,606
289,547	11,734
289,562	11,574
289,577	12,467
289,592	11,886
289,607	12,313
289,622	12,424
289,637	11,782
289,652	12,495
289,667	12,260
289,682	12,632
289,697	12,527
289,712	12,192
289,727	12,463
289,742	12,594
289,757	12,801
289,772	12,049
289,787	12,731
289,802	12,893
289,817	12,953
289,832	12,322
289,847	13,175
289,862	12,053
289,877	13,182
289,892	13,253
289,907	13,328
289,923	13,419
289,937	13,199
289,952	12,784
289,967	13,371
289,983	12,815
289,998	13,804
290,012	13,478
290,027	13,459
290,043	13,439
290,058	12,758
290,072	13,872
290,088	13,822
290,103	14,023
290,118	14,255
290,133	13,704
290,148	13,363
290,163	14,312
290,178	13,766
290,193	14,539
290,208	14,800
290,223	14,154
290,238	14,210
290,253	14,300
290,268	14,115
290,283	14,894
290,298	15,320
290,313	15,080
290,328	15,231
290,343	14,204
290,358	15,373
290,373	15,284
290,388	15,515
290,403	15,290
290,418	15,727
290,433	15,757
290,448	15,783
290,463	15,523
290,478	15,920
290,493	15,925
290,508	15,981
290,523	15,661
290,538	15,566
290,553	15,737
290,568	16,215
290,583	15,879
290,598	15,579
290,613	15,128
290,628	16,031
290,643	15,510
290,658	16,183
290,673	15,411
290,688	16,018
290,703	15,894
290,718	15,965
290,733	16,061
290,748	15,505
290,763	15,164
290,778	15,190
290,793	15,567
290,808	15,577
290,823	15,618
290,838	14,791
290,853	15,198
290,868	14,486
290,883	15,009
290,898	14,758
290,913	14,559
290,928	13,737
290,943	13,832
290,958	13,667
290,973	13,718
290,988	13,393
291,003	13,474
291,018	13,159
291,033	12,357
291,048	12,317
291,063	11,736
291,078	11,717
291,093	11,883
291,108	11,302
291,123	11,242
291,138	10,300
291,153	10,957
291,168	10,812
291,183	9,775
291,198	9,169
291,213	10,042
291,228	9,631
291,243	9,331
291,258	8,093
291,273	8,906
291,288	8,420
291,303	7,944
291,318	7,243
291,333	7,650
291,348	6,768
291,363	6,763
291,378	6,413
291,393	6,759
291,408	6,604
291,423	5,973
291,438	5,246
291,453	5,202
291,468	5,348
291,483	5,509
291,498	5,139
291,513	5,380
291,528	5,010
291,543	4,453
291,558	4,559
291,573	4,530
291,588	4,385
291,603	4,280
291,618	3,569
291,633	3,203
291,648	3,099
291,663	3,069
291,678	3,551
291,693	3,461
291,708	2,815
291,723	3,046
291,738	2,044
291,753	2,697
291,768	2,727
291,783	2,231
291,798	2,483
291,813	1,932
291,828	1,937
291,843	2,018
291,858	2,049
291,873	2,009
291,889	0,952
291,903	1,128
291,918	1,856
291,933	1,315
291,949	0,844
291,964	1,130
291,978	1,522
291,993	1,443
292,009	1,223
292,024	0,827
292,038	0,868
292,053	0,959
292,068	0,824
292,084	0,413
292,099	-0,263
292,114	0,364
292,129	-0,051
292,144	0,541
292,159	0,722
292,174	0,141
292,189	0,528
292,204	-0,174
292,219	-0,359
292,234	-0,233
292,249	-0,197
292,264	0,275
292,279	0,205
292,294	-0,622
292,309	-0,440
292,324	-0,891
292,339	-0,339
292,354	-0,268
292,369	-0,302
292,384	-0,257
292,399	-0,336
292,414	-1,444
292,429	-0,320
292,444	-1,147
292,459	-0,304
292,474	-0,363
292,489	-1,075
292,504	-1,415
292,519	-1,690
292,534	-1,118
292,549	-0,606
292,564	-1,212
292,579	-0,760
292,594	-1,497
292,609	-1,065
292,624	-1,400
292,639	-1,109
292,654	-1,580
292,669	-1,524
292,684	-1,348
292,699	-1,267
292,714	-2,224
292,729	-1,145
292,744	-1,235
292,759	-1,525
292,774	-2,146
292,789	-1,624
292,804	-1,302
292,819	-1,633
292,834	-2,269
292,849	-1,516
292,864	-1,506
292,879	-1,991
292,894	-2,307
292,909	-1,724
292,924	-2,536
292,939	-1,783
292,954	-1,803
292,969	-2,514
292,984	-2,158
292,999	-2,769
293,014	-2,538
293,029	-1,730
293,044	-2,185
293,059	-1,884
293,074	-2,405
293,089	-2,244
293,104	-2,218
293,119	-2,980
293,134	-1,986
293,149	-2,186
293,164	-2,928
293,179	-2,411
293,194	-2,505
293,209	-2,505
293,224	-2,238
293,239	-2,147
293,254	-2,227
293,269	-3,134
293,284	-2,807
293,299	-2,611
293,314	-2,465
293,329	-2,369
293,344	-2,745
293,359	-2,804
293,374	-2,468
293,389	-2,517
293,404	-3,008
293,419	-2,576
293,434	-2,861
293,449	-2,821
293,464	-3,427
293,479	-2,739
293,494	-2,724
293,509	-2,578
293,524	-2,386
293,539	-3,379
293,554	-2,510
293,569	-2,675
293,584	-3,322
293,599	-3,311
293,614	-2,663
293,629	-2,803
293,644	-2,843
293,659	-3,319
293,674	-3,649
293,689	-3,097
293,704	-2,961
293,719	-2,975
293,734	-2,829
293,749	-3,159
293,764	-3,525
293,779	-3,389
293,794	-3,418
293,809	-2,871
293,824	-3,101
293,839	-3,848
293,854	-3,506
293,869	-3,922
293,884	-3,354
293,899	-3,098
293,914	-3,012
293,930	-3,182
293,945	-3,196
293,959	-3,848
293,974	-3,632
293,990	-3,777
294,005	-3,284
294,019	-3,319
294,034	-3,900
294,050	-3,488
294,065	-3,543
294,079	-3,587
294,094	-3,276
294,110	-3,671
294,125	-3,525
294,140	-3,695
294,155	-3,564
294,170	-4,160
294,185	-4,415
294,200	-3,602
294,215	-3,321
294,230	-4,368
294,245	-3,415
294,260	-4,347
294,275	-4,071
294,290	-3,568
294,305	-3,889
294,320	-3,647
294,335	-3,577
294,350	-4,398
294,365	-3,495
294,380	-4,302
294,395	-3,634
294,410	-3,634
294,425	-3,909
294,440	-4,360
294,455	-4,680
294,470	-4,233
294,485	-3,736
294,500	-3,665
294,515	-3,639
294,530	-4,015
294,545	-4,440
294,560	-3,908
294,575	-3,762
294,590	-3,972
294,605	-3,741
294,620	-3,986
294,635	-4,367
294,650	-4,667
294,665	-3,959
294,680	-4,014
294,695	-3,812
294,710	-3,781
294,725	-3,716
294,740	-4,633
294,755	-4,311
294,770	-3,789
294,785	-3,663
294,800	-4,610
294,815	-4,434
294,830	-3,992
294,845	-3,952
294,860	-4,116
294,875	-4,823
294,890	-4,025
294,905	-3,674
294,920	-4,149
294,935	-4,389
294,950	-4,208
294,965	-3,957
294,980	-4,227
294,995	-3,981
295,010	-4,722
295,025	-4,651
295,040	-3,939
295,055	-4,490
295,070	-3,581
295,085	-4,528
295,100	-4,548
295,115	-3,635
295,130	-4,607
295,145	-4,396
295,160	-3,723
295,175	-3,778
295,190	-3,797
295,205	-3,852
295,220	-4,387
295,235	-3,554
295,250	-4,461
295,265	-3,633
295,280	-3,693
295,295	-4,144
295,310	-3,376
295,325	-4,584
295,340	-3,821
295,355	-3,374
295,370	-3,614
295,385	-3,473
295,400	-3,839
295,415	-4,254
295,430	-3,627
295,445	-4,589
295,460	-3,670
295,475	-3,409
295,490	-3,955
295,505	-3,950
295,520	-3,984
295,535	-3,622
295,550	-3,271
295,565	-3,491
295,580	-3,776
295,595	-3,133
295,610	-3,429
295,625	-3,518
295,640	-3,162
295,655	-3,071
295,670	-3,160
295,685	-3,892
295,700	-3,069
295,715	-3,735
295,730	-2,867
295,745	-3,558
295,760	-2,996
295,775	-3,041
295,790	-3,391
295,805	-3,626
295,820	-3,330
295,835	-2,812
295,850	-2,847
295,865	-2,776
295,880	-2,770
295,895	-3,001
295,911	-3,256
295,925	-3,310
295,940	-2,823
295,955	-2,672
295,971	-3,153
295,986	-2,711
296,000	-3,207
296,015	-2,720
296,031	-2,538
296,046	-2,749
296,060	-2,096
296,075	-2,617
296,091	-2,300
296,106	-2,540
296,121	-3,152
296,136	-2,253
296,151	-2,012
296,166	-2,693
296,181	-2,407
296,196	-2,898
296,211	-2,737
296,226	-3,057
296,241	-2,254
296,256	-2,349
296,271	-2,589
296,286	-2,247
296,301	-1,750
296,316	-2,030
296,331	-2,837
296,346	-1,984
296,361	-2,364
296,376	-2,223
296,391	-2,669
296,406	-2,749
296,421	-1,886
296,436	-2,271
296,451	-1,604
296,466	-1,894
296,481	-1,843
296,496	-1,546
296,511	-2,474
296,526	-1,510
296,541	-1,660
296,556	-2,086
296,571	-2,250
296,586	-2,084
296,601	-2,174
296,616	-1,647
296,631	-1,451
296,646	-1,435
296,661	-1,846
296,676	-2,005
296,691	-2,160
296,706	-1,392
296,721	-1,592
296,736	-1,376
296,751	-1,651
296,766	-2,388
296,781	-1,469
296,796	-2,462
296,811	-1,217
296,826	-1,207
296,841	-1,512
296,856	-1,301
296,871	-2,303
296,886	-1,189
296,901	-1,279
296,916	-1,780
296,931	-1,162
296,946	-1,111
296,961	-1,407
296,976	-1,848
296,991	-0,999
297,006	-0,924
297,021	-1,374
297,036	-1,359
297,051	-0,967
297,066	-0,801
297,081	-1,126
297,096	-1,527
297,111	-1,064
297,126	-1,084
297,141	-1,048
297,156	-1,624
297,171	-0,982
297,186	-0,750
297,201	-1,317
297,216	-0,840
297,231	-1,065
297,246	-0,778
297,261	-1,354
297,276	-1,228
297,291	-0,982
297,306	-0,580
297,321	-0,695
297,336	-0,955
297,351	-1,165
297,366	-1,179
297,381	-1,565
297,396	-0,727
297,411	-0,701
297,426	-1,102
297,441	-0,384
297,456	-1,121
297,471	-1,591
297,486	-0,412
297,501	-0,396
297,516	-0,466
297,531	-0,882
297,546	-0,946
297,561	-0,464
297,576	-1,432
297,591	-0,423
297,606	-0,272
297,621	-0,266
297,636	-1,244
297,651	-0,832
297,666	-0,856
297,681	-0,234
297,696	-0,072
297,711	-0,067
297,726	-0,693
297,741	-0,813
297,756	0,030
297,771	0,006
297,786	-0,946
297,801	-0,143
297,816	-0,123
297,831	0,224
297,846	-0,593
297,861	-0,417
297,876	0,105
297,891	0,292
297,906	-0,610
297,921	-0,103
297,937	-0,604
297,952	0,199
297,966	0,350
297,981	0,180
297,997	0,366
298,012	0,387
298,026	-0,114
298,041	0,524
298,057	-0,459
298,072	0,239
298,087	0,676
298,102	0,667
298,116	0,838
298,132	0,066
298,147	0,132
298,162	0,639
298,177	0,494
298,192	0,931
298,207	0,270
298,222	0,506
298,237	0,968
298,252	0,507
298,267	0,809
298,282	1,326
298,297	0,700
298,312	1,197
298,327	0,957
298,342	1,133
298,357	1,033
298,372	1,315
298,387	1,426
298,402	1,587
298,417	0,900
298,432	1,698
298,447	1,624
298,462	1,499
298,477	0,862
298,492	1,520
298,507	1,676
298,522	1,512
298,537	1,969
298,552	2,220
298,567	2,371
298,582	2,326
298,597	2,061
298,612	2,027
298,627	2,599
298,642	2,981
298,657	2,911
298,672	2,460
298,687	3,584
298,702	3,670
298,717	3,139
298,732	3,602
298,747	4,294
298,762	4,706
298,777	5,299
298,792	5,043
298,807	5,305
298,822	6,429
298,837	8,080
298,852	8,797
298,867	11,276
298,882	13,082
298,897	15,981
298,912	20,050
298,927	24,940
298,942	31,055
298,957	37,616
298,972	44,322
298,987	52,508
299,002	59,786
299,017	68,724
299,032	78,901
299,047	87,658
299,062	97,991
299,077	107,495
299,092	116,794
299,107	126,530
299,122	135,689
299,137	144,457
299,152	152,176
299,167	158,014
299,182	163,312
299,197	166,442
299,212	169,321
299,227	169,658
299,242	167,547
299,257	164,147
299,272	160,517
299,287	155,567
299,302	151,310
299,317	146,059
299,332	141,917
299,347	137,203
299,362	131,762
299,377	126,707
299,392	122,590
299,407	118,021
299,422	113,744
299,437	109,938
299,452	105,841
299,467	101,368
299,482	97,582
299,497	94,333
299,512	90,045
299,527	87,553
299,542	84,258
299,557	81,049
299,572	77,383
299,587	74,676
299,602	71,792
299,617	69,481
299,632	67,044
299,647	64,562
299,662	61,909
299,677	59,262
299,692	56,845
299,707	55,381
299,722	53,150
299,737	51,445
299,752	49,545
299,767	46,732
299,782	45,439
299,797	43,604
299,812	42,616
299,827	41,217
299,842	39,884
299,857	38,265
299,872	36,289
299,887	35,227
299,902	34,259
299,917	33,277
299,933	31,994
299,947	30,555
299,962	29,381
299,978	28,885
299,993	27,738
300,007	25,752
300,022	26,003
300,038	25,307
300,053	24,370
300,067	23,046
300,083	22,656
300,098	21,969
300,113	21,172
300,128	19,894
300,143	19,849
300,158	18,551
300,173	18,231
300,188	17,474
300,203	17,404
300,218	16,788
300,233	16,358
300,248	15,791
300,263	15,240
300,278	14,474
300,293	13,938
300,308	13,838
300,323	12,901
300,338	13,017
300,353	12,937
300,368	12,250
300,383	12,321
300,398	11,048
300,413	10,893
300,428	10,803
300,443	10,322
300,458	10,559
300,473	10,053
300,488	9,030
300,503	9,432
300,518	8,555
300,533	9,233
300,548	8,662
300,563	8,051
300,578	8,583
300,593	6,913
300,608	7,375
300,623	7,737
300,638	7,236
300,653	7,432
300,668	6,475
300,683	6,987
300,698	6,903
300,713	6,658
300,728	5,795
300,743	6,283
300,758	6,163
300,773	5,541
300,788	5,286
300,803	5,332
300,818	5,749
300,833	5,509
300,848	5,314
300,863	5,234
300,878	5,225
300,893	4,914
300,908	4,193
300,923	4,610
300,938	4,641
300,953	4,210
300,968	3,809
300,983	3,780
300,998	3,981
301,013	4,328
301,028	4,243
301,043	4,028
301,058	3,953
301,073	3,688
301,088	3,764
301,103	3,956
301,118	3,836
301,133	3,586
301,148	3,606
301,163	2,779
301,178	3,101
301,193	2,590
301,208	3,307
301,223	3,268
301,238	3,083
301,253	3,129
301,268	2,382
301,283	2,508
301,298	3,116
301,313	2,595
301,328	2,886
301,343	2,626
301,358	2,687
301,373	2,366
301,388	2,648
301,403	2,553
301,418	2,664
301,433	1,907
301,448	2,425
301,463	2,576
301,478	2,200
301,493	1,544
301,508	2,342
301,523	1,615
301,538	2,323
301,553	1,637
301,568	2,174
301,583	1,412
301,598	1,970
301,613	2,061
301,628	1,264
301,643	2,107
301,658	1,390
301,673	1,566
301,688	1,878
301,703	2,159
301,718	2,376
301,733	1,443
301,748	1,013
301,763	0,983
301,778	0,969
301,793	1,571
301,808	1,792
301,823	1,206
301,838	1,207
301,853	1,213
301,868	0,366
301,884	1,490
301,898	1,651
301,913	1,616
301,928	1,492
301,943	1,302
301,959	0,736
301,974	1,584
301,988	1,238
302,003	1,364
302,019	1,470
302,034	0,367
302,048	0,965
302,063	0,725
302,079	1,237
302,094	1,263
302,109	1,308
302,124	0,732
302,139	1,074
302,154	1,170
302,169	1,316
302,184	0,384
302,199	1,036
302,214	0,992
302,229	1,178
302,244	0,306
302,259	0,592
302,274	1,135
302,289	0,864
302,304	0,163
302,319	0,525
302,334	1,027
302,349	0,471
302,364	0,878
302,379	0,522
302,394	0,979
302,409	0,950
302,424	0,158
302,439	0,630
302,454	0,350
302,469	0,781
302,484	1,078
302,499	0,512
302,514	0,964
302,529	0,438
302,544	0,023
302,559	0,981
302,574	0,089
302,589	0,737
302,604	0,928
302,619	0,683
302,634	0,247
302,649	-0,264
302,664	0,514
302,679	0,740
302,694	0,630
302,709	0,887
302,724	0,532
302,739	0,186
302,754	0,563
302,769	0,784
302,784	0,684
302,799	0,675
302,814	0,164
302,829	0,711
302,844	0,286
302,859	0,346
302,874	0,507
302,889	0,558
302,904	-0,158
302,919	0,650
302,934	0,535
302,949	0,044
302,964	0,496
302,979	0,587
302,994	0,588
303,009	-0,254
303,024	0,383
303,039	0,564
303,054	0,089
303,069	0,475
303,084	0,210
303,099	-0,376
303,114	0,111
303,129	-0,014
303,144	0,253
303,159	0,549
303,174	0,545
303,189	0,656
303,204	0,050
303,219	-0,421
303,234	0,407
303,249	0,297
303,264	0,519
303,279	0,409
303,294	-0,699
303,309	-0,076
303,324	-0,261
303,339	0,241
303,354	0,382
303,369	-0,425
303,384	0,458
303,399	0,018
303,414	-0,142
303,429	0,380
303,444	0,009
303,459	0,351
303,474	0,507
303,489	-0,114
303,504	-0,028
303,519	-0,790
303,534	0,209
303,549	0,320
303,564	-0,282
303,579	0,050
303,594	-0,321
303,609	0,262
303,624	0,197
303,639	-0,484
303,654	0,259
303,669	0,294
303,684	-0,608
303,699	-0,101
303,714	-0,300
303,729	0,352
303,744	0,217
303,759	-0,228
303,774	0,274
303,789	0,169
303,804	-0,512
303,819	0,120
303,834	-0,436
303,849	0,282
303,864	0,433
303,879	-0,163
303,894	-0,193
303,909	-0,468
303,925	-0,367
303,940	0,416
303,954	0,306
303,969	-0,561
303,985	-0,119
304,000	-0,274
304,014	-0,158
304,029	-0,333
304,045	0,185
304,060	0,456
304,075	-0,251
304,089	-0,370
304,105	0,247
304,120	-0,108
304,135	-0,012
304,150	0,204
304,165	-1,039
304,180	-0,256
304,195	-0,928
304,210	0,091
304,225	0,077
304,240	-0,610
304,255	0,364
304,270	-0,398
304,285	-0,367
304,300	0,105
304,315	0,081
304,330	0,227
304,345	-0,304
304,360	-0,580
304,375	0,283
304,390	0,189
304,405	-0,683
304,420	-0,016
304,435	0,186
304,450	-0,210
304,465	-0,761
304,480	-0,450
304,495	-0,002
304,510	-0,343
304,525	0,204
304,540	-0,352
304,555	0,446
304,570	0,231
304,585	-0,450
304,600	-0,429
304,615	0,058
304,630	0,159
304,645	0,144
304,660	-0,191
304,675	-0,687
304,690	0,211
304,705	0,433
304,720	0,037
304,735	0,138
304,750	-0,754
304,765	-0,307
304,780	-0,517
304,795	0,351
304,810	0,116
304,825	0,412
304,840	-0,690
304,855	-0,128
304,870	-0,619
304,885	0,254
304,900	0,215
304,915	0,396
304,930	0,397
304,945	0,046
304,960	-0,530
304,975	-0,605
304,990	-0,228
305,005	0,300
305,020	-0,673
305,035	-0,647
305,050	-0,521
305,065	-0,049
305,080	0,353
305,095	-0,188
305,110	-0,629
305,125	0,355
305,140	0,566
305,155	0,431
305,170	-0,240
305,185	-0,019
305,200	0,403
305,215	0,383
305,230	-0,614
305,245	0,184
305,260	-0,272
305,275	0,075
305,290	-0,486
305,305	-0,014
305,320	0,478
305,335	-0,033
305,350	-0,348
305,365	0,104
305,380	-0,116
305,395	0,331
305,410	0,316
305,425	0,016
305,440	0,493
305,455	-0,575
305,470	0,409
305,485	0,329
305,500	0,505
305,515	0,446
305,530	0,221
305,545	0,021
305,560	0,367
305,575	-0,103
305,590	0,344
305,605	0,339
305,620	-0,006
305,635	-0,316
305,650	-0,521
305,665	0,106
305,680	0,553
305,695	-0,359
305,710	0,489
305,725	0,058
305,740	-0,081
305,755	0,260
305,770	0,401
305,785	0,347
305,800	0,031
305,815	-0,314
305,830	0,153
305,845	0,404
305,860	-0,247
305,875	-0,813
305,890	0,361
305,906	0,497
305,921	-0,004
305,935	-0,249
305,950	0,304
305,966	0,294
305,981	-0,222
305,995	-0,196
306,010	0,331
306,026	0,096
306,041	-0,510
306,055	0,353
306,070	0,348
306,086	0,103
306,101	-0,448
306,116	-0,422
306,131	-0,792
306,146	0,362
306,161	0,332
306,176	0,544
306,191	0,288
306,206	-0,218
306,221	-0,388
306,236	0,526
306,251	-0,065
306,266	0,577
306,281	0,352
306,296	-0,520
306,311	-0,008
306,326	-0,368
306,341	0,124
306,356	0,381
306,371	-0,050
306,386	0,206
306,401	-0,531
306,416	-0,304
306,431	0,283
306,446	-0,263
306,461	0,204
306,476	0,305
306,491	-0,065
306,506	-0,516
306,521	-0,450
306,536	0,548
306,551	0,439
306,566	-0,474
306,581	0,219
306,596	0,310
306,611	-0,351
306,626	0,256
306,641	0,237
306,656	0,327
306,671	-0,349
306,686	-0,308
306,701	-0,323
306,716	0,320
306,731	0,426
306,746	-0,476
306,761	-0,119
306,776	0,398
306,791	0,298
306,806	-0,258
306,821	0,159
306,836	0,189
306,851	0,280
306,866	0,396
306,881	-0,290
306,896	-0,189
306,911	-0,444
306,926	0,168
306,941	0,274
306,956	0,350
306,971	-0,191
306,986	-0,135
307,001	-0,426
307,016	0,272
307,031	-0,284
307,046	0,379
307,061	0,575
307,076	0,014
307,091	-0,166
307,106	0,200
307,121	-0,396
307,136	0,202
307,151	0,137
307,166	-0,519
307,181	-0,077
307,196	-0,443
307,211	-0,131
307,226	0,271
307,241	0,271
307,256	-0,245
307,271	-0,816
307,286	0,589
307,301	0,444
307,316	0,345
307,331	-0,322
307,346	0,055
307,361	0,492
307,376	-0,535
307,391	-0,550
307,406	0,323
307,421	0,349
307,436	-0,363
307,451	0,180
307,466	0,085
307,481	-0,637
307,496	0,327
307,511	-0,505
307,526	0,168
307,541	0,274
307,556	-0,277
307,571	-0,367
307,586	-0,060
307,601	-0,070
307,616	0,427
307,631	0,283
307,646	0,153
307,661	0,379
307,676	-0,699
307,691	-0,402
307,706	-0,838
307,721	0,502
307,736	-0,230
307,751	-0,334
307,766	-0,248
307,781	-0,519
307,796	-0,623
307,811	0,230
307,826	0,401
307,841	0,045
307,856	-0,094
307,871	-0,791
307,886	-0,158
307,901	0,204
307,916	0,385
307,932	0,355
307,947	-0,261
307,962	-0,396
307,976	-0,350
307,991	0,313
308,007	0,288
308,022	-0,464
308,036	0,013
308,051	0,511
308,067	0,280
308,082	-0,817
308,097	-0,511
308,111	0,142
308,127	0,173
308,142	-0,133
308,157	-0,293
308,172	-0,362
308,187	0,005
308,202	0,371
308,217	-0,807
308,232	-0,270
308,247	0,298
308,262	-0,308
308,277	0,399
308,292	0,245
308,307	-0,041
308,322	0,376
308,337	-0,054
308,352	-0,771
308,367	0,293
308,382	-0,163
308,397	0,284
308,412	0,184
308,427	-0,231
308,442	0,271
308,457	-0,491
308,472	0,122
308,487	0,183
308,502	0,369
308,517	0,424
308,532	-0,302
308,547	-0,567
308,562	0,386
308,577	-0,285
308,592	0,177
308,607	0,027
308,622	-0,394
308,637	-0,634
308,652	-0,603
308,667	-0,553
308,682	0,065
308,697	-0,160
308,712	0,352
308,727	-0,379
308,742	-0,248
308,757	0,284
308,772	-0,237
308,787	-0,547
308,802	0,301
308,817	0,186
308,832	-0,014
308,847	-0,415
308,862	-0,018
308,877	0,279
308,892	0,294
308,907	-0,583
308,922	-0,582
308,937	-0,732
308,952	-0,089
308,967	0,343
308,982	0,238
308,997	0,209
309,012	-0,112
309,027	-0,292
309,042	-0,873
309,057	-0,737
309,072	0,282
309,087	-0,004
309,102	-0,459
309,117	-0,308
309,132	-0,819
309,147	-0,462
309,162	0,055
309,177	0,146
309,192	0,176
309,207	-0,605
309,222	-0,580
309,237	-0,083
309,252	-0,508
309,267	0,235
309,282	0,110
309,297	-0,401
309,312	0,146
309,327	-0,656
309,342	-0,399
309,357	0,053
309,372	0,018
309,387	-0,011
309,402	-0,216
309,417	-0,637
309,432	0,021
309,447	0,031
309,462	-0,043
309,477	-0,017
309,492	-0,238
309,507	-0,136
309,522	0,335
309,537	-0,321
309,552	-0,024
309,567	-0,234
309,582	0,167
309,597	-0,163
309,612	-0,523
309,627	0,450
309,642	0,155
309,657	-0,050
309,672	0,246
309,687	-0,059
309,702	-0,690
309,717	-0,554
309,732	-0,448
309,747	0,029
309,762	0,230
309,777	0,090
309,792	0,091
309,807	-0,721
309,822	-0,730
309,837	0,188
309,852	0,154
309,867	0,260
309,882	-0,327
309,897	-0,582
309,912	-0,401
309,928	-0,460
309,942	0,022
309,957	0,283
309,973	-0,348
309,988	-0,056
310,002	-0,583
310,017	-0,472
310,033	0,071
310,048	-0,209
310,062	0,323
310,077	-0,263
310,093	-0,518
310,108	-0,237
310,123	-0,648
310,138	0,085
310,153	0,111
310,168	-0,611
310,183	-0,570
310,198	-0,770
310,213	0,033
310,228	-0,092
310,243	-0,442
310,258	-0,507
310,273	0,161
310,288	0,021
310,303	-0,189
310,318	-0,610
310,333	0,173
310,348	0,124
310,363	-0,106
310,378	0,095
310,393	-0,291
310,408	-0,405
310,423	0,132
310,438	0,117
310,453	0,118
310,468	-0,308
310,483	-1,195
310,498	-0,046
310,513	-0,747
310,528	-0,024
310,543	-0,079
310,558	-0,725
310,573	-0,032
310,588	-0,654
310,603	-0,789
310,618	-0,086
310,633	0,206
310,648	-0,175
310,663	-0,320
310,678	-0,821
310,693	-0,454
310,708	-0,478
310,723	-0,066
310,738	-0,171
310,753	-0,060
310,768	-0,345
310,783	-0,791
310,798	-0,660
310,813	0,289
310,828	-0,002
310,843	0,139
310,858	0,004
310,873	-0,823
310,888	-0,009
310,903	0,217
310,918	-0,113
310,933	-0,062
310,948	-0,177
310,963	0,019
310,978	-0,166
310,993	-0,436
311,008	-0,712
311,023	-0,034
311,038	0,117
311,053	-0,499
311,068	-0,885
311,083	-0,423
311,098	-0,216
311,113	-0,130
311,128	0,001
311,143	-0,455
311,158	-0,781
311,173	-0,389
311,188	-0,524
311,203	-0,006
311,218	-0,181
311,233	-0,803
311,248	-0,085
311,263	-0,892
311,278	-0,550
311,293	-0,138
311,308	-0,077
311,323	0,014
311,338	-0,532
311,353	-0,983
311,368	-0,080
311,383	-0,887
311,398	0,022
311,413	-0,233
311,428	-0,358
311,443	-0,072
311,458	-0,718
311,473	-0,647
311,488	-0,045
311,503	-0,340
311,518	-0,119
311,533	-0,163
311,548	-0,825
311,563	-0,418
311,578	-0,487
311,593	-0,106
311,608	-0,115
311,623	-0,420
311,638	-0,761
311,653	-0,550
311,668	-0,770
311,683	0,194
311,698	-0,497
311,713	-0,663
311,728	-0,246
311,743	0,036
311,758	-0,901
311,773	-0,414
311,788	-0,218
311,803	-0,037
311,818	-0,558
311,833	-0,577
311,848	-0,777
311,863	-0,937
311,878	-0,034
311,893	-0,871
311,908	-0,037
311,923	-0,939
311,938	-0,884
311,954	-0,673
311,969	-0,266
311,983	-0,395
311,998	-0,069
312,014	-0,394
312,029	-1,036
312,043	-0,759
312,058	-0,904
312,074	-0,196
312,089	-0,226
312,103	-0,225
312,119	-0,315
312,134	-0,520
312,149	-0,188
312,164	-0,092
312,179	-0,433
312,194	-0,643
312,209	-0,537
312,224	-1,032
312,239	-0,666
312,254	-0,786
312,269	-0,158
312,284	-0,278
312,299	-0,553
312,314	-0,126
312,329	-0,918
312,344	-0,727
312,359	-0,054
312,374	-0,144
312,389	-0,138
312,404	-1,070
312,419	-0,342
312,434	-0,161
312,449	-0,141
312,464	-1,023
312,479	-0,756
312,494	0,052
312,509	-0,369
312,524	-0,935
312,539	-0,342
312,554	0,050
312,569	-0,030
312,584	-0,857
312,599	-1,203
312,614	-0,079
312,629	-0,459
312,644	-1,151
312,659	-0,052
312,674	-0,091
312,689	-0,577
312,704	-1,088
312,719	-0,184
312,734	-0,374
312,749	-0,058
312,764	-0,017
312,779	-0,152
312,794	0,074
312,809	-0,768
312,824	-0,642
312,839	-0,867
312,854	-0,726
312,869	-0,063
312,884	-0,574
312,899	-1,275
312,914	-0,728
312,929	-0,823
312,944	-0,065
312,959	-0,034
312,974	0,012
312,989	-0,274
313,004	-0,614
313,019	-0,854
313,034	-0,197
313,049	-0,467
313,064	-0,200
313,079	-0,130
313,094	-0,931
313,109	-0,921
313,124	-0,403
313,139	-0,127
313,154	-0,277
313,169	-0,442
313,184	-0,015
313,199	-0,064
313,214	-0,445
313,229	-0,299
313,244	-0,830
313,259	-0,192
313,274	-1,049
313,289	-1,149
313,304	-0,266
313,319	-0,666
313,334	-0,656
313,349	-0,103
313,364	-0,389
313,379	-0,112
313,394	-0,387
313,409	-0,648
313,424	-0,281
313,439	-0,892
313,454	-0,104
313,469	-0,214
313,484	-1,041
313,499	-0,554
313,514	-0,728
313,529	-0,081
313,544	0,045
313,559	-0,280
313,574	-0,244
313,589	-1,001
313,604	-0,920
313,619	-0,188
313,634	-0,297
313,649	-0,116
313,664	-0,371
313,679	-1,459
313,694	-0,465
313,709	-1,056
313,724	-0,424
313,739	-0,238
313,754	-0,443
313,769	-0,939
313,784	-0,707
313,799	-1,268
313,814	-0,400
313,829	-0,284
313,844	-0,605
313,859	-1,141
313,875	-0,929
313,889	-0,367
313,904	-0,091
313,920	-1,173
313,935	-1,017
313,950	-0,264
313,964	-0,454
313,979	-0,920
313,995	-1,030
314,010	-0,387
314,024	-0,477
314,039	-0,792
314,055	-0,551
314,070	-0,751
314,084	-0,685
314,099	-0,258
314,115	-0,608
314,130	-0,207
314,145	-0,286
314,160	-0,772
314,175	-0,651
314,190	-0,896
314,205	-0,238
314,220	-0,454
314,235	-0,664
314,250	-0,292
314,265	-0,843
314,280	-0,481
314,295	-0,180
314,310	-0,340
314,325	-0,193
314,340	-0,178
314,355	-0,859
314,370	-0,798
314,385	-1,159
314,400	-0,556
314,415	-0,380
314,430	-0,620
314,445	0,017
314,460	-0,529
314,475	-0,528
314,490	-0,583
314,505	-0,166
314,520	-0,341
314,535	-0,295
314,550	-0,972
314,565	-1,006
314,580	-0,178
314,595	-0,147
314,610	-0,302
314,625	-0,402
314,640	-1,490
314,655	-0,511
314,670	-0,350
314,685	-0,204
314,700	-1,176
314,715	-1,045
314,730	-0,247
314,745	-0,251
314,760	-1,143
314,775	-1,103
314,790	-1,293
314,805	-0,364
314,820	-0,429
314,835	-0,393
314,850	-0,453
314,865	-0,653
314,880	-1,098
314,895	-0,491
314,910	-0,661
314,925	-0,419
314,940	-0,283
314,955	-0,990
314,970	-1,105
314,985	-0,412
315,000	-1,249
315,009	-1,178
315,024	-1,027
315,039	-0,435
315,054	-0,826
315,069	-1,312
315,084	-0,755
315,099	-0,569
315,114	-0,814
315,129	-0,904
315,144	-1,004
315,159	-0,316
315,174	-0,903
315,189	-1,138
315,204	-0,877
315,219	-1,403
315,234	-0,490
315,249	-1,152
315,264	-1,051
315,279	-1,627
315,294	-0,744
315,309	-1,591
315,324	-0,437
315,339	-0,532
315,354	-0,687
315,369	-0,381
315,384	-1,057
315,399	-1,147
315,414	-1,433
315,429	-1,071
315,444	-0,514
315,459	-0,800
315,474	-0,975
315,489	-0,964
315,504	-1,305
315,519	-0,773
315,534	-0,476
315,549	-0,426
315,564	-0,571
315,579	-1,007
315,594	-0,856
315,609	-0,861
315,624	-0,981
315,639	-0,358
315,654	-0,604
315,669	-1,646
315,684	-1,400
315,699	-1,024
315,714	-0,507
315,729	-0,712
315,744	-0,912
315,759	-0,927
315,774	-1,182
315,789	-0,710
315,804	-0,484
315,819	-0,780
315,834	-0,985
315,849	-0,633
315,864	-0,477
315,879	-1,355
315,894	-1,359
315,909	-0,506
315,925	-0,596
315,940	-1,258
315,954	-1,563
315,969	-1,006
315,985	-1,843
316,000	-0,654
316,014	-1,692
316,029	-1,672
316,045	-1,315
316,060	-1,189
316,075	-1,244
316,089	-1,339
316,105	-0,661
316,120	-0,726
316,135	-1,001
316,150	-0,695
316,165	-1,156
316,180	-1,597
316,195	-1,020
316,210	-0,934
316,225	-0,848
316,240	-0,472
316,255	-1,545
316,270	-0,747
316,285	-1,710
316,300	-1,313
316,315	-0,625
316,330	-1,076
316,345	-1,838
316,360	-1,060
316,375	-1,566
316,390	-0,693
316,405	-0,874
316,420	-0,963
316,435	-0,617
316,450	-1,424
316,465	-1,213
316,480	-0,922
316,495	-0,836
316,510	-0,891
316,525	-1,733
316,540	-1,186
316,555	-0,804
316,570	-1,090
316,585	-1,385
316,600	-0,958
316,615	-0,557
316,630	-1,274
316,645	-1,559
316,660	-1,448
316,675	-0,841
316,690	-1,468
316,705	-1,342
316,720	-0,710
316,735	-0,945
316,750	-0,874
316,765	-1,405
316,780	-1,084
316,795	-0,632
316,810	-0,943
316,825	-0,591
316,840	-1,057
316,855	-1,343
316,870	-0,555
316,885	-1,367
316,900	-0,905
316,915	-0,970
316,930	-4,250
316,945	-1,395
316,960	-1,671
316,975	-0,988
316,990	-0,862
317,005	-0,541
317,020	-0,571
317,035	-1,348
317,050	-1,212
317,065	-0,755
317,080	-0,730
317,095	-0,879
317,110	-1,406
317,125	-1,320
317,140	-1,475
317,155	-1,600
317,170	-1,128
317,185	-0,626
317,200	-0,992
317,215	-1,137
317,230	-1,794
317,245	-0,625
317,260	-0,775
317,275	-1,025
317,290	-1,391
317,305	-1,049
317,320	-0,663
317,335	-0,838
317,350	-1,254
317,365	-1,063
317,380	-0,741
317,395	-1,022
317,410	-1,523
317,425	-0,840
317,440	-1,913
317,455	-0,940
317,470	-0,809
317,485	-0,668
317,500	-0,638
317,515	-0,738
317,530	-0,963
317,545	-0,742
317,560	-1,308
317,575	-0,470
317,590	-0,595
317,605	-0,976
317,620	-1,236
317,635	-1,642
317,650	-1,401
317,665	-0,448
317,680	-1,034
317,695	-0,637
317,710	-1,053
317,725	-1,655
317,740	-0,661
317,755	-1,157
317,770	-0,460
317,785	-0,835
317,800	-1,021
317,815	-0,584
317,830	-1,607
317,845	-0,834
317,860	-0,603
317,875	-0,833
317,890	-0,451
317,906	-1,068
317,921	-0,776
317,935	-1,082
317,950	-0,680
317,966	-0,625
317,981	-1,532
317,995	-0,634
318,010	-0,844
318,026	-0,513
318,041	-1,139
318,055	-1,294
318,070	-0,547
318,086	-0,581
318,101	-0,857
318,116	-1,338
318,131	-0,645
318,146	-0,640
318,161	-1,211
318,176	-0,579
318,191	-1,381
318,206	-1,526
318,221	-1,606
318,236	-1,300
318,251	-0,642
318,266	-0,632
318,281	-0,656
318,296	-1,027
318,311	-1,463
318,326	-0,931
318,341	-0,845
318,356	-0,800
318,371	-0,664
318,386	-1,165
318,401	-1,501
318,416	-1,605
318,431	-1,439
318,446	-0,948
318,461	-0,842
318,476	-1,308
318,491	-1,267
318,506	-1,723
318,521	-0,935
318,536	-0,714
318,551	-0,859
318,566	-0,749
318,581	-0,909
318,596	-1,495
318,611	-0,697
318,626	-1,279
318,641	-0,722
318,656	-0,586
318,671	-1,619
318,686	-1,347
318,701	-0,936
318,716	-0,724
318,731	-0,694
318,746	-1,531
318,761	-0,477
318,776	-0,813
318,791	-1,109
318,806	-1,570
318,821	-0,847
318,836	-0,546
318,851	-0,515
318,866	-1,583
318,881	-0,885
318,896	-0,584
318,911	-0,704
318,926	-0,623
318,941	-0,894
318,956	-0,562
318,971	-0,692
318,986	-1,238
319,001	-0,506
319,016	-1,594
319,031	-0,921
319,046	-0,745
319,061	-1,257
319,076	-1,362
319,091	-1,261
319,106	-0,874
319,121	-0,543
319,136	-0,602
319,151	-0,572
319,166	-1,279
319,181	-1,444
319,196	-0,897
319,211	-0,560
319,226	-0,640
319,241	-0,595
319,256	-1,321
319,271	-1,542
319,286	-1,220
319,301	-0,623
319,316	-0,778
319,331	-0,908
319,346	-1,269
319,361	-0,782
319,376	-1,724
319,391	-0,826
319,406	-0,625
319,421	-0,620
319,436	-0,890
319,451	-1,802
319,466	-0,684
319,481	-0,728
319,496	-0,959
319,511	-1,319
319,526	-0,677
319,541	-0,661
319,556	-1,704
319,571	-1,308
319,586	-0,435
319,601	-0,414
319,616	-0,880
319,631	-1,291
319,646	-1,140
319,661	-0,573
319,676	-0,758
319,691	-1,320
319,706	-0,391
319,721	-0,576
319,736	-1,443
319,751	-0,595
319,766	-1,428
319,781	-0,549
319,796	-0,439
319,811	-0,584
319,826	-0,538
319,841	-0,608
319,856	-1,044
319,871	-0,462
319,886	-1,058
319,901	-0,391
319,916	-0,501
319,932	-1,413
319,947	-0,750
319,962	-1,001
319,976	-0,479
319,991	-0,494
320,007	-0,548
320,022	-0,498
320,036	-0,703
320,051	-0,592
320,067	-0,702
320,082	-1,564
320,097	-0,666
320,111	-0,340
320,127	-1,453
320,142	-1,487
320,157	-0,930
320,172	-0,488
320,187	-0,247
320,202	-1,175
320,217	-1,220
320,232	-0,577
320,247	-0,472
320,262	-0,877
320,277	-0,350
320,292	-0,666
320,307	-0,821
320,322	-1,262
320,337	-0,780
320,352	-1,070
320,367	-0,518
320,382	-1,285
320,397	-0,547
320,412	-1,410
320,427	-0,627
320,442	-1,299
320,457	-0,576
320,472	-0,470
320,487	-0,404
320,502	-0,274
320,517	-0,303
320,532	-1,146
320,547	-0,844
320,562	-1,145
320,577	-0,628
320,592	-0,291
320,607	-0,742
320,622	-0,632
320,637	-1,268
320,652	-0,801
320,667	-0,590
320,682	-0,229
320,697	-0,554
320,712	-0,855
320,727	-1,040
320,742	-0,277
320,757	-0,914
320,772	-0,362
320,787	-0,542
320,802	-1,108
320,817	-0,089
320,832	-0,947
320,847	-1,237
320,862	-0,284
320,877	-0,384
320,892	-0,845
320,907	-1,085
320,922	-0,337
320,937	-0,357
320,952	-0,903
320,967	-1,219
320,982	-0,827
320,997	-0,260
321,012	-0,897
321,027	-1,177
321,042	-0,876
321,057	-0,449
321,072	-0,770
321,087	-0,418
321,102	-0,844
321,117	-0,352
321,132	-0,723
321,147	-1,470
321,162	-0,316
321,177	-0,666
321,192	-0,621
321,207	-1,117
321,222	-1,157
321,237	-0,414
321,252	-0,464
321,267	-0,248
321,282	-0,202
321,297	-0,648
321,312	-1,330
321,327	-0,988
321,342	-0,281
321,357	-0,285
321,372	-0,285
321,387	-0,836
321,402	-1,292
321,417	-0,675
321,432	-1,341
321,447	-0,258
321,462	-0,222
321,477	-1,029
321,492	-0,096
321,507	-1,229
321,522	-0,622
321,537	-0,240
321,552	-0,335
321,567	-0,214
321,582	-0,735
321,597	-1,121
321,612	-0,343
321,627	-0,042
321,642	-0,338
321,657	-0,653
321,672	-1,134
321,687	-0,186
321,702	-0,591
321,717	-0,566
321,732	-0,846
321,747	-0,039
321,762	-0,154
321,777	-0,359
321,792	-1,076
321,807	-0,187
321,822	-0,363
321,837	-0,382
321,852	-0,848
321,867	-0,316
321,882	0,135
321,897	-1,193
321,912	-0,726
321,928	-0,249
321,942	-0,274
321,957	-0,068
321,973	-0,559
321,988	-0,945
322,002	-0,473
322,017	-0,733
322,033	-0,307
322,048	-0,698
322,062	-0,491
322,077	-1,048
322,093	-1,007
322,108	-0,134
322,123	-0,224
322,138	-0,730
322,153	-0,058
322,168	-0,950
322,183	-1,095
322,198	-0,412
322,213	-0,221
322,228	-0,126
322,243	-0,231
322,258	-0,596
322,273	-0,691
322,288	-0,600
322,303	-0,089
322,318	0,012
322,333	-0,088
322,348	-0,172
322,363	-0,944
322,378	-0,748
322,393	-0,116
322,408	-0,106
322,423	-0,196
322,438	-0,692
322,453	-0,130
322,468	-0,245
322,483	-0,264
322,498	-0,515
322,513	-0,173
322,528	-0,162
322,543	-0,960
322,558	-0,708
322,573	-1,315
322,588	-0,733
322,603	-0,281
322,618	-0,185
322,633	-0,130
322,648	-0,249
322,663	-0,455
322,678	-0,404
322,693	-0,083
322,708	-1,005
322,723	-0,072
322,738	0,024
322,753	-0,247
322,768	-0,201
322,783	-0,356
322,798	-0,892
322,813	-0,817
322,828	-0,611
322,843	-0,234
322,858	-0,073
322,873	-0,444
322,888	-0,263
322,903	-1,175
322,918	-0,182
322,933	-0,076
322,948	-0,276
322,963	-0,216
322,978	-0,752
322,993	-0,601
323,008	-0,229
323,023	-0,660
323,038	-0,138
323,053	-0,359
323,068	-0,439
323,083	-0,744
323,098	-0,563
323,113	-0,051
323,128	0,030
323,143	-0,466
323,158	-0,521
323,173	-0,145
323,188	-0,114
323,203	0,012
323,218	-0,901
323,233	-0,178
323,248	0,023
323,263	-0,488
323,278	-0,784
323,293	-0,939
323,308	-0,412
323,323	-0,070
323,338	-1,008
323,353	-0,039
323,368	-0,440
323,383	-1,127
323,398	-0,364
323,413	-1,302
323,428	-0,554
323,443	-0,298
323,458	-0,428
323,473	-0,849
323,488	-1,094
323,503	-0,552
323,518	-0,416
323,533	-0,220
323,548	-0,245
323,563	-0,319
323,578	-1,267
323,593	-0,203
323,608	-0,178
323,623	-0,222
323,638	-0,152
323,653	-0,232
323,668	-0,753
323,683	-0,903
323,698	-0,732
323,713	-0,240
323,728	-0,209
323,743	-0,650
323,758	-0,434
323,773	-1,161
323,788	-0,348
323,803	-0,398
323,818	-0,312
323,833	-0,829
323,848	-1,064
323,863	-0,341
323,878	-0,406
323,893	-0,907
323,908	-0,450
323,923	-0,505
323,938	-0,254
323,954	-1,011
323,969	-1,121
323,983	-0,915
323,998	-0,443
324,014	-0,458
324,029	-1,094
324,043	-0,978
324,058	-1,209
324,074	-0,371
324,089	-0,897
324,103	-0,254
324,119	-0,143
324,134	-1,272
324,149	-0,363
324,164	-0,940
324,179	-0,874
324,194	-0,487
324,209	-1,400
324,224	-0,386
324,239	-0,732
324,254	-1,053
324,269	-0,556
324,284	-0,841
324,299	-0,244
324,314	-0,294
324,329	-0,810
324,344	-0,729
324,359	-0,683
324,374	-0,979
324,389	-0,076
324,404	-0,406
324,419	-0,306
324,434	-0,361
324,449	-1,102
324,464	-0,345
324,479	-0,986
324,494	-0,284
324,509	-0,223
324,524	-0,905
324,539	-1,105
324,554	-1,155
324,569	-0,251
324,584	-0,171
324,599	-1,479
324,614	-1,128
324,629	-0,450
324,644	-0,189
324,659	-1,503
324,674	-1,262
324,689	-0,514
324,704	-0,288
324,719	-0,990
324,734	-0,969
324,749	-0,352
324,764	-0,552
324,779	-1,309
324,794	-0,145
324,809	-0,476
324,824	-0,595
324,839	-1,212
324,854	-0,675
324,869	-0,193
324,884	-0,599
324,899	-0,678
324,914	-0,658
324,929	-0,763
324,944	-0,401
324,959	-1,309
324,974	-0,391
324,989	-0,250
325,004	-0,992
325,019	-0,179
325,034	-1,197
325,049	-0,233
325,064	-0,479
325,079	-0,619
325,094	-0,317
325,109	-0,397
325,124	-1,003
325,139	-0,742
325,154	-1,073
325,169	-0,370
325,184	-0,244
325,199	-1,367
325,214	-0,334
325,229	-0,930
325,244	-0,905
325,259	-0,298
325,274	-0,357
325,289	-0,728
325,304	-1,350
325,319	-1,284
325,334	-0,451
325,349	-0,546
325,364	-1,243
325,379	-0,630
325,394	-0,750
325,409	-0,394
325,424	-1,426
325,439	-1,045
325,454	-0,362
325,469	-0,528
325,484	-1,154
325,499	-0,988
325,514	-1,549
325,529	-0,661
325,544	-0,199
325,559	-0,445
325,574	-0,389
325,589	-0,976
325,604	-1,326
325,619	-0,925
325,634	-0,944
325,649	-0,452
325,664	-0,186
325,679	-0,361
325,694	-0,551
325,709	-1,338
325,724	-0,876
325,739	-0,540
325,754	-0,514
325,769	-0,384
325,784	-0,654
325,799	-1,291
325,814	-1,160
325,829	-0,854
325,844	-0,723
325,859	-0,492
325,875	-0,882
325,889	-0,646
325,904	-1,529
325,920	-0,986
325,935	-0,625
325,950	-0,720
325,964	-0,860
325,979	-0,819
325,995	-1,501
326,010	-0,553
326,024	-0,542
326,039	-0,667
326,055	-1,279
326,070	-1,248
326,084	-0,250
326,099	-0,681
326,115	-1,402
326,130	-1,673
326,145	-0,875
326,160	-0,644
326,175	-1,100
326,190	-1,275
326,205	-0,918
326,220	-1,259
326,235	-0,767
326,250	-0,526
326,265	-1,082
326,280	-0,565
326,295	-0,901
326,310	-1,131
326,325	-0,820
326,340	-1,140
326,355	-0,698
326,370	-0,798
326,385	-1,911
326,400	-1,114
326,415	-1,916
326,430	-1,047
326,445	-0,676
326,460	-1,323
326,475	-1,673
326,490	-1,502
326,505	-1,431
326,520	-0,739
326,535	-0,769
326,550	-0,793
326,565	-1,004
326,580	-1,239
326,595	-1,229
326,610	-0,947
326,625	-1,168
326,640	-2,075
326,655	-1,157
326,670	-1,879
326,685	-1,462
326,700	-1,863
326,715	-1,281
326,730	-1,144
326,745	-1,264
326,760	-1,475
326,775	-1,795
326,790	-1,273
326,805	-1,569
326,820	-1,418
326,835	-1,939
326,850	-1,342
326,865	-1,417
326,880	-2,254
326,895	-1,962
326,910	-1,671
326,925	-1,460
326,940	-2,076
326,955	-1,635
326,970	-1,313
326,985	-2,176
327,000	-1,985
327,013	-1,173
327,028	-1,162
327,043	-1,960
327,058	-1,708
327,073	-2,315
327,088	-1,733
327,103	-1,281
327,118	-1,185
327,133	-1,130
327,148	-1,249
327,163	-1,455
327,178	-1,404
327,193	-1,083
327,208	-2,005
327,223	-1,072
327,238	-0,976
327,253	-1,247
327,268	-1,201
327,283	-1,356
327,298	-1,892
327,313	-1,817
327,328	-1,611
327,343	-1,234
327,358	-1,073
327,373	-1,444
327,388	-1,263
327,403	-2,175
327,418	-1,182
327,433	-1,076
327,448	-1,276
327,463	-1,216
327,478	-1,752
327,493	-1,601
327,508	-1,229
327,523	-1,660
327,538	-1,138
327,553	-1,359
327,568	-1,439
327,583	-1,744
327,598	-1,563
327,613	-1,051
327,628	-0,970
327,643	-1,466
327,658	-1,521
327,673	-1,145
327,688	-1,114
327,703	-0,988
327,718	-1,901
327,733	-1,178
327,748	-0,977
327,763	-1,488
327,778	-1,784
327,793	-1,939
327,808	-1,412
327,823	-1,070
327,838	-2,008
327,853	-1,039
327,868	-1,440
327,883	-2,127
327,898	-1,364
327,913	-2,302
327,928	-1,554
327,943	-1,298
327,958	-1,428
327,973	-1,849
327,988	-2,094
328,003	-1,552
328,018	-1,416
328,033	-1,220
328,048	-1,245
328,063	-1,319
328,078	-2,267
328,093	-1,203
328,108	-1,178
328,123	-1,222
328,138	-1,152
328,153	-1,232
328,168	-1,753
328,183	-1,903
328,198	-1,732
328,213	-1,240
328,228	-1,209
328,243	-1,650
328,258	-1,434
328,273	-2,161
328,288	-1,348
328,303	-1,398
328,318	-1,312
328,333	-1,829
328,348	-2,064
328,363	-1,341
328,378	-1,406
328,393	-1,907
328,408	-1,450
328,423	-1,505
328,438	-1,254
328,454	-2,011
328,469	-2,121
328,483	-1,915
328,498	-1,443
328,514	-1,458
328,529	-2,094
328,543	-1,978
328,558	-2,209
328,574	-1,371
328,589	-1,897
328,603	-1,254
328,619	-1,143
328,634	-2,272
328,649	-1,363
328,664	-1,940
328,679	-1,874
328,694	-1,487
328,709	-2,400
328,724	-1,386
328,739	-1,732
328,754	-2,053
328,769	-1,556
328,784	-1,841
328,799	-1,244
328,814	-1,294
328,829	-1,810
328,844	-1,729
328,859	-1,683
328,874	-1,979
328,889	-1,076
328,904	-1,406
328,919	-1,306
328,934	-1,361
328,949	-2,102
328,964	-1,345
328,979	-1,986
328,994	-1,284
329,009	-1,223
329,024	-1,905
329,039	-2,105
329,054	-2,155
329,069	-1,251
329,084	-1,171
329,099	-2,479
329,114	-2,128
329,129	-1,450
329,144	-1,189
329,159	-2,503
329,174	-2,262
329,189	-1,514
329,204	-1,288
329,219	-1,990
329,234	-1,969
329,249	-1,352
329,264	-1,552
329,279	-2,309
329,294	-1,145
329,309	-1,476
329,324	-1,595
329,339	-2,212
329,354	-1,675
329,369	-1,193
329,384	-1,599
329,399	-1,678
329,414	-1,658
329,429	-1,763
329,444	-1,401
329,459	-2,309
329,474	-1,391
329,489	-1,250
329,504	-1,992
329,519	-1,179
329,534	-2,197
329,549	-1,233
329,564	-1,479
329,579	-1,619
329,594	-1,317
329,609	-1,397
329,624	-2,003
329,639	-1,742
329,654	-2,073
329,669	-1,370
329,684	-1,244
329,699	-2,367
329,714	-1,334
329,729	-1,930
329,744	-1,905
329,759	-1,298
329,774	-1,357
329,789	-1,728
329,804	-2,350
329,819	-2,284
329,834	-1,451
329,849	-1,546
329,864	-2,243
329,879	-1,630
329,894	-1,750
329,909	-1,394
329,924	-2,426
329,939	-2,045
329,954	-1,362
329,969	-1,528
329,984	-2,154
329,999	-1,988
