285,000	31,430
285,015	31,339
285,030	31,710
285,045	31,826
285,060	32,543
285,075	31,926
285,090	32,532
285,105	32,452
285,120	31,890
285,135	32,672
285,150	32,171
285,165	32,496
285,180	32,246
285,195	32,261
285,210	32,907
285,225	31,628
285,240	31,939
285,255	32,746
285,270	32,771
285,285	32,721
285,300	32,360
285,315	31,843
285,330	32,063
285,345	31,762
285,360	32,414
285,375	32,910
285,390	32,629
285,405	32,544
285,420	31,732
285,435	31,887
285,450	32,649
285,465	32,634
285,480	32,538
285,495	31,595
285,510	31,866
285,525	31,640
285,540	31,289
285,555	32,507
285,570	32,387
285,585	32,010
285,600	31,077
285,615	31,689
285,630	31,162
285,645	31,874
285,660	32,075
285,675	31,919
285,690	31,563
285,705	30,766
285,720	31,081
285,735	31,773
285,750	31,603
285,765	31,387
285,780	31,392
285,795	30,639
285,810	30,895
285,825	30,539
285,840	31,241
285,855	31,471
285,870	30,979
285,885	31,215
285,901	30,603
285,916	30,277
285,930	30,944
285,945	30,146
285,961	30,702
285,976	30,196
285,990	29,278
286,005	30,015
286,021	29,498
286,036	30,581
286,050	30,175
286,065	29,623
286,080	30,466
286,096	29,518
286,111	29,362
286,125	30,144
286,141	29,306
286,156	29,793
286,171	29,261
286,186	28,774
286,201	28,849
286,216	28,448
286,231	29,431
286,246	29,345
286,261	28,769
286,276	29,105
286,291	28,257
286,306	28,301
286,321	28,828
286,336	28,753
286,351	28,677
286,366	28,316
286,381	27,483
286,396	27,699
286,411	27,468
286,426	28,100
286,441	28,275
286,456	27,643
286,471	27,939
286,486	27,227
286,501	27,212
286,516	27,708
286,531	27,562
286,546	27,406
286,561	26,915
286,576	26,729
286,591	26,719
286,606	26,222
286,621	26,483
286,636	27,045
286,651	26,493
286,666	25,926
286,681	26,758
286,696	25,865
286,711	26,457
286,726	26,377
286,741	26,311
286,756	26,120
286,771	24,831
286,786	25,704
286,801	25,739
286,816	25,167
286,831	25,904
286,846	24,510
286,861	24,173
286,876	24,755
286,891	24,153
286,906	24,699
286,921	25,216
286,936	23,977
286,951	24,889
286,966	24,152
286,981	24,242
286,996	24,714
287,011	24,232
287,026	24,467
287,041	24,222
287,056	23,108
287,071	23,499
287,086	23,198
287,101	23,875
287,116	23,900
287,131	23,448
287,146	23,448
287,161	22,891
287,176	22,796
287,191	23,182
287,206	22,620
287,221	23,021
287,236	22,936
287,251	22,264
287,266	22,148
287,281	22,288
287,296	22,549
287,311	22,488
287,326	22,383
287,341	22,212
287,356	21,575
287,371	21,475
287,386	21,941
287,401	21,976
287,416	21,851
287,431	21,670
287,446	20,632
287,461	20,837
287,476	20,330
287,491	21,057
287,506	21,408
287,521	20,876
287,536	20,034
287,551	21,122
287,566	20,450
287,581	20,700
287,596	20,259
287,611	20,650
287,626	20,439
287,641	19,657
287,656	20,238
287,671	19,576
287,686	19,551
287,701	20,288
287,716	20,202
287,731	18,963
287,746	20,237
287,761	19,670
287,776	20,021
287,791	19,535
287,806	19,645
287,821	19,198
287,836	19,098
287,851	18,506
287,866	19,183
287,881	18,686
287,897	19,298
287,911	18,982
287,926	18,164
287,942	18,625
287,957	18,008
287,971	18,790
287,986	18,810
288,002	17,732
288,017	18,690
288,031	18,063
288,046	17,756
288,062	18,423
288,077	17,440
288,092	18,413
288,107	18,383
288,122	17,565
288,137	17,400
288,152	16,918
288,167	18,161
288,182	18,011
288,197	17,860
288,212	17,785
288,227	16,967
288,242	16,862
288,257	17,268
288,272	16,786
288,287	17,433
288,302	17,007
288,317	16,269
288,332	16,535
288,347	16,284
288,362	16,840
288,377	16,800
288,392	16,554
288,407	17,346
288,422	16,529
288,437	15,571
288,452	17,135
288,467	16,960
288,482	17,005
288,497	16,719
288,512	15,766
288,527	16,593
288,542	15,780
288,557	16,196
288,572	16,648
288,587	16,331
288,602	15,444
288,617	15,950
288,632	15,604
288,647	16,642
288,662	16,195
288,677	16,451
288,692	16,090
288,707	15,739
288,722	16,440
288,737	15,126
288,752	16,310
288,767	16,375
288,782	15,106
288,797	15,386
288,812	16,159
288,827	16,324
288,842	15,702
288,857	16,038
288,872	16,213
288,887	16,338
288,902	15,561
288,917	15,646
288,932	16,137
288,947	15,906
288,962	16,067
288,977	16,297
288,992	14,768
289,007	16,347
289,022	15,931
289,037	15,660
289,052	16,236
289,067	15,810
289,082	16,060
289,097	15,448
289,112	14,926
289,127	15,914
289,142	15,287
289,157	16,090
289,172	15,974
289,187	15,472
289,202	15,347
289,217	14,780
289,232	15,984
289,247	16,325
289,262	16,124
289,277	16,113
289,292	15,647
289,307	15,381
289,322	16,444
289,337	15,556
289,352	16,273
289,367	16,298
289,382	15,465
289,397	15,249
289,412	15,164
289,427	15,816
289,442	16,543
289,457	16,342
289,472	16,553
289,487	16,111
289,502	16,467
289,517	16,487
289,532	16,442
289,547	16,562
289,562	16,532
289,577	15,950
289,592	15,844
289,607	15,508
289,622	15,914
289,637	16,616
289,652	16,455
289,667	15,392
289,682	16,034
289,697	15,311
289,712	16,510
289,727	16,615
289,742	16,665
289,757	16,745
289,772	15,391
289,787	15,963
289,802	16,479
289,817	15,962
289,832	16,423
289,847	16,494
289,862	15,144
289,877	15,977
289,892	15,229
289,907	16,332
289,923	16,307
289,937	16,397
289,952	16,397
289,967	15,971
289,983	15,439
289,998	16,121
290,012	15,338
290,027	16,156
290,043	16,145
290,058	15,137
290,072	15,934
290,088	14,796
290,103	15,623
290,118	15,397
290,133	14,951
290,148	15,227
290,163	14,078
290,178	14,223
290,193	14,930
290,208	14,077
290,223	14,764
290,238	14,318
290,253	13,771
290,268	13,520
290,283	13,094
290,298	13,334
290,313	13,866
290,328	13,650
290,343	13,916
290,358	13,093
290,373	12,180
290,388	13,188
290,403	12,636
290,418	12,786
290,433	12,440
290,448	11,748
290,463	12,164
290,478	11,045
290,493	11,241
290,508	11,787
290,523	11,712
290,538	11,291
290,553	10,894
290,568	9,976
290,583	11,145
290,598	10,788
290,613	10,613
290,628	10,708
290,643	9,168
290,658	9,033
290,673	9,218
290,688	8,962
290,703	9,152
290,718	9,513
290,733	8,350
290,748	8,695
290,763	7,803
290,778	8,655
290,793	8,750
290,808	8,434
290,823	8,268
290,838	7,591
290,853	7,566
290,868	8,118
290,883	7,425
290,898	8,152
290,913	7,816
290,928	6,652
290,943	7,535
290,958	6,371
290,973	7,299
290,988	7,223
291,003	7,158
291,018	6,887
291,033	6,591
291,048	5,568
291,063	6,511
291,078	5,924
291,093	6,741
291,108	6,741
291,123	5,467
291,138	6,445
291,153	5,497
291,168	5,817
291,183	6,188
291,198	5,842
291,213	6,043
291,228	6,133
291,243	5,345
291,258	6,062
291,273	5,315
291,288	5,761
291,303	4,848
291,318	4,898
291,333	4,843
291,348	4,802
291,363	4,752
291,378	5,489
291,393	4,962
291,408	5,454
291,423	4,767
291,438	4,315
291,453	5,343
291,468	4,330
291,483	4,851
291,498	5,122
291,513	4,018
291,528	3,963
291,543	4,389
291,558	4,078
291,573	4,700
291,588	4,940
291,603	4,599
291,618	4,273
291,633	3,847
291,648	4,408
291,663	4,007
291,678	4,418
291,693	4,287
291,708	3,209
291,723	3,499
291,738	3,830
291,753	3,590
291,768	4,116
291,783	3,534
291,798	3,273
291,813	3,659
291,828	2,851
291,843	3,824
291,858	4,015
291,873	3,799
291,889	3,859
291,903	3,102
291,918	2,966
291,933	3,904
291,949	3,206
291,964	3,672
291,978	3,577
291,993	2,644
292,009	3,807
292,024	2,995
292,038	3,135
292,053	3,722
292,068	3,466
292,084	3,691
292,099	2,994
292,114	2,472
292,129	3,194
292,144	2,412
292,159	3,475
292,174	2,642
292,189	3,033
292,204	3,149
292,219	2,993
292,234	2,777
292,249	3,389
292,264	3,203
292,279	3,298
292,294	2,456
292,309	2,164
292,324	3,152
292,339	2,289
292,354	2,976
292,369	2,861
292,384	2,254
292,399	2,289
292,414	2,269
292,429	2,168
292,444	2,805
292,459	2,840
292,474	2,679
292,489	1,510
292,504	1,420
292,519	2,212
292,534	2,242
292,549	2,563
292,564	2,568
292,579	1,585
292,594	1,479
292,609	1,760
292,624	2,246
292,639	2,472
292,654	2,412
292,669	1,579
292,684	2,221
292,699	2,215
292,714	2,436
292,729	2,391
292,744	2,310
292,759	2,295
292,774	1,668
292,789	1,347
292,804	1,502
292,819	2,129
292,834	2,359
292,849	1,552
292,864	1,557
292,879	1,973
292,894	2,153
292,909	1,702
292,924	1,887
292,939	2,017
292,954	1,776
292,969	1,691
292,984	1,300
292,999	1,831
293,014	1,660
293,029	2,057
293,044	2,021
293,059	1,189
293,074	1,996
293,089	0,797
293,104	1,218
293,119	1,765
293,134	1,529
293,149	1,834
293,164	1,263
293,179	0,696
293,194	1,503
293,209	0,891
293,224	1,603
293,239	1,593
293,254	1,232
293,269	1,598
293,284	0,584
293,299	0,900
293,314	1,417
293,329	1,406
293,344	1,517
293,359	1,170
293,374	1,597
293,389	1,581
293,404	0,207
293,419	1,450
293,434	1,455
293,449	0,693
293,464	0,562
293,479	0,407
293,494	1,635
293,509	1,449
293,524	1,374
293,539	1,249
293,554	0,857
293,569	0,230
293,584	1,128
293,599	1,509
293,614	1,007
293,629	1,142
293,644	1,007
293,659	0,355
293,674	0,886
293,689	0,059
293,704	1,016
293,719	0,951
293,734	0,474
293,749	0,675
293,764	-0,248
293,779	0,935
293,794	0,875
293,809	0,800
293,824	0,965
293,839	-0,084
293,854	0,328
293,869	0,222
293,884	0,438
293,899	0,939
293,914	0,823
293,930	-0,320
293,945	0,793
293,959	-0,020
293,974	0,166
293,990	0,832
294,005	0,226
294,019	0,692
294,034	0,496
294,050	0,551
294,065	0,571
294,079	-0,076
294,094	0,711
294,110	0,806
294,125	-0,593
294,140	0,299
294,155	-0,599
294,170	-0,223
294,185	0,710
294,200	0,675
294,215	0,494
294,230	-0,133
294,245	-0,329
294,260	0,398
294,275	-0,504
294,290	0,508
294,305	0,393
294,320	0,037
294,335	-0,254
294,350	-0,751
294,365	-0,385
294,380	0,507
294,395	0,447
294,410	0,462
294,425	-0,616
294,440	-0,802
294,455	0,462
294,470	-0,552
294,485	0,406
294,500	0,426
294,515	-0,768
294,530	-0,302
294,545	-0,562
294,560	-0,287
294,575	0,345
294,590	0,480
294,605	0,254
294,620	0,179
294,635	-0,674
294,650	0,043
294,665	0,194
294,680	0,284
294,695	0,288
294,710	0,248
294,725	-1,131
294,740	-0,921
294,755	-0,068
294,770	0,418
294,785	0,358
294,800	-0,179
294,815	-0,430
294,830	-0,856
294,845	0,187
294,860	0,277
294,875	0,297
294,890	0,357
294,905	-0,230
294,920	-0,757
294,935	0,301
294,950	-0,627
294,965	0,356
294,980	0,491
294,995	-0,272
295,010	0,676
295,025	-0,638
295,040	-0,382
295,055	0,470
295,070	0,195
295,085	0,570
295,100	-0,799
295,115	-0,353
295,130	0,379
295,145	-0,263
295,160	0,288
295,175	0,564
295,190	-0,153
295,205	0,198
295,220	0,107
295,235	-0,194
295,250	0,498
295,265	0,619
295,280	0,949
295,295	0,653
295,310	-0,285
295,325	0,031
295,340	-0,100
295,355	0,693
295,370	0,652
295,385	-0,015
295,400	-0,090
295,415	-0,266
295,430	0,040
295,445	1,113
295,460	0,897
295,475	0,892
295,490	0,330
295,505	-0,402
295,520	0,947
295,535	0,906
295,550	0,881
295,565	0,706
295,580	0,334
295,595	-0,007
295,610	0,409
295,625	0,359
295,640	1,407
295,655	0,780
295,670	1,356
295,685	1,211
295,700	0,509
295,715	1,216
295,730	1,225
295,745	1,371
295,760	1,220
295,775	0,523
295,790	0,959
295,805	0,648
295,820	0,362
295,835	1,385
295,850	0,848
295,865	0,657
295,880	0,983
295,895	0,311
295,911	0,677
295,925	1,599
295,940	1,178
295,955	1,619
295,971	0,847
295,986	0,179
296,000	1,463
296,015	0,400
296,031	1,704
296,046	1,704
296,060	1,172
296,075	1,402
296,091	0,404
296,106	1,131
296,121	1,708
296,136	0,950
296,151	1,783
296,166	1,296
296,181	0,293
296,196	1,321
296,211	1,010
296,226	1,641
296,241	1,952
296,256	1,230
296,271	1,666
296,286	0,643
296,301	1,500
296,316	1,791
296,331	1,590
296,346	1,946
296,361	1,239
296,376	1,103
296,391	1,765
296,406	1,027
296,421	2,166
296,436	1,945
296,451	1,478
296,466	0,771
296,481	0,927
296,496	1,007
296,511	1,949
296,526	2,064
296,541	2,225
296,556	1,863
296,571	1,086
296,586	1,833
296,601	2,209
296,616	1,958
296,631	2,028
296,646	1,161
296,661	1,341
296,676	1,712
296,691	1,401
296,706	2,258
296,721	2,062
296,736	2,408
296,751	2,092
296,766	1,159
296,781	2,002
296,796	2,493
296,811	2,082
296,826	2,297
296,841	1,911
296,856	1,564
296,871	1,625
296,886	1,730
296,901	2,427
296,916	2,141
296,931	1,739
296,946	2,140
296,961	1,283
296,976	2,295
296,991	2,621
297,006	2,425
297,021	2,310
297,036	2,134
297,051	1,943
297,066	2,525
297,081	1,607
297,096	2,530
297,111	2,459
297,126	2,088
297,141	2,645
297,156	1,681
297,171	2,143
297,186	2,910
297,201	2,794
297,216	2,418
297,231	2,564
297,246	1,666
297,261	2,423
297,276	1,751
297,291	2,603
297,306	2,884
297,321	2,176
297,336	2,908
297,351	1,830
297,366	2,010
297,381	2,687
297,396	2,467
297,411	2,918
297,426	2,662
297,441	1,679
297,456	2,601
297,471	2,125
297,486	2,852
297,501	2,811
297,516	2,626
297,531	1,878
297,546	1,873
297,561	3,021
297,576	3,117
297,591	3,272
297,606	3,181
297,621	3,101
297,636	2,173
297,651	2,619
297,666	3,512
297,681	3,286
297,696	3,436
297,711	2,884
297,726	2,684
297,741	2,242
297,756	2,804
297,771	3,656
297,786	3,245
297,801	2,241
297,816	3,199
297,831	2,422
297,846	3,239
297,861	3,716
297,876	3,550
297,891	3,660
297,906	3,469
297,921	3,053
297,937	3,223
297,952	3,373
297,966	4,010
297,981	3,985
297,997	3,022
298,012	4,100
298,026	3,072
298,041	3,453
298,057	4,345
298,072	4,029
298,087	4,586
298,102	3,818
298,116	3,472
298,132	4,139
298,147	3,928
298,162	4,861
298,177	4,394
298,192	4,424
298,207	5,452
298,222	4,539
298,237	4,865
298,252	5,933
298,267	6,329
298,282	6,815
298,297	6,920
298,312	6,559
298,327	8,490
298,342	9,141
298,357	11,739
298,372	13,986
298,387	16,403
298,402	19,030
298,417	22,556
298,432	26,954
298,447	32,400
298,462	37,334
298,477	42,921
298,492	47,906
298,507	53,728
298,522	60,468
298,537	66,862
298,552	73,953
298,567	80,849
298,582	87,689
298,597	94,053
298,612	101,094
298,627	107,844
298,642	115,617
298,657	121,123
298,672	127,086
298,687	130,511
298,702	134,568
298,717	138,249
298,732	139,593
298,747	139,497
298,762	138,820
298,777	136,608
298,792	133,499
298,807	130,008
298,822	126,809
298,837	124,427
298,852	120,620
298,867	116,653
298,882	113,318
298,897	108,654
298,912	105,484
298,927	102,851
298,942	99,044
298,957	96,171
298,972	91,833
298,987	88,803
299,002	85,959
299,017	82,860
299,032	80,738
299,047	77,734
299,062	74,710
299,077	72,433
299,092	68,752
299,107	66,630
299,122	64,985
299,137	62,578
299,152	60,406
299,167	58,581
299,182	55,055
299,197	54,232
299,212	51,660
299,227	50,661
299,242	48,906
299,257	46,098
299,272	45,731
299,287	42,742
299,302	42,150
299,317	41,012
299,332	38,965
299,347	38,057
299,362	36,603
299,377	34,692
299,392	34,441
299,407	32,545
299,422	32,194
299,437	31,321
299,452	29,380
299,467	28,412
299,482	27,900
299,497	27,033
299,512	26,616
299,527	26,004
299,542	24,811
299,557	24,098
299,572	22,248
299,587	22,443
299,602	21,164
299,617	21,344
299,632	20,993
299,647	19,624
299,662	18,997
299,677	17,894
299,692	17,693
299,707	17,923
299,722	17,437
299,737	16,840
299,752	16,493
299,767	15,064
299,782	15,285
299,797	15,209
299,812	14,622
299,827	14,552
299,842	13,569
299,857	12,726
299,872	12,571
299,887	11,959
299,902	12,585
299,917	11,758
299,933	10,870
299,947	11,637
299,962	10,488
299,978	10,709
299,993	10,975
300,007	10,413
300,022	10,197
300,038	8,793
300,053	8,988
300,067	9,524
300,083	8,817
300,098	9,073
300,113	9,028
300,128	8,391
300,143	8,952
300,158	7,106
300,173	8,515
300,188	8,234
300,203	8,079
300,218	7,828
300,233	7,883
300,248	6,870
300,263	7,075
300,278	6,488
300,293	7,190
300,308	7,200
300,323	6,036
300,338	6,904
300,353	5,554
300,368	6,171
300,383	6,562
300,398	6,542
300,413	6,241
300,428	5,554
300,443	5,188
300,458	5,879
300,473	4,520
300,488	5,598
300,503	5,804
300,518	5,136
300,533	4,615
300,548	4,725
300,563	4,610
300,578	5,347
300,593	5,422
300,608	5,191
300,623	4,689
300,638	3,982
300,653	4,453
300,668	4,929
300,683	4,588
300,698	4,668
300,713	4,563
300,728	3,439
300,743	3,981
300,758	3,935
300,773	4,693
300,788	4,592
300,803	4,371
300,818	4,326
300,833	3,147
300,848	4,250
300,863	4,536
300,878	4,019
300,893	4,275
300,908	3,994
300,923	3,021
300,938	3,612
300,953	3,291
300,968	4,003
300,983	4,138
300,998	3,276
301,013	3,697
301,028	2,749
301,043	3,205
301,058	3,842
301,073	3,190
301,088	3,601
301,103	3,485
301,118	2,768
301,133	3,269
301,148	2,677
301,163	3,720
301,178	3,439
301,193	2,873
301,208	3,464
301,223	2,697
301,238	2,666
301,253	3,263
301,268	3,123
301,283	3,223
301,298	3,182
301,313	3,082
301,328	2,655
301,343	2,204
301,358	2,961
301,373	3,222
301,388	2,580
301,403	2,936
301,418	1,792
301,433	1,952
301,448	3,136
301,463	3,301
301,478	2,789
301,493	3,055
301,508	1,771
301,523	2,177
301,538	1,765
301,553	2,838
301,568	2,347
301,583	2,337
301,598	1,951
301,613	2,076
301,628	2,136
301,643	2,647
301,658	2,838
301,673	2,486
301,688	2,155
301,703	1,593
301,718	2,130
301,733	2,485
301,748	2,365
301,763	2,626
301,778	2,440
301,793	1,372
301,808	1,803
301,823	2,380
301,838	2,445
301,853	1,100
301,868	2,289
301,884	1,917
301,898	1,044
301,913	1,711
301,928	2,303
301,943	1,345
301,959	2,297
301,974	1,605
301,988	1,615
302,003	1,520
302,019	1,420
302,034	2,036
302,048	1,901
302,063	1,369
302,079	1,725
302,094	1,258
302,109	1,113
302,124	1,950
302,139	1,654
302,154	1,950
302,169	1,408
302,184	1,087
302,199	1,598
302,214	0,715
302,229	1,989
302,244	1,974
302,259	1,392
302,274	1,923
302,289	1,261
302,304	1,472
302,319	1,908
302,334	1,973
302,349	1,882
302,364	1,025
302,379	0,694
302,394	1,210
302,409	0,773
302,424	1,576
302,439	1,776
302,454	1,274
302,469	1,861
302,484	0,427
302,499	0,988
302,514	1,685
302,529	1,820
302,544	1,855
302,559	1,133
302,574	0,571
302,589	1,283
302,604	0,686
302,619	1,323
302,634	1,744
302,649	0,911
302,664	0,505
302,679	1,076
302,694	1,001
302,709	1,337
302,724	1,723
302,739	1,682
302,754	1,191
302,769	0,649
302,784	1,557
302,799	1,712
302,814	1,506
302,829	1,305
302,844	1,476
302,859	0,373
302,874	0,954
302,889	0,899
302,904	1,631
302,919	1,711
302,934	0,738
302,949	1,605
302,964	0,582
302,979	0,928
302,994	1,304
303,009	1,334
303,024	1,484
303,039	1,042
303,054	0,170
303,069	0,741
303,084	0,440
303,099	1,453
303,114	1,423
303,129	1,252
303,144	1,573
303,159	0,098
303,174	0,605
303,189	1,392
303,204	1,051
303,219	1,437
303,234	0,735
303,249	0,268
303,264	1,080
303,279	0,057
303,294	1,446
303,309	1,411
303,324	0,668
303,339	1,496
303,354	0,623
303,369	1,455
303,384	1,535
303,399	1,535
303,414	1,691
303,429	1,164
303,444	0,080
303,459	1,158
303,474	0,411
303,489	1,439
303,504	1,494
303,519	1,113
303,534	0,461
303,549	0,972
303,564	0,365
303,579	1,408
303,594	1,558
303,609	1,443
303,624	1,101
303,639	0,224
303,654	1,262
303,669	0,249
303,684	1,342
303,699	1,482
303,714	1,336
303,729	0,855
303,744	1,110
303,759	0,844
303,774	1,918
303,789	1,842
303,804	1,727
303,819	1,210
303,834	0,518
303,849	1,194
303,864	1,896
303,879	1,716
303,894	1,921
303,909	1,465
303,925	0,602
303,940	1,329
303,954	0,561
303,969	1,845
303,985	2,071
304,000	1,348
304,014	1,644
304,029	1,353
304,045	1,092
304,060	2,045
304,075	1,443
304,089	1,854
304,105	2,069
304,120	0,881
304,135	1,462
304,150	0,950
304,165	1,442
304,180	2,013
304,195	1,442
304,210	2,164
304,225	1,441
304,240	1,396
304,255	2,123
304,270	1,511
304,285	1,927
304,300	2,037
304,315	1,255
304,330	1,259
304,345	0,728
304,360	1,856
304,375	2,322
304,390	1,796
304,405	2,011
304,420	1,419
304,435	0,968
304,450	1,990
304,465	1,940
304,480	2,201
304,495	1,809
304,510	1,187
304,525	1,147
304,540	0,896
304,555	1,698
304,570	2,029
304,585	2,230
304,600	1,131
304,615	1,633
304,630	0,995
304,645	1,978
304,660	1,557
304,675	2,174
304,690	2,194
304,705	0,985
304,720	1,812
304,735	0,769
304,750	1,175
304,765	2,087
304,780	1,751
304,795	0,673
304,810	1,420
304,825	1,104
304,840	2,031
304,855	1,886
304,870	1,705
304,885	1,715
304,900	0,937
304,915	0,777
304,930	1,775
304,945	1,484
304,960	1,815
304,975	1,789
304,990	0,500
305,005	1,137
305,020	1,037
305,035	1,739
305,050	1,804
305,065	1,147
305,080	1,367
305,095	0,775
305,110	1,111
305,125	1,768
305,140	1,216
305,155	1,321
305,170	0,884
305,185	0,634
305,200	1,742
305,215	0,989
305,230	1,601
305,245	1,671
305,260	0,944
305,275	1,676
305,290	0,984
305,305	0,888
305,320	1,354
305,335	0,707
305,350	1,479
305,365	1,128
305,380	0,486
305,395	1,283
305,410	0,260
305,425	1,082
305,440	1,273
305,455	0,937
305,470	0,982
305,485	0,615
305,500	0,580
305,515	1,237
305,530	1,452
305,545	1,267
305,560	1,372
305,575	0,604
305,590	0,599
305,605	0,393
305,620	1,261
305,635	1,607
305,650	0,874
305,665	0,282
305,680	1,115
305,695	0,503
305,710	1,260
305,725	1,179
305,740	1,159
305,755	1,204
305,770	-0,060
305,785	0,111
305,800	1,028
305,815	0,838
305,830	1,148
305,845	1,033
305,860	-0,126
305,875	0,225
305,890	0,080
305,906	1,047
305,921	0,842
305,935	0,967
305,950	0,896
305,966	-0,342
305,981	0,470
305,995	0,700
306,010	0,645
306,026	0,870
306,041	1,000
306,055	0,128
306,070	0,208
306,086	-0,158
306,101	0,649
306,116	0,894
306,131	0,398
306,146	0,528
306,161	0,297
306,176	-0,124
306,191	0,869
306,206	0,287
306,221	0,898
306,236	0,713
306,251	0,181
306,266	0,075
306,281	-0,466
306,296	0,421
306,311	0,777
306,326	0,772
306,341	0,832
306,356	-0,061
306,371	0,450
306,386	0,806
306,401	-0,292
306,416	0,605
306,431	0,640
306,446	-0,609
306,461	0,299
306,476	-0,574
306,491	0,690
306,506	0,589
306,521	0,720
306,536	0,970
306,551	-0,449
306,566	-0,279
306,581	0,694
306,596	0,217
306,611	0,623
306,626	0,332
306,641	-0,245
306,656	0,819
306,671	-0,164
306,686	-0,255
306,701	0,482
306,716	0,366
306,731	-0,632
306,746	-0,135
306,761	-0,747
306,776	0,391
306,791	0,571
306,806	0,626
306,821	0,481
306,836	-0,387
306,851	0,410
306,866	0,395
306,881	0,269
306,896	0,385
306,911	0,766
306,926	-0,649
306,941	0,058
306,956	-0,213
306,971	0,359
306,986	0,414
307,001	0,359
307,016	0,509
307,031	-0,354
307,046	-0,184
307,061	0,553
307,076	-0,224
307,091	0,568
307,106	0,427
307,121	-0,962
307,136	0,161
307,151	0,006
307,166	0,221
307,181	0,437
307,196	0,076
307,211	0,632
307,226	-0,316
307,241	0,266
307,256	0,707
307,271	0,335
307,286	0,691
307,301	0,536
307,316	0,160
307,331	-0,352
307,346	-0,317
307,361	0,254
307,376	0,480
307,391	0,640
307,406	0,424
307,421	-0,473
307,436	-0,143
307,451	0,414
307,466	-0,128
307,481	0,694
307,496	0,423
307,511	-0,189
307,526	-0,174
307,541	-0,274
307,556	0,232
307,571	0,543
307,586	0,152
307,601	0,447
307,616	-0,235
307,631	-0,350
307,646	0,542
307,661	0,708
307,676	0,607
307,691	-0,617
307,706	-0,256
307,721	-0,246
307,736	-0,632
307,751	0,391
307,766	0,722
307,781	0,355
307,796	-0,703
307,811	0,004
307,826	-0,272
307,841	0,299
307,856	0,605
307,871	0,625
307,886	-0,173
307,901	-0,233
307,916	-0,133
307,932	0,424
307,947	-0,013
307,962	0,609
307,976	0,062
307,991	-0,680
308,007	-0,149
308,022	-0,630
308,036	0,282
308,051	0,217
308,067	-0,019
308,082	0,262
308,097	-0,120
308,111	-0,365
308,127	0,517
308,142	-0,110
308,157	0,442
308,172	0,191
308,187	-0,627
308,202	0,055
308,217	-0,597
308,232	0,375
308,247	0,456
308,262	-0,166
308,277	0,486
308,292	-0,553
308,307	0,731
308,322	0,244
308,337	-0,403
308,352	0,164
308,367	0,128
308,382	-0,689
308,397	-0,303
308,412	-0,775
308,427	-0,248
308,442	0,363
308,457	0,082
308,472	0,619
308,487	-0,114
308,502	-0,746
308,517	0,373
308,532	0,422
308,547	0,257
308,562	0,347
308,577	-1,027
308,592	0,151
308,607	-0,927
308,622	0,030
308,637	0,366
308,652	0,466
308,667	-0,241
308,682	-0,266
308,697	-0,949
308,712	-0,026
308,727	0,320
308,742	-0,071
308,757	0,265
308,772	-0,748
308,787	-0,618
308,802	-0,889
308,817	0,214
308,832	0,254
308,847	-0,318
308,862	-1,045
308,877	0,404
308,892	-0,634
308,907	0,027
308,922	0,358
308,937	0,192
308,952	0,272
308,967	-0,560
308,982	-0,415
308,997	0,412
309,012	0,257
309,027	0,422
309,042	0,096
309,057	0,091
309,072	-0,050
309,087	-0,396
309,102	0,065
309,117	0,431
309,132	0,316
309,147	0,531
309,162	-0,512
309,177	-0,698
309,192	0,591
309,207	-0,372
309,222	0,535
309,237	0,535
309,252	-0,212
309,267	-0,172
309,282	-0,543
309,297	-0,147
309,312	0,580
309,327	-0,032
309,342	0,384
309,357	0,073
309,372	-0,324
309,387	0,429
309,402	-0,188
309,417	0,679
309,432	0,423
309,447	-0,585
309,462	-0,415
309,477	-0,540
309,492	-0,054
309,507	0,542
309,522	-0,074
309,537	0,437
309,552	-0,025
309,567	-0,290
309,582	0,286
309,597	0,541
309,612	0,431
309,627	0,451
309,642	-0,121
309,657	-0,181
309,672	-0,617
309,687	0,079
309,702	0,490
309,717	0,440
309,732	-0,478
309,747	0,008
309,762	-0,368
309,777	0,419
309,792	0,188
309,807	0,414
309,822	0,048
309,837	-0,399
309,852	-0,148
309,867	-0,805
309,882	0,152
309,897	0,463
309,912	0,468
309,928	-0,931
309,942	0,001
309,957	-0,305
309,973	0,231
309,988	0,407
310,002	0,668
310,017	0,397
310,033	-0,240
310,048	-0,371
310,062	0,446
310,077	0,256
310,093	0,697
310,108	0,406
310,123	-0,251
310,138	0,114
310,153	-0,723
310,168	0,375
310,183	-0,222
310,198	0,585
310,213	0,380
310,228	0,069
310,243	-0,453
310,258	0,454
310,273	0,063
310,288	0,469
310,303	0,514
310,318	-0,349
310,333	-0,319
310,348	-0,314
310,363	0,112
310,378	0,338
310,393	0,187
310,408	0,337
310,423	-0,325
310,438	0,387
310,453	0,442
310,468	-0,170
310,483	0,367
310,498	0,542
310,513	-0,607
310,528	-0,517
310,543	-0,717
310,558	0,501
310,573	0,486
310,588	0,120
310,603	0,215
310,618	-0,252
310,633	-0,357
310,648	0,280
310,663	0,576
310,678	0,230
310,693	0,219
310,708	-0,338
310,723	-0,202
310,738	-0,734
310,753	-0,228
310,768	0,284
310,783	0,339
310,798	-0,414
310,813	-0,364
310,828	-0,740
310,843	0,619
310,858	0,398
310,873	0,322
310,888	0,473
310,903	-0,190
310,918	-0,606
310,933	0,267
310,948	-0,621
310,963	0,251
310,978	0,407
310,993	-0,667
311,008	-0,020
311,023	-0,416
311,038	0,281
311,053	0,637
311,068	0,140
311,083	0,531
311,098	-0,467
311,113	-0,267
311,128	0,260
311,143	0,209
311,158	0,209
311,173	0,254
311,188	-0,624
311,203	-0,017
311,218	-1,100
311,233	0,153
311,248	0,564
311,263	0,037
311,278	0,403
311,293	-0,289
311,308	-0,499
311,323	-0,003
311,338	-0,399
311,353	0,002
311,368	-0,224
311,383	-0,781
311,398	-0,120
311,413	0,367
311,428	0,292
311,443	-0,787
311,458	-0,225
311,473	0,346
311,488	-0,346
311,503	0,210
311,518	-0,376
311,533	-1,224
311,548	0,019
311,563	-0,151
311,578	0,200
311,593	-0,267
311,608	-0,774
311,623	-0,478
311,638	-1,105
311,653	-0,433
311,668	0,459
311,683	0,083
311,698	0,083
311,713	-0,298
311,728	-0,725
311,743	-0,058
311,758	0,057
311,773	-0,093
311,788	-0,194
311,803	-0,856
311,818	0,252
311,833	-0,951
311,848	-0,355
311,863	0,347
311,878	0,036
311,893	0,307
311,908	-0,541
311,923	-0,496
311,938	0,366
311,954	0,121
311,969	0,436
311,983	0,361
311,998	-0,938
312,014	0,255
312,029	-0,878
312,043	-0,101
312,058	0,340
312,074	-0,257
312,089	-1,004
312,103	0,415
312,119	-0,428
312,134	0,229
312,149	0,605
312,164	0,555
312,179	0,314
312,194	-0,093
312,209	-0,424
312,224	0,193
312,239	0,433
312,254	0,253
312,269	0,363
312,284	-0,851
312,299	-0,059
312,314	-0,916
312,329	0,232
312,344	0,307
312,359	0,081
312,374	0,337
312,389	-0,255
312,404	-0,005
312,419	0,396
312,434	-0,110
312,449	0,186
312,464	0,135
312,479	-0,853
312,494	-0,246
312,509	-1,024
312,524	0,390
312,539	0,250
312,554	-0,272
312,569	0,244
312,584	-0,884
312,599	-0,704
312,614	0,184
312,629	-0,203
312,644	0,384
312,659	-0,062
312,674	-0,975
312,689	-0,304
312,704	-0,550
312,719	0,087
312,734	0,278
312,749	-0,009
312,764	0,312
312,779	-0,214
312,794	-0,555
312,809	0,142
312,824	0,477
312,839	0,432
312,854	0,176
312,869	-0,757
312,884	0,381
312,899	-0,918
312,914	-0,261
312,929	0,576
312,944	0,421
312,959	0,340
312,974	-0,161
312,989	-0,247
313,004	0,225
313,019	0,521
313,034	0,410
313,049	0,335
313,064	-0,382
313,079	-0,558
313,094	-0,694
313,109	0,118
313,124	0,354
313,139	0,233
313,154	-0,770
313,169	-0,293
313,184	-0,585
313,199	0,102
313,214	0,212
313,229	0,388
313,244	0,347
313,259	-0,310
313,274	-0,355
313,289	0,307
313,304	0,011
313,319	0,377
313,334	0,332
313,349	-0,802
313,364	-0,150
313,379	-0,903
313,394	0,065
313,409	0,220
313,424	-0,557
313,439	0,330
313,454	-0,693
313,469	-0,904
313,484	0,184
313,499	-0,116
313,514	0,360
313,529	-0,553
313,544	-0,719
313,559	0,269
313,574	-0,784
313,589	0,153
313,604	0,289
313,619	0,263
313,634	0,353
313,649	-0,830
313,664	-0,825
313,679	0,122
313,694	-0,154
313,709	0,262
313,724	-0,239
313,739	-0,320
313,754	-0,134
313,769	-0,546
313,784	-0,506
313,799	0,322
313,814	0,482
313,829	0,407
313,844	-0,090
313,859	-0,552
313,875	0,431
313,889	0,236
313,904	0,456
313,920	0,411
313,935	-0,091
313,950	-0,477
313,964	-0,217
313,979	0,089
313,995	0,430
314,010	-0,288
314,024	0,274
314,039	-0,709
314,055	-0,348
314,070	0,504
314,084	-0,484
314,099	0,449
314,115	0,343
314,130	0,148
314,145	-0,469
314,160	-0,520
314,175	0,152
314,190	0,297
314,205	0,367
314,220	-0,204
314,235	-0,064
314,250	0,417
314,265	0,001
314,280	0,156
314,295	0,437
314,310	0,116
314,325	-0,311
314,340	-0,371
314,355	0,290
314,370	-0,397
314,385	0,235
314,400	0,185
314,415	-0,768
314,430	-0,046
314,445	-0,859
314,460	0,214
314,475	0,345
314,490	0,274
314,505	0,470
314,520	-0,127
314,535	-0,273
314,550	0,263
314,565	-0,319
314,580	0,494
314,595	0,112
314,610	-0,093
314,625	-0,129
314,640	-0,605
314,655	0,583
314,670	0,443
314,685	-0,756
314,700	0,583
314,715	-0,129
314,730	-0,420
314,745	0,527
314,760	-0,361
314,775	-0,020
314,790	0,697
314,805	0,050
314,820	0,637
314,835	-0,216
314,850	-0,201
314,865	0,025
314,880	0,466
314,895	0,300
314,910	0,134
314,925	-0,894
314,940	-0,327
314,955	-1,160
314,970	-0,423
314,985	-0,303
315,000	-0,654
315,009	-0,525
315,024	0,398
315,039	-0,315
315,054	0,443
315,069	0,512
315,084	0,392
315,099	0,326
315,114	-0,767
315,129	-0,522
315,144	0,381
315,159	0,125
315,174	0,100
315,189	-0,287
315,204	-0,718
315,219	-0,012
315,234	-0,458
315,249	0,429
315,264	-0,288
315,279	-0,253
315,294	0,188
315,309	-0,805
315,324	0,077
315,339	0,433
315,354	0,262
315,369	0,272
315,384	-0,234
315,399	-0,927
315,414	-0,190
315,429	-0,597
315,444	0,281
315,459	0,481
315,474	-0,266
315,489	0,360
315,504	-0,277
315,519	-0,583
315,534	0,360
315,549	0,009
315,564	0,379
315,579	-0,057
315,594	-0,749
315,609	-0,188
315,624	-0,409
315,639	0,128
315,654	0,197
315,669	-0,304
315,684	0,428
315,699	-0,776
315,714	-0,225
315,729	0,502
315,744	0,386
315,759	0,572
315,774	0,311
315,789	-0,878
315,804	0,070
315,819	-0,833
315,834	0,009
315,849	-0,347
315,864	-0,177
315,879	-0,714
315,894	-0,152
315,909	-0,393
315,925	0,604
315,940	0,328
315,954	0,413
315,969	-0,003
315,985	-0,360
316,000	-0,591
316,014	0,342
316,029	-0,210
316,045	-0,075
316,060	-0,065
316,075	-0,622
316,089	-0,356
316,105	-0,617
316,120	0,421
316,135	0,390
316,150	0,531
316,165	0,395
316,180	-0,383
316,195	-0,318
316,210	0,284
316,225	0,258
316,240	0,449
316,255	-0,775
316,270	-0,590
316,285	-0,420
316,300	-0,836
316,315	0,372
316,330	0,643
316,345	-0,240
316,360	0,392
316,375	-0,210
316,390	-0,376
316,405	0,010
316,420	0,265
316,435	0,100
316,450	-0,091
316,465	-0,819
316,480	0,319
316,495	-0,488
316,510	0,013
316,525	0,550
316,540	-0,363
316,555	0,389
316,570	-0,028
316,585	0,358
316,600	0,558
316,615	0,543
316,630	0,533
316,645	0,402
316,660	-0,385
316,675	0,542
316,690	-0,817
316,705	0,351
316,720	-0,095
316,735	0,060
316,750	0,782
316,765	-0,508
316,780	-0,056
316,795	0,345
316,810	0,540
316,825	0,836
316,840	0,073
316,855	-0,353
316,870	0,138
316,885	-0,624
316,900	0,413
316,915	0,619
316,930	0,132
316,945	-0,269
316,960	-0,079
316,975	-0,215
316,990	0,562
317,005	0,256
317,020	0,672
317,035	0,752
317,050	-0,326
317,065	-0,091
317,080	0,315
317,095	0,465
317,110	0,892
317,125	0,375
317,140	-0,122
317,155	0,063
317,170	-0,238
317,185	0,725
317,200	0,664
317,215	0,634
317,230	0,854
317,245	-0,490
317,260	0,112
317,275	0,703
317,290	0,628
317,305	0,808
317,320	0,121
317,335	-0,461
317,350	0,411
317,365	0,416
317,380	0,652
317,395	0,752
317,410	0,115
317,425	1,022
317,440	-0,247
317,455	0,450
317,470	0,951
317,485	0,645
317,500	0,865
317,515	0,694
317,530	-0,284
317,545	0,092
317,560	0,042
317,575	0,909
317,590	0,558
317,605	0,558
317,620	0,753
317,635	-0,471
317,650	-0,240
317,665	0,923
317,680	1,088
317,695	1,048
317,710	0,416
317,725	-0,021
317,740	0,857
317,755	-0,102
317,770	0,981
317,785	1,162
317,800	0,409
317,815	1,096
317,830	0,263
317,845	0,258
317,860	0,940
317,875	1,115
317,890	1,360
317,906	0,663
317,921	-0,109
317,935	0,302
317,950	-0,335
317,966	0,627
317,981	0,998
317,995	0,707
318,010	0,421
318,026	0,059
318,041	0,135
318,055	1,022
318,070	1,122
318,086	0,831
318,101	0,424
318,116	0,219
318,131	0,419
318,146	1,056
318,161	0,875
318,176	0,659
318,191	0,428
318,206	-0,053
318,221	0,673
318,236	0,457
318,251	1,154
318,266	1,239
318,281	0,547
318,296	1,118
318,311	-0,266
318,326	0,265
318,341	1,273
318,356	0,606
318,371	1,132
318,386	0,776
318,401	0,039
318,416	0,329
318,431	0,214
318,446	1,236
318,461	1,181
318,476	0,704
318,491	1,266
318,506	0,584
318,521	0,594
318,536	1,350
318,551	0,483
318,566	1,209
318,581	0,948
318,596	0,085
318,611	1,038
318,626	-0,136
318,641	1,374
318,656	1,258
318,671	0,681
318,686	1,403
318,701	0,595
318,716	0,445
318,731	1,362
318,746	1,457
318,761	1,282
318,776	1,452
318,791	0,770
318,806	0,749
318,821	0,152
318,836	1,105
318,851	0,854
318,866	0,859
318,881	0,583
318,896	1,505
318,911	0,788
318,926	1,635
318,941	1,389
318,956	1,660
318,971	1,474
318,986	0,511
319,001	0,681
319,016	0,299
319,031	1,392
319,046	1,432
319,061	1,648
319,076	0,183
319,091	1,296
319,106	0,875
319,121	1,256
319,136	1,446
319,151	1,401
319,166	1,230
319,181	0,402
319,196	0,989
319,211	1,420
319,226	1,259
319,241	1,535
319,256	1,043
319,271	0,215
319,286	0,933
319,301	0,737
319,316	1,523
319,331	1,618
319,346	0,906
319,361	1,633
319,376	1,196
319,391	1,236
319,406	1,647
319,421	1,412
319,436	1,662
319,451	1,923
319,466	0,523
319,481	1,481
319,496	0,739
319,511	1,616
319,526	1,706
319,541	0,547
319,556	1,780
319,571	0,878
319,586	1,143
319,601	1,765
319,616	1,148
319,631	1,864
319,646	1,353
319,661	0,671
319,676	1,222
319,691	0,936
319,706	1,803
319,721	0,745
319,736	1,472
319,751	1,913
319,766	1,130
319,781	1,541
319,796	1,887
319,811	2,097
319,826	1,992
319,841	1,410
319,856	1,003
319,871	1,068
319,886	0,918
319,901	2,161
319,916	2,096
319,932	2,091
319,947	1,348
319,962	1,077
319,976	1,328
319,991	2,120
320,007	1,844
320,022	2,159
320,036	1,542
320,051	1,276
320,067	1,296
320,082	1,316
320,097	1,842
320,111	2,148
320,127	1,561
320,142	0,904
320,157	1,525
320,172	1,305
320,187	2,182
320,202	1,946
320,217	2,131
320,232	2,066
320,247	1,694
320,262	1,850
320,277	1,935
320,292	1,593
320,307	2,115
320,322	2,210
320,337	1,096
320,352	1,713
320,367	1,347
320,382	2,229
320,397	2,354
320,412	1,817
320,427	2,419
320,442	1,185
320,457	1,631
320,472	2,323
320,487	1,911
320,502	2,458
320,517	1,730
320,532	1,374
320,547	1,986
320,562	1,278
320,577	2,296
320,592	1,789
320,607	2,125
320,622	2,185
320,637	1,794
320,652	1,387
320,667	2,370
320,682	2,314
320,697	2,475
320,712	2,419
320,727	2,685
320,742	2,048
320,757	1,265
320,772	2,388
320,787	2,453
320,802	2,147
320,817	2,668
320,832	1,560
320,847	1,735
320,862	2,633
320,877	2,517
320,892	2,517
320,907	2,220
320,922	1,618
320,937	1,984
320,952	1,523
320,967	2,736
320,982	2,826
320,997	2,114
321,012	1,437
321,027	2,289
321,042	1,572
321,057	2,650
321,072	2,759
321,087	2,443
321,102	2,664
321,117	1,901
321,132	1,886
321,147	2,764
321,162	1,906
321,177	3,260
321,192	2,251
321,207	1,785
321,222	2,196
321,237	2,035
321,252	2,631
321,267	2,817
321,282	2,821
321,297	2,876
321,312	2,099
321,327	2,064
321,342	2,660
321,357	2,073
321,372	2,810
321,387	2,634
321,402	1,425
321,417	2,528
321,432	2,343
321,447	2,939
321,462	3,009
321,477	2,853
321,492	2,858
321,507	1,634
321,522	1,715
321,537	3,058
321,552	2,632
321,567	3,138
321,582	2,631
321,597	1,994
321,612	2,696
321,627	1,753
321,642	2,997
321,657	3,062
321,672	2,690
321,687	3,302
321,702	2,584
321,717	2,258
321,732	2,995
321,747	3,160
321,762	3,355
321,777	2,623
321,792	2,076
321,807	2,427
321,822	1,830
321,837	3,119
321,852	3,284
321,867	2,902
321,882	3,544
321,897	2,275
321,912	2,180
321,928	3,328
321,942	3,292
321,957	3,418
321,973	3,478
321,988	2,550
322,002	3,041
322,017	2,524
322,033	3,266
322,048	3,386
322,062	3,311
322,077	2,187
322,093	2,839
322,108	2,482
322,123	3,320
322,138	3,415
322,153	3,099
322,168	3,324
322,183	2,120
322,198	3,103
322,213	3,338
322,228	3,123
322,243	2,987
322,258	3,172
322,273	2,299
322,288	2,745
322,303	2,745
322,318	3,663
322,333	3,477
322,348	2,975
322,363	3,506
322,378	2,995
322,393	2,889
322,408	3,561
322,423	2,929
322,438	3,696
322,453	3,044
322,468	2,351
322,483	3,033
322,498	2,496
322,513	3,915
322,528	3,790
322,543	2,686
322,558	3,654
322,573	3,207
322,588	3,573
322,603	4,064
322,618	3,603
322,633	3,778
322,648	3,743
322,663	3,416
322,678	3,075
322,693	2,729
322,708	3,722
322,723	4,033
322,738	3,315
322,753	4,117
322,768	3,310
322,783	3,149
322,798	4,122
322,813	3,850
322,828	3,900
322,843	3,729
322,858	3,148
322,873	3,729
322,888	3,368
322,903	3,884
322,918	4,200
322,933	3,648
322,948	3,984
322,963	3,352
322,978	3,928
322,993	3,502
323,008	4,003
323,023	4,048
323,038	4,078
323,053	3,360
323,068	3,174
323,083	2,803
323,098	3,169
323,113	3,906
323,128	3,434
323,143	3,218
323,158	3,594
323,173	2,932
323,188	4,000
323,203	4,000
323,218	4,180
323,233	4,215
323,248	3,242
323,263	3,608
323,278	4,114
323,293	3,753
323,308	4,454
323,323	3,897
323,338	3,115
323,353	3,726
323,368	2,969
323,383	4,217
323,398	4,323
323,413	4,007
323,428	4,067
323,443	4,141
323,458	3,484
323,473	4,341
323,488	3,990
323,503	4,421
323,518	4,602
323,533	3,117
323,548	3,723
323,563	3,162
323,578	4,460
323,593	4,615
323,608	3,998
323,623	4,495
323,638	3,647
323,653	3,677
323,668	4,248
323,683	3,616
323,698	4,599
323,713	4,513
323,728	3,330
323,743	4,016
323,758	3,219
323,773	4,317
323,788	4,382
323,803	4,146
323,818	4,622
323,833	4,060
323,848	4,090
323,863	4,521
323,878	4,817
323,893	4,515
323,908	4,219
323,923	3,898
323,938	3,838
323,954	3,461
323,969	4,334
323,983	4,870
323,998	4,519
324,014	3,827
324,029	4,228
324,043	3,540
324,058	4,392
324,074	4,723
324,089	4,598
324,103	4,657
324,119	3,554
324,134	4,030
324,149	3,574
324,164	4,271
324,179	4,737
324,194	4,451
324,209	3,633
324,224	4,671
324,239	3,642
324,254	4,650
324,269	5,021
324,284	4,610
324,299	4,058
324,314	4,218
324,329	3,922
324,344	4,844
324,359	4,102
324,374	4,954
324,389	4,427
324,404	3,665
324,419	4,457
324,434	3,785
324,449	5,003
324,464	4,943
324,479	3,639
324,494	4,887
324,509	4,431
324,524	4,340
324,539	4,987
324,554	4,731
324,569	5,011
324,584	5,046
324,599	4,168
324,614	4,253
324,629	3,812
324,644	4,990
324,659	4,885
324,674	4,368
324,689	4,929
324,704	4,503
324,719	4,131
324,734	5,224
324,749	4,652
324,764	5,339
324,779	5,153
324,794	4,130
324,809	4,155
324,824	3,984
324,839	5,193
324,854	5,192
324,869	4,831
324,884	5,272
324,899	4,836
324,914	4,389
324,929	5,236
324,944	5,311
324,959	5,251
324,974	5,361
324,989	4,533
325,004	5,225
325,019	4,137
325,034	5,079
325,049	5,320
325,064	4,623
325,079	4,101
325,094	4,767
325,109	4,842
325,124	5,173
325,139	5,574
325,154	5,569
325,169	5,538
325,184	4,435
325,199	4,751
325,214	4,444
325,229	5,136
325,244	5,542
325,259	5,066
325,274	4,308
325,289	5,140
325,304	4,779
325,319	5,641
325,334	5,546
325,349	5,551
325,364	5,345
325,379	5,204
325,394	5,344
325,409	5,615
325,424	4,732
325,439	5,640
325,454	5,589
325,469	4,436
325,484	5,483
325,499	4,405
325,514	5,172
325,529	5,578
325,544	4,570
325,559	5,833
325,574	5,056
325,589	4,504
325,604	5,642
325,619	5,426
325,634	5,892
325,649	5,877
325,664	4,994
325,679	4,768
325,694	4,637
325,709	5,805
325,724	5,685
325,739	5,850
325,754	5,820
325,769	5,213
325,784	4,656
325,799	5,859
325,814	5,072
325,829	5,994
325,844	5,728
325,859	5,046
325,875	5,146
325,889	4,840
325,904	5,762
325,920	5,973
325,935	5,727
325,950	6,013
325,964	4,834
325,979	5,019
325,995	5,811
326,010	5,871
326,024	5,926
326,039	6,157
326,055	5,299
326,070	5,043
326,084	4,601
326,099	6,130
326,115	5,980
326,130	5,403
326,145	4,801
326,160	5,402
326,175	5,066
326,190	5,944
326,205	6,209
326,220	6,023
326,235	6,359
326,250	5,551
326,265	5,566
326,280	6,173
326,295	5,486
326,310	6,328
326,325	6,277
326,340	5,314
326,355	5,665
326,370	4,893
326,385	6,256
326,400	6,226
326,415	6,291
326,430	6,471
326,445	5,774
326,460	5,553
326,475	6,335
326,490	5,432
326,505	6,395
326,520	6,280
326,535	5,392
326,550	5,938
326,565	5,893
326,580	6,454
326,595	6,489
326,610	6,774
326,625	6,538
326,640	5,871
326,655	5,355
326,670	6,417
326,685	6,101
326,700	6,437
326,715	5,720
326,730	5,509
326,745	5,699
326,760	5,573
326,775	5,648
326,790	6,325
326,805	6,194
326,820	6,500
326,835	5,878
326,850	5,106
326,865	6,650
326,880	6,860
326,895	6,700
326,910	6,614
326,925	5,666
326,940	6,092
326,955	5,917
326,970	6,548
326,985	6,899
327,000	6,111
