285,000	39,621
285,015	40,578
285,030	40,543
285,045	40,718
285,060	39,514
285,075	40,111
285,090	40,482
285,105	40,632
285,120	40,275
285,135	40,561
285,150	39,853
285,165	40,645
285,180	40,570
285,195	40,168
285,210	40,484
285,225	40,503
285,240	39,831
285,255	39,826
285,270	39,509
285,285	40,302
285,300	40,356
285,315	39,854
285,330	40,050
285,345	39,769
285,360	39,417
285,375	40,089
285,390	39,842
285,405	39,862
285,420	39,546
285,435	39,279
285,450	39,696
285,465	39,023
285,480	39,495
285,495	39,900
285,510	39,263
285,525	39,564
285,540	38,685
285,555	39,337
285,570	39,432
285,585	38,589
285,600	39,381
285,615	38,949
285,630	38,954
285,645	38,904
285,660	38,136
285,675	38,677
285,690	38,837
285,705	38,311
285,720	37,588
285,735	38,591
285,750	38,295
285,765	38,018
285,780	38,264
285,795	38,183
285,810	38,113
285,825	37,400
285,840	37,405
285,855	38,036
285,870	37,715
285,885	37,805
285,901	37,704
285,916	36,681
285,930	37,082
285,945	36,670
285,961	36,940
285,976	36,529
285,990	36,679
286,005	36,894
286,021	36,282
286,036	36,703
286,050	36,567
286,065	35,664
286,080	36,391
286,096	36,170
286,111	35,292
286,125	35,397
286,141	35,317
286,156	35,472
286,171	35,426
286,186	35,100
286,201	35,360
286,216	34,934
286,231	34,748
286,246	35,299
286,261	35,098
286,276	34,897
286,291	34,510
286,306	33,888
286,321	34,394
286,336	33,948
286,351	34,374
286,366	34,158
286,381	33,751
286,396	34,072
286,411	33,600
286,426	33,038
286,441	33,549
286,456	33,413
286,471	33,368
286,486	33,192
286,501	33,117
286,516	32,966
286,531	32,735
286,546	32,454
286,561	32,814
286,576	32,302
286,591	32,352
286,606	31,770
286,621	30,992
286,636	32,065
286,651	31,929
286,666	31,638
286,681	31,878
286,696	31,056
286,711	30,784
286,726	30,649
286,741	30,358
286,756	30,954
286,771	30,487
286,786	29,960
286,801	30,140
286,816	29,353
286,831	30,235
286,846	30,240
286,861	30,104
286,876	29,898
286,891	29,100
286,906	28,914
286,921	29,701
286,936	29,119
286,951	29,405
286,966	29,239
286,981	28,516
286,996	28,105
287,011	28,616
287,026	29,012
287,041	28,515
287,056	28,058
287,071	27,601
287,086	28,117
287,101	28,162
287,116	26,989
287,131	27,169
287,146	27,660
287,161	27,459
287,176	27,358
287,191	26,806
287,206	27,066
287,221	26,850
287,236	27,011
287,251	26,554
287,266	26,483
287,281	25,711
287,296	25,565
287,311	25,961
287,326	25,875
287,341	25,996
287,356	25,930
287,371	24,821
287,386	25,006
287,401	24,886
287,416	25,226
287,431	25,191
287,446	25,291
287,461	25,004
287,476	24,763
287,491	24,241
287,506	24,507
287,521	24,361
287,536	24,451
287,551	24,245
287,566	23,573
287,581	23,617
287,596	23,030
287,611	23,526
287,626	23,476
287,641	23,260
287,656	22,507
287,671	22,838
287,686	22,843
287,701	22,652
287,716	22,807
287,731	22,746
287,746	22,706
287,761	21,482
287,776	22,480
287,791	22,399
287,806	22,168
287,821	21,300
287,836	22,072
287,851	21,921
287,866	21,223
287,881	20,546
287,897	21,183
287,911	21,152
287,926	21,112
287,942	21,162
287,957	20,625
287,971	20,624
287,986	20,554
288,002	20,282
288,017	20,458
288,031	20,101
288,046	19,985
288,062	19,945
288,077	19,273
288,092	20,130
288,107	19,934
288,122	19,222
288,137	19,843
288,152	18,895
288,167	18,669
288,182	19,145
288,197	18,748
288,212	19,229
288,227	19,038
288,242	18,241
288,257	18,536
288,272	17,563
288,287	18,330
288,302	18,751
288,317	18,029
288,332	18,620
288,347	17,902
288,362	17,245
288,377	18,097
288,392	17,631
288,407	17,911
288,422	18,091
288,437	17,374
288,452	17,178
288,467	17,558
288,482	17,408
288,497	17,071
288,512	16,308
288,527	16,624
288,542	16,644
288,557	16,920
288,572	16,307
288,587	16,914
288,602	16,868
288,617	16,402
288,632	15,855
288,647	16,436
288,662	15,999
288,677	16,255
288,692	16,505
288,707	15,788
288,722	15,607
288,737	16,113
288,752	15,446
288,767	16,057
288,782	15,947
288,797	16,122
288,812	15,554
288,827	15,068
288,842	15,057
288,857	15,067
288,872	15,412
288,887	15,523
288,902	15,708
288,917	14,654
288,932	15,246
288,947	14,649
288,962	15,160
288,977	14,733
288,992	14,988
289,007	15,344
289,022	14,908
289,037	15,033
289,052	15,032
289,067	14,500
289,082	14,831
289,097	15,056
289,112	14,058
289,127	14,805
289,142	14,092
289,157	14,594
289,172	14,919
289,187	14,663
289,202	14,612
289,217	14,216
289,232	14,356
289,247	14,927
289,262	14,400
289,277	13,959
289,292	14,174
289,307	14,665
289,322	13,757
289,337	13,772
289,352	14,474
289,367	14,714
289,382	14,443
289,397	13,725
289,412	14,828
289,427	14,467
289,442	14,662
289,457	14,572
289,472	14,787
289,487	14,812
289,502	14,280
289,517	14,410
289,532	14,069
289,547	14,735
289,562	15,076
289,577	14,343
289,592	14,860
289,607	14,282
289,622	13,886
289,637	15,144
289,652	14,953
289,667	15,098
289,682	15,138
289,697	14,912
289,712	14,591
289,727	14,355
289,742	15,147
289,757	15,432
289,772	15,362
289,787	14,639
289,802	15,025
289,817	14,558
289,832	15,446
289,847	15,726
289,862	15,781
289,877	15,846
289,892	15,520
289,907	15,168
289,923	15,956
289,937	16,366
289,952	16,346
289,967	15,247
289,983	15,608
289,998	16,074
290,012	16,365
290,027	16,449
290,043	15,953
290,058	16,519
290,072	16,875
290,088	16,122
290,103	16,307
290,118	17,044
290,133	16,367
290,148	17,204
290,163	16,050
290,178	16,611
290,193	17,148
290,208	16,731
290,223	17,252
290,238	17,483
290,253	17,527
290,268	17,577
290,283	17,402
290,298	17,211
290,313	18,033
290,328	17,401
290,343	18,223
290,358	17,631
290,373	17,490
290,388	17,374
290,403	17,334
290,418	18,111
290,433	18,732
290,448	17,950
290,463	18,882
290,478	18,280
290,493	18,009
290,508	18,957
290,523	18,750
290,538	18,830
290,553	18,785
290,568	18,353
290,583	18,288
290,598	18,257
290,613	18,809
290,628	19,034
290,643	18,421
290,658	19,118
290,673	18,040
290,688	18,009
290,703	18,952
290,718	18,595
290,733	18,264
290,748	17,918
290,763	18,338
290,778	18,343
290,793	17,370
290,808	17,555
290,823	17,875
290,838	17,955
290,853	16,902
290,868	16,912
290,883	16,505
290,898	17,212
290,913	16,620
290,928	16,690
290,943	16,494
290,958	15,801
290,973	15,309
290,988	15,926
291,003	14,922
291,018	15,213
291,033	14,841
291,048	14,520
291,063	14,510
291,078	14,284
291,093	13,917
291,108	13,631
291,123	13,415
291,138	13,184
291,153	12,416
291,168	12,110
291,183	12,511
291,198	11,758
291,213	11,959
291,228	11,622
291,243	10,428
291,258	10,658
291,273	10,056
291,288	10,206
291,303	10,417
291,318	9,523
291,333	9,980
291,348	9,242
291,363	8,775
291,378	9,311
291,393	9,015
291,408	8,925
291,423	8,408
291,438	7,725
291,453	8,417
291,468	8,040
291,483	7,579
291,498	7,142
291,513	7,011
291,528	7,452
291,543	6,203
291,558	7,171
291,573	6,789
291,588	7,030
291,603	6,342
291,618	6,578
291,633	6,196
291,648	6,396
291,663	5,418
291,678	5,548
291,693	6,029
291,708	5,492
291,723	5,582
291,738	5,216
291,753	4,448
291,768	5,175
291,783	5,184
291,798	5,304
291,813	5,354
291,828	4,777
291,843	4,175
291,858	4,335
291,873	4,099
291,889	4,937
291,903	4,625
291,918	3,737
291,933	3,947
291,949	3,681
291,964	4,077
291,978	4,408
291,993	4,197
292,009	4,146
292,024	3,418
292,038	3,042
292,053	3,628
292,068	3,242
292,084	3,703
292,099	3,748
292,114	2,644
292,129	2,749
292,144	2,739
292,159	3,656
292,174	3,510
292,189	2,367
292,204	2,341
292,219	3,309
292,234	3,208
292,249	2,190
292,264	3,032
292,279	3,047
292,294	2,500
292,309	1,998
292,324	2,855
292,339	1,987
292,354	2,804
292,369	2,618
292,384	2,382
292,399	2,778
292,414	2,442
292,429	1,639
292,444	2,526
292,459	1,553
292,474	2,490
292,489	2,370
292,504	1,507
292,519	1,988
292,534	1,531
292,549	1,380
292,564	2,398
292,579	2,052
292,594	2,448
292,609	1,765
292,624	1,223
292,639	2,101
292,654	2,170
292,669	1,864
292,684	2,109
292,699	1,392
292,714	1,482
292,729	1,461
292,744	1,356
292,759	1,932
292,774	1,842
292,789	1,204
292,804	1,786
292,819	0,627
292,834	1,339
292,849	1,740
292,864	1,719
292,879	0,901
292,894	0,906
292,909	1,673
292,924	1,653
292,939	1,005
292,954	0,478
292,969	1,295
292,984	1,601
292,999	0,899
293,014	0,663
293,029	1,349
293,044	1,314
293,059	1,364
293,074	1,433
293,089	0,832
293,104	1,218
293,119	1,377
293,134	0,695
293,149	1,206
293,164	1,146
293,179	0,940
293,194	1,025
293,209	0,197
293,224	0,362
293,239	1,024
293,254	0,802
293,269	1,073
293,284	0,240
293,299	0,084
293,314	0,956
293,329	0,826
293,344	-0,087
293,359	0,640
293,374	1,206
293,389	0,874
293,404	0,839
293,419	0,257
293,434	-0,365
293,449	0,597
293,464	-0,145
293,479	0,812
293,494	0,897
293,509	0,069
293,524	0,756
293,539	0,119
293,554	0,600
293,569	0,750
293,584	0,258
293,599	0,659
293,614	0,659
293,629	0,658
293,644	0,533
293,659	0,959
293,674	0,788
293,689	0,552
293,704	-0,211
293,719	-0,136
293,734	0,320
293,749	0,204
293,764	-0,187
293,779	-0,012
293,794	0,163
293,809	0,027
293,824	0,734
293,839	-0,124
293,854	0,538
293,869	0,437
293,884	-0,682
293,899	-0,040
293,914	0,181
293,930	0,431
293,945	0,250
293,959	-0,026
293,974	-0,603
293,990	-0,388
294,005	-0,248
294,019	0,353
294,034	0,368
294,050	-0,269
294,065	0,127
294,079	-0,631
294,094	0,261
294,110	0,246
294,125	0,055
294,140	0,245
294,155	0,145
294,170	-0,167
294,185	-0,317
294,200	-0,624
294,215	0,098
294,230	0,098
294,245	-0,630
294,260	0,107
294,275	-0,635
294,290	-0,320
294,305	0,051
294,320	-0,115
294,335	-0,140
294,350	-0,727
294,365	-0,086
294,380	-0,547
294,395	-0,187
294,410	-0,884
294,425	-0,122
294,440	-0,007
294,455	-0,554
294,470	-1,011
294,485	-0,199
294,500	0,237
294,515	-0,189
294,530	0,106
294,545	-0,646
294,560	-0,878
294,575	-0,512
294,590	-1,034
294,605	-0,357
294,620	-0,152
294,635	-0,554
294,650	-0,519
294,665	-0,514
294,680	-0,554
294,695	-0,018
294,710	0,172
294,725	-0,004
294,740	-0,074
294,755	-0,942
294,770	0,016
294,785	0,135
294,800	-0,306
294,815	-0,176
294,830	-0,518
294,845	-1,005
294,860	-0,569
294,875	-0,805
294,890	-0,158
294,905	0,123
294,920	-0,078
294,935	-0,575
294,950	-0,942
294,965	-0,441
294,980	-0,280
294,995	-0,772
295,010	0,050
295,025	-0,562
295,040	-0,648
295,055	-0,934
295,070	0,043
295,085	0,344
295,100	-0,775
295,115	-0,514
295,130	0,122
295,145	0,067
295,160	-0,340
295,175	0,212
295,190	0,241
295,205	0,176
295,220	-0,211
295,235	-0,567
295,250	0,285
295,265	-0,317
295,280	-0,071
295,295	0,349
295,310	0,349
295,325	0,379
295,340	-0,374
295,355	-0,630
295,370	0,408
295,385	0,387
295,400	0,553
295,415	0,096
295,430	-0,416
295,445	0,572
295,460	-0,532
295,475	0,556
295,490	0,696
295,505	0,224
295,520	0,670
295,535	0,113
295,550	-0,013
295,565	0,855
295,580	0,925
295,595	0,739
295,610	0,618
295,625	-0,050
295,640	0,457
295,655	0,517
295,670	1,073
295,685	0,917
295,700	0,826
295,715	0,626
295,730	0,249
295,745	0,259
295,760	1,016
295,775	0,569
295,790	1,040
295,805	0,739
295,820	1,516
295,835	1,059
295,850	1,194
295,865	0,913
295,880	1,078
295,895	0,641
295,911	0,526
295,925	0,922
295,940	0,711
295,955	1,418
295,971	1,588
295,986	0,825
296,000	1,020
296,015	0,910
296,031	1,822
296,046	1,150
296,060	1,515
296,075	1,816
296,091	0,913
296,106	1,073
296,121	1,434
296,136	1,504
296,151	2,095
296,166	2,085
296,181	1,367
296,196	2,245
296,211	1,733
296,226	1,652
296,241	2,128
296,256	1,646
296,271	2,083
296,286	2,192
296,301	1,375
296,316	1,800
296,331	1,254
296,346	2,001
296,361	2,507
296,376	2,065
296,391	2,496
296,406	2,014
296,421	1,793
296,436	2,595
296,451	2,595
296,466	2,559
296,481	2,484
296,496	1,656
296,511	2,152
296,526	2,673
296,541	2,909
296,556	2,422
296,571	1,614
296,586	2,687
296,601	2,847
296,616	2,255
296,631	2,119
296,646	2,320
296,661	2,951
296,676	1,883
296,691	2,058
296,706	2,810
296,721	1,942
296,736	2,694
296,751	3,090
296,766	1,976
296,781	3,129
296,796	2,547
296,811	2,697
296,826	2,962
296,841	3,268
296,856	3,268
296,871	3,317
296,886	2,179
296,901	2,930
296,916	3,181
296,931	2,639
296,946	3,436
296,961	3,240
296,976	2,197
296,991	3,265
297,006	2,542
297,021	3,334
297,036	3,695
297,051	2,772
297,066	3,529
297,081	2,721
297,096	3,132
297,111	3,558
297,126	3,522
297,141	3,728
297,156	3,948
297,171	2,960
297,186	3,626
297,201	2,668
297,216	3,856
297,231	3,946
297,246	3,294
297,261	3,343
297,276	3,463
297,291	3,824
297,306	3,910
297,321	3,267
297,336	3,237
297,351	3,893
297,366	4,043
297,381	3,546
297,396	3,060
297,411	4,007
297,426	4,217
297,441	3,650
297,456	3,344
297,471	3,434
297,486	4,301
297,501	3,323
297,516	4,200
297,531	4,265
297,546	3,899
297,561	3,743
297,576	3,602
297,591	3,391
297,606	4,259
297,621	4,499
297,636	4,483
297,651	3,495
297,666	3,861
297,681	3,725
297,696	4,427
297,711	4,407
297,726	4,627
297,741	4,566
297,756	3,643
297,771	4,425
297,786	4,224
297,801	4,610
297,816	4,941
297,831	4,007
297,846	3,972
297,861	4,268
297,876	3,991
297,891	4,954
297,906	4,247
297,921	5,129
297,937	5,023
297,952	4,582
297,966	5,103
297,981	4,762
297,997	4,822
298,012	4,370
298,026	5,282
298,041	4,509
298,057	4,700
298,072	5,527
298,087	5,542
298,102	5,597
298,116	4,678
298,132	5,425
298,147	5,605
298,162	5,379
298,177	4,918
298,192	5,378
298,207	5,990
298,222	5,819
298,237	5,132
298,252	6,044
298,267	6,069
298,282	5,256
298,297	5,311
298,312	6,349
298,327	5,511
298,342	6,308
298,357	6,478
298,372	6,207
298,387	6,427
298,402	5,875
298,417	6,582
298,432	6,883
298,447	6,787
298,462	5,874
298,477	6,681
298,492	6,631
298,507	7,096
298,522	6,730
298,537	7,372
298,552	7,803
298,567	6,699
298,582	7,526
298,597	7,145
298,612	7,942
298,627	8,393
298,642	8,824
298,657	8,512
298,672	9,054
298,687	9,229
298,702	8,892
298,717	9,359
298,732	10,622
298,747	11,074
298,762	11,324
298,777	12,367
298,792	14,598
298,807	16,479
298,822	18,585
298,837	20,982
298,852	26,268
298,867	30,877
298,882	36,549
298,897	42,727
298,912	50,220
298,927	57,332
298,942	66,615
298,957	74,930
298,972	84,279
298,987	94,184
299,002	103,076
299,017	113,147
299,032	123,513
299,047	132,270
299,062	142,165
299,077	150,320
299,092	157,221
299,107	163,961
299,122	168,404
299,137	172,978
299,152	174,763
299,167	174,196
299,182	173,268
299,197	169,767
299,212	165,785
299,227	161,807
299,242	155,954
299,257	151,871
299,272	146,900
299,287	141,101
299,302	136,327
299,317	131,366
299,332	127,619
299,347	122,899
299,362	118,932
299,377	114,738
299,392	110,144
299,407	106,091
299,422	102,846
299,437	99,003
299,452	95,653
299,467	91,194
299,482	88,510
299,497	85,686
299,512	82,687
299,527	79,837
299,542	76,792
299,557	74,595
299,572	71,827
299,587	69,173
299,602	66,329
299,617	64,824
299,632	62,532
299,647	60,365
299,662	57,465
299,677	56,442
299,692	53,583
299,707	51,762
299,722	51,044
299,737	49,284
299,752	47,869
299,767	45,386
299,782	44,307
299,797	42,286
299,812	41,994
299,827	40,725
299,842	39,586
299,857	38,282
299,872	36,943
299,887	35,342
299,902	34,986
299,917	33,776
299,933	32,969
299,947	32,010
299,962	30,415
299,978	30,360
299,993	28,784
300,007	28,513
300,022	28,082
300,038	26,687
300,053	26,566
300,067	25,723
300,083	24,289
300,098	24,399
300,113	23,285
300,128	23,209
300,143	22,763
300,158	21,513
300,173	20,986
300,188	20,780
300,203	20,825
300,218	20,002
300,233	19,892
300,248	19,254
300,263	19,069
300,278	18,070
300,293	18,471
300,308	17,598
300,323	17,533
300,338	16,865
300,353	15,761
300,368	15,881
300,383	15,540
300,398	15,424
300,413	15,479
300,428	15,318
300,443	15,182
300,458	14,344
300,473	13,913
300,488	14,203
300,503	13,987
300,518	13,746
300,533	13,892
300,548	13,169
300,563	12,777
300,578	11,989
300,593	12,435
300,608	12,611
300,623	12,465
300,638	11,361
300,653	11,777
300,668	11,110
300,683	11,891
300,698	11,906
300,713	11,751
300,728	11,479
300,743	10,998
300,758	11,288
300,773	11,183
300,788	10,395
300,803	10,891
300,818	10,449
300,833	9,636
300,848	10,469
300,863	10,037
300,878	10,317
300,893	10,272
300,908	10,041
300,923	9,760
300,938	9,659
300,953	9,929
300,968	9,668
300,983	9,247
300,998	8,920
301,013	9,923
301,028	9,552
301,043	9,190
301,058	8,558
301,073	9,395
301,088	9,370
301,103	8,738
301,118	9,118
301,133	8,752
301,148	8,907
301,163	8,325
301,178	8,891
301,193	8,891
301,208	8,890
301,223	7,782
301,238	7,952
301,253	7,896
301,268	8,468
301,283	8,703
301,298	8,567
301,313	8,502
301,328	8,487
301,343	8,070
301,358	8,200
301,373	8,521
301,388	8,430
301,403	8,304
301,418	7,847
301,433	7,446
301,448	7,260
301,463	7,902
301,478	8,067
301,493	7,891
301,508	8,046
301,523	7,013
301,538	6,932
301,553	7,925
301,568	7,724
301,583	7,528
301,598	7,723
301,613	6,860
301,628	6,925
301,643	7,291
301,658	7,772
301,673	7,656
301,688	7,209
301,703	7,434
301,718	7,063
301,733	7,640
301,748	6,561
301,763	7,464
301,778	7,729
301,793	7,688
301,808	6,926
301,823	6,785
301,838	7,592
301,853	6,679
301,868	7,145
301,884	7,380
301,898	6,643
301,913	7,555
301,928	6,537
301,943	7,098
301,959	7,138
301,974	7,198
301,988	7,247
302,003	6,976
302,019	6,239
302,034	7,387
302,048	6,810
302,063	7,246
302,079	7,301
302,094	6,543
302,109	7,129
302,124	6,432
302,139	6,532
302,154	7,204
302,169	6,647
302,184	6,977
302,199	6,576
302,214	6,736
302,229	6,986
302,244	6,183
302,259	6,945
302,274	7,016
302,289	6,398
302,304	6,909
302,319	6,438
302,334	6,803
302,349	6,989
302,364	6,878
302,379	7,108
302,394	5,974
302,409	6,817
302,424	6,751
302,439	6,906
302,454	5,883
302,469	6,554
302,484	6,975
302,499	6,559
302,514	5,992
302,529	6,383
302,544	6,342
302,559	6,292
302,574	6,813
302,589	6,547
302,604	6,035
302,619	6,862
302,634	6,841
302,649	6,766
302,664	6,941
302,679	6,264
302,694	6,188
302,709	5,982
302,724	6,519
302,739	6,784
302,754	6,804
302,769	6,482
302,784	6,020
302,799	5,789
302,814	6,747
302,829	6,772
302,844	6,947
302,859	6,911
302,874	6,695
302,889	5,757
302,904	6,735
302,919	6,338
302,934	6,765
302,949	6,834
302,964	6,006
302,979	6,367
302,994	6,026
303,009	6,387
303,024	6,662
303,039	6,546
303,054	6,747
303,069	6,044
303,084	6,084
303,099	6,690
303,114	6,620
303,129	6,715
303,144	6,138
303,159	6,002
303,174	6,659
303,189	6,483
303,204	5,881
303,219	6,101
303,234	6,592
303,249	5,900
303,264	5,814
303,279	6,686
303,294	6,641
303,309	6,104
303,324	6,309
303,339	5,732
303,354	6,068
303,369	5,666
303,384	5,932
303,399	6,739
303,414	6,628
303,429	5,740
303,444	6,377
303,459	6,010
303,474	6,606
303,489	6,626
303,504	6,551
303,519	6,285
303,534	5,883
303,549	6,139
303,564	6,489
303,579	6,203
303,594	6,654
303,609	6,232
303,624	5,420
303,639	6,106
303,654	6,041
303,669	6,753
303,684	6,547
303,699	5,844
303,714	6,782
303,729	6,044
303,744	6,114
303,759	6,590
303,774	6,058
303,789	6,850
303,804	6,669
303,819	5,852
303,834	6,583
303,849	6,573
303,864	6,888
303,879	6,266
303,894	6,000
303,909	6,506
303,925	6,361
303,940	6,656
303,954	6,214
303,969	6,425
303,985	6,224
304,000	6,259
304,014	6,153
304,029	6,544
304,045	6,027
304,060	6,307
304,075	6,678
304,089	6,066
304,105	6,612
304,120	6,326
304,135	6,336
304,150	6,732
304,165	6,766
304,180	6,771
304,195	6,791
304,210	6,138
304,225	6,369
304,240	5,877
304,255	6,749
304,270	6,704
304,285	6,924
304,300	5,836
304,315	6,422
304,330	5,770
304,345	6,767
304,360	6,737
304,375	6,917
304,390	6,756
304,405	6,109
304,420	6,871
304,435	6,840
304,450	6,439
304,465	6,238
304,480	6,940
304,495	6,669
304,510	7,074
304,525	7,044
304,540	5,895
304,555	6,075
304,570	6,872
304,585	6,992
304,600	6,646
304,615	6,390
304,630	6,746
304,645	6,093
304,660	6,504
304,675	6,042
304,690	6,965
304,705	7,225
304,720	6,944
304,735	5,941
304,750	6,377
304,765	6,868
304,780	6,797
304,795	5,939
304,810	7,133
304,825	6,159
304,840	6,410
304,855	6,229
304,870	7,101
304,885	7,066
304,900	7,091
304,915	7,286
304,930	6,473
304,945	6,407
304,960	7,014
304,975	6,582
304,990	7,189
305,005	7,048
305,020	6,235
305,035	6,811
305,050	6,325
305,065	7,127
305,080	7,056
305,095	6,715
305,110	7,402
305,125	6,383
305,140	6,563
305,155	6,914
305,170	6,678
305,185	7,124
305,200	7,048
305,215	6,351
305,230	6,942
305,245	6,285
305,260	7,027
305,275	7,187
305,290	7,127
305,305	6,685
305,320	7,522
305,335	7,211
305,350	7,396
305,365	6,884
305,380	6,427
305,395	7,430
305,410	7,324
305,425	6,567
305,440	6,727
305,455	7,373
305,470	7,233
305,485	6,761
305,500	7,337
305,515	6,625
305,530	7,227
305,545	7,256
305,560	6,559
305,575	7,396
305,590	6,784
305,605	6,623
305,620	6,813
305,635	6,296
305,650	7,424
305,665	7,464
305,680	7,158
305,695	7,273
305,710	7,273
305,725	6,650
305,740	7,272
305,755	7,061
305,770	7,472
305,785	7,682
305,800	6,889
305,815	6,924
305,830	7,591
305,845	6,858
305,860	7,575
305,875	7,239
305,890	6,927
305,906	7,459
305,921	6,892
305,935	7,378
305,950	7,668
305,966	7,653
305,981	7,417
305,995	6,544
306,010	6,824
306,026	7,305
306,041	7,576
306,055	7,626
306,070	7,093
306,086	7,494
306,101	7,610
306,116	7,579
306,131	6,506
306,146	7,819
306,161	7,563
306,176	7,427
306,191	7,051
306,206	7,412
306,221	7,777
306,236	7,326
306,251	7,526
306,266	7,059
306,281	7,716
306,296	7,595
306,311	6,893
306,326	7,615
306,341	7,674
306,356	6,872
306,371	7,438
306,386	7,257
306,401	6,695
306,416	7,512
306,431	7,436
306,446	7,366
306,461	7,386
306,476	7,150
306,491	7,190
306,506	6,713
306,521	7,144
306,536	7,916
306,551	7,680
306,566	7,774
306,581	7,523
306,596	6,976
306,611	7,588
306,626	7,633
306,641	7,773
306,656	7,973
306,671	7,466
306,686	7,170
306,701	6,683
306,716	7,621
306,731	7,635
306,746	7,304
306,761	7,043
306,776	6,887
306,791	7,654
306,806	7,674
306,821	7,718
306,836	7,146
306,851	7,768
306,866	7,732
306,881	6,885
306,896	6,939
306,911	7,606
306,926	7,746
306,941	7,866
306,956	6,908
306,971	7,610
306,986	6,942
307,001	7,760
307,016	7,849
307,031	7,583
307,046	7,753
307,061	6,905
307,076	7,206
307,091	7,938
307,106	7,601
307,121	7,842
307,136	7,726
307,151	6,783
307,166	7,480
307,181	7,018
307,196	7,645
307,211	7,955
307,226	7,554
307,241	7,779
307,256	7,543
307,271	7,402
307,286	7,793
307,301	7,602
307,316	7,828
307,331	7,857
307,346	7,406
307,361	7,837
307,376	6,984
307,391	7,826
307,406	7,710
307,421	8,011
307,436	8,020
307,451	7,232
307,466	7,257
307,481	7,703
307,496	7,758
307,511	7,893
307,526	8,204
307,541	7,817
307,556	8,198
307,571	8,253
307,586	6,903
307,601	7,831
307,616	7,876
307,631	7,544
307,646	7,619
307,661	7,870
307,676	7,242
307,691	7,548
307,706	6,876
307,721	7,728
307,736	6,805
307,751	7,537
307,766	8,073
307,781	7,581
307,796	7,370
307,811	7,896
307,826	7,645
307,841	8,086
307,856	8,011
307,871	8,100
307,886	8,241
307,901	7,042
307,916	7,342
307,932	8,235
307,947	7,186
307,962	7,015
307,976	8,093
307,991	7,872
308,007	7,009
308,022	7,982
308,036	7,987
308,051	8,147
308,067	7,745
308,082	7,800
308,097	7,609
308,111	7,378
308,127	8,125
308,142	7,608
308,157	7,402
308,172	8,204
308,187	7,913
308,202	8,133
308,217	8,103
308,232	7,786
308,247	8,087
308,262	7,043
308,277	7,931
308,292	7,534
308,307	7,158
308,322	8,035
308,337	8,231
308,352	7,077
308,367	7,477
308,382	8,305
308,397	8,174
308,412	7,732
308,427	8,404
308,442	7,832
308,457	7,621
308,472	7,515
308,487	7,319
308,502	8,071
308,517	8,367
308,532	7,524
308,547	8,145
308,562	7,117
308,577	7,493
308,592	8,365
308,607	8,209
308,622	8,028
308,637	7,622
308,652	7,421
308,667	7,651
308,682	7,410
308,697	8,332
308,712	8,137
308,727	7,820
308,742	8,266
308,757	7,579
308,772	8,241
308,787	8,095
308,802	8,310
308,817	8,505
308,832	7,602
308,847	7,476
308,862	8,148
308,877	7,095
308,892	8,097
308,907	8,318
308,922	7,299
308,937	7,815
308,952	8,151
308,967	8,241
308,982	8,206
308,997	7,769
309,012	8,461
309,027	8,360
309,042	8,259
309,057	7,361
309,072	7,732
309,087	8,012
309,102	7,345
309,117	7,199
309,132	7,299
309,147	8,162
309,162	7,860
309,177	8,367
309,192	7,790
309,207	7,975
309,222	8,351
309,237	7,302
309,252	8,004
309,267	7,261
309,282	8,354
309,297	8,504
309,312	7,957
309,327	7,536
309,342	7,932
309,357	8,378
309,372	8,347
309,387	7,785
309,402	8,467
309,417	7,915
309,432	7,593
309,447	7,623
309,462	8,470
309,477	8,114
309,492	8,425
309,507	7,898
309,522	7,551
309,537	7,972
309,552	7,561
309,567	8,619
309,582	8,578
309,597	7,926
309,612	8,673
309,627	7,794
309,642	8,361
309,657	8,451
309,672	8,771
309,687	8,721
309,702	8,044
309,717	8,364
309,732	8,805
309,747	7,978
309,762	8,002
309,777	8,674
309,792	8,714
309,807	8,653
309,822	7,770
309,837	8,507
309,852	8,331
309,867	8,165
309,882	8,601
309,897	8,320
309,912	7,953
309,928	8,224
309,942	7,682
309,957	8,630
309,973	8,679
309,988	8,393
310,002	8,553
310,017	7,891
310,033	8,021
310,048	8,738
310,062	8,742
310,077	8,807
310,093	8,170
310,108	8,104
310,123	7,919
310,138	7,587
310,153	8,630
310,168	8,780
310,183	8,188
310,198	8,398
310,213	8,283
310,228	8,333
310,243	8,693
310,258	8,703
310,273	8,693
310,288	7,739
310,303	7,854
310,318	8,401
310,333	7,989
310,348	8,139
310,363	8,645
310,378	8,384
310,393	8,053
310,408	8,098
310,423	8,734
310,438	8,573
310,453	8,598
310,468	8,081
310,483	8,703
310,498	8,712
310,513	8,156
310,528	8,165
310,543	8,787
310,558	8,786
310,573	8,380
310,588	8,169
310,603	8,615
310,618	8,579
310,633	8,739
310,648	9,035
310,663	8,794
310,678	9,004
310,693	7,905
310,708	8,307
310,723	8,873
310,738	8,717
310,753	8,722
310,768	7,829
310,783	7,888
310,798	8,695
310,813	8,128
310,828	8,635
310,843	8,760
310,858	8,233
310,873	8,553
310,888	8,307
310,903	8,247
310,918	9,059
310,933	8,306
310,948	8,767
310,963	8,782
310,978	8,356
310,993	8,355
311,008	8,049
311,023	8,841
311,038	8,856
311,053	8,138
311,068	9,086
311,083	8,363
311,098	8,012
311,113	8,759
311,128	8,036
311,143	8,352
311,158	8,502
311,173	8,667
311,188	9,203
311,203	8,706
311,218	8,089
311,233	9,022
311,248	8,916
311,263	8,675
311,278	7,982
311,293	8,348
311,308	9,000
311,323	8,137
311,338	8,287
311,353	8,552
311,368	8,788
311,383	8,401
311,398	8,045
311,413	8,902
311,428	8,917
311,443	8,440
311,458	7,988
311,473	8,374
311,488	8,369
311,503	8,975
311,518	8,448
311,533	8,975
311,548	8,819
311,563	8,252
311,578	8,347
311,593	9,264
311,608	9,093
311,623	8,963
311,638	9,063
311,653	8,410
311,668	8,620
311,683	8,259
311,698	8,981
311,713	8,905
311,728	8,479
311,743	9,045
311,758	8,749
311,773	8,402
311,788	9,159
311,803	8,808
311,818	8,848
311,833	8,757
311,848	8,180
311,863	8,937
311,878	8,144
311,893	9,062
311,908	8,495
311,923	8,123
311,938	8,900
311,954	8,950
311,969	8,829
311,983	8,312
311,998	9,024
312,014	9,189
312,029	8,958
312,043	7,829
312,058	8,677
312,074	8,436
312,089	8,385
312,103	8,445
312,119	9,162
312,134	9,071
312,149	8,825
312,164	8,358
312,179	9,246
312,194	8,714
312,209	9,190
312,224	9,119
312,239	8,462
312,254	8,371
312,269	8,426
312,284	8,661
312,299	9,148
312,314	8,536
312,329	8,575
312,344	8,986
312,359	8,299
312,374	8,805
312,389	9,236
312,404	9,150
312,419	8,949
312,434	8,728
312,449	8,407
312,464	8,988
312,479	8,587
312,494	8,606
312,509	8,546
312,524	9,052
312,539	8,415
312,554	9,237
312,569	9,121
312,584	9,307
312,599	9,116
312,614	8,985
312,629	8,413
312,644	8,438
312,659	8,874
312,674	8,547
312,689	8,512
312,704	9,118
312,719	9,153
312,734	8,832
312,749	8,205
312,764	9,252
312,779	9,262
312,794	8,996
312,809	9,151
312,824	8,348
312,839	8,518
312,854	9,050
312,869	8,778
312,884	9,305
312,899	8,377
312,914	8,652
312,929	8,371
312,944	9,148
312,959	9,318
312,974	8,927
312,989	9,157
313,004	8,851
313,019	8,655
313,034	9,045
313,049	8,624
313,064	9,040
313,079	9,305
313,094	8,513
313,109	9,224
313,124	8,502
313,139	8,817
313,154	9,324
313,169	9,108
313,184	9,453
313,199	8,901
313,214	8,470
313,229	9,462
313,244	9,567
313,259	9,301
313,274	9,050
313,289	8,292
313,304	9,059
313,319	9,039
313,334	9,300
313,349	9,319
313,364	8,827
313,379	9,364
313,394	9,138
313,409	9,288
313,424	9,398
313,439	8,560
313,454	9,432
313,469	9,542
313,484	9,075
313,499	8,894
313,514	9,250
313,529	8,588
313,544	8,934
313,559	9,375
313,574	9,219
313,589	9,083
313,604	8,707
313,619	9,413
313,634	9,503
313,649	9,318
313,664	9,462
313,679	8,650
313,694	9,121
313,709	9,165
313,724	9,125
313,739	9,456
313,754	9,089
313,769	8,417
313,784	8,938
313,799	8,717
313,814	8,957
313,829	9,218
313,844	8,831
313,859	9,227
313,875	8,871
313,889	8,946
313,904	9,442
313,920	9,015
313,935	9,521
313,950	9,551
313,964	8,723
313,979	8,783
313,995	8,432
314,010	8,697
314,024	9,369
314,039	9,514
314,055	8,942
314,070	9,403
314,084	9,347
314,099	9,573
314,115	8,986
314,130	8,594
314,145	9,577
314,160	9,667
314,175	9,325
314,190	8,547
314,205	9,385
314,220	9,495
314,235	9,063
314,250	8,526
314,265	9,032
314,280	8,470
314,295	9,679
314,310	8,625
314,325	9,402
314,340	9,607
314,355	9,241
314,370	9,120
314,385	8,859
314,400	9,275
314,415	9,806
314,430	9,515
314,445	9,580
314,460	9,675
314,475	8,661
314,490	9,719
314,505	9,749
314,520	9,573
314,535	9,498
314,550	9,558
314,565	9,071
314,580	8,860
314,595	9,110
314,610	9,556
314,625	9,786
314,640	8,577
314,655	9,485
314,670	8,757
314,685	8,902
314,700	9,318
314,715	9,679
314,730	9,548
314,745	9,021
314,760	9,006
314,775	9,612
314,790	8,975
314,805	9,446
314,820	9,165
314,835	9,245
314,850	9,746
314,865	9,781
314,880	9,389
314,895	9,048
314,910	9,815
314,925	9,674
314,940	9,188
314,955	9,127
314,970	9,533
314,985	8,800
315,000	9,422
315,009	10,057
315,024	10,056
315,039	9,297
315,054	9,878
315,069	9,645
315,084	9,519
315,099	10,139
315,114	9,801
315,129	9,955
315,144	8,866
315,159	8,578
315,174	8,727
315,189	8,671
315,204	9,387
315,219	9,766
315,234	8,647
315,249	8,770
315,264	9,351
315,279	8,988
315,294	9,859
315,309	9,507
315,324	10,042
315,339	9,815
315,354	8,710
315,369	8,744
315,384	8,351
315,399	9,177
315,414	9,838
315,429	9,500
315,444	8,546
315,459	9,292
315,474	9,009
315,489	9,635
315,504	9,468
315,519	9,647
315,534	9,841
315,549	8,822
315,564	8,785
315,579	9,812
315,594	9,003
315,609	9,734
315,624	9,201
315,639	8,522
315,654	8,992
315,669	8,885
315,684	9,526
315,699	9,705
315,714	9,523
315,729	9,662
315,744	8,557
315,759	8,470
315,774	9,683
315,789	8,989
315,804	9,419
315,819	9,066
315,834	8,684
315,849	9,605
315,864	8,355
315,879	9,522
315,894	9,536
315,909	9,178
315,925	9,628
315,940	8,839
315,954	9,480
315,969	9,308
315,985	8,689
316,000	9,676
316,014	9,800
316,029	8,901
316,045	8,769
316,060	7,955
316,075	9,057
316,089	9,392
316,105	9,385
316,120	9,319
316,135	8,776
316,150	9,075
316,165	9,580
316,180	9,543
316,195	9,306
316,210	9,475
316,225	8,140
316,240	9,026
316,255	7,871
316,270	8,953
316,285	9,328
316,300	8,925
316,315	8,136
316,330	9,153
316,345	8,254
316,360	9,240
316,375	9,309
316,390	9,352
316,405	9,025
316,420	8,417
316,435	8,621
316,450	9,226
316,465	8,763
316,480	9,579
316,495	9,187
316,510	8,393
316,525	8,668
316,540	8,245
316,555	9,171
316,570	9,426
316,585	9,273
316,600	9,247
316,615	8,754
316,630	8,677
316,645	9,313
316,660	9,031
316,675	9,601
316,690	8,877
316,705	8,139
316,720	8,659
316,735	8,056
316,750	9,148
316,765	9,437
316,780	8,959
316,795	9,414
316,810	8,430
316,825	8,674
316,840	8,968
316,855	9,022
316,870	9,567
316,885	9,170
316,900	8,296
316,915	9,462
316,930	8,373
316,945	9,369
316,960	9,413
316,975	9,231
316,990	9,490
317,005	8,787
317,020	8,424
317,035	9,576
317,050	9,279
317,065	9,588
317,080	9,441
317,095	8,588
317,110	8,541
317,125	7,998
317,140	9,421
317,155	9,540
317,170	9,007
317,185	9,346
317,200	8,969
317,215	8,561
317,230	9,352
317,245	9,606
317,260	9,570
317,275	8,455
317,290	8,168
317,305	8,462
317,320	8,460
317,335	8,966
317,350	9,436
317,365	9,334
317,380	8,665
317,395	8,789
317,410	8,346
317,425	9,423
317,440	9,577
317,455	9,370
317,470	9,384
317,485	8,184
317,500	8,107
317,515	8,898
317,530	9,152
317,545	9,602
317,560	9,390
317,575	8,205
317,590	8,956
317,605	8,508
317,620	9,404
317,635	9,338
317,650	9,517
317,665	9,360
317,680	8,155
317,695	8,239
317,710	9,411
317,725	9,038
317,740	9,473
317,755	9,341
317,770	8,237
317,785	8,752
317,800	8,459
317,815	9,240
317,830	9,555
317,845	8,570
317,860	9,632
317,875	8,527
317,890	8,210
317,906	9,226
317,921	9,320
317,935	9,549
317,950	9,382
317,966	8,393
317,981	8,397
317,995	8,466
318,010	9,277
318,026	9,441
318,041	8,712
318,055	9,383
318,070	8,694
318,086	8,041
318,101	9,243
318,116	9,698
318,131	9,330
318,146	9,218
318,161	8,359
318,176	9,311
318,191	8,407
318,206	9,453
318,221	9,251
318,236	8,287
318,251	9,203
318,266	8,906
318,281	8,538
318,296	9,374
318,311	9,007
318,326	9,306
318,341	9,250
318,356	8,326
318,371	8,916
318,386	8,037
318,401	8,953
318,416	9,518
318,431	9,181
318,446	8,593
318,461	9,343
318,476	8,459
318,491	9,245
318,506	8,777
318,521	9,353
318,536	9,587
318,551	8,733
318,566	8,546
318,581	9,568
318,596	9,140
318,611	9,374
318,626	9,087
318,641	9,296
318,656	9,139
318,671	8,977
318,686	9,407
318,701	9,596
318,716	8,582
318,731	9,348
318,746	9,111
318,761	8,603
318,776	9,544
318,791	8,514
318,806	9,356
318,821	9,439
318,836	8,364
318,851	8,839
318,866	8,297
318,881	9,198
318,896	9,267
318,911	9,410
318,926	9,524
318,941	8,480
318,956	8,799
318,971	9,450
318,986	8,751
319,001	9,352
319,016	8,929
319,031	8,230
319,046	9,026
319,061	8,122
319,076	9,515
319,091	9,453
319,106	8,689
319,121	9,556
319,136	8,747
319,151	8,445
319,166	9,531
319,181	8,978
319,196	9,102
319,211	9,346
319,226	8,417
319,241	8,446
319,256	8,219
319,271	9,185
319,286	9,319
319,301	8,931
319,316	8,353
319,331	8,618
319,346	8,702
319,361	9,147
319,376	9,331
319,391	9,344
319,406	9,122
319,421	8,820
319,436	8,357
319,451	8,135
319,466	9,136
319,481	9,571
319,496	9,319
319,511	8,194
319,526	8,800
319,541	8,638
319,556	9,208
319,571	9,648
319,586	9,471
319,601	9,404
319,616	8,244
319,631	8,634
319,646	9,390
319,661	8,932
319,676	9,442
319,691	9,426
319,706	8,506
319,721	9,152
319,736	8,479
319,751	9,570
319,766	9,654
319,781	9,106
319,796	9,656
319,811	9,374
319,826	8,665
319,841	9,451
319,856	8,692
319,871	9,358
319,886	9,673
319,901	8,603
319,916	9,113
319,932	8,680
319,947	9,431
319,962	9,585
319,976	8,972
319,991	9,642
320,007	9,064
320,022	8,792
320,036	9,583
320,051	8,844
320,067	9,500
320,082	8,761
320,097	8,163
320,111	8,979
320,127	8,466
320,142	9,182
320,157	9,135
320,172	8,963
320,187	9,478
320,202	8,890
320,217	8,472
320,232	9,614
320,247	9,457
320,262	9,476
320,277	9,675
320,292	8,561
320,307	8,629
320,322	8,437
320,337	9,393
320,352	9,828
320,367	9,365
320,382	8,517
320,397	9,082
320,412	8,268
320,427	9,450
320,442	9,609
320,457	9,703
320,472	9,661
320,487	8,562
320,502	8,886
320,517	8,549
320,532	9,580
320,547	9,900
320,562	9,312
320,577	8,608
320,592	9,173
320,607	8,981
320,622	9,672
320,637	9,951
320,652	9,764
320,667	9,868
320,682	8,653
320,697	8,892
320,712	9,799
320,727	9,256
320,742	9,284
320,757	9,699
320,772	8,980
320,787	9,285
320,802	8,662
320,817	9,839
320,832	9,536
320,847	9,124
320,862	9,814
320,877	9,146
320,892	9,049
320,907	9,910
320,922	8,926
320,937	9,907
320,952	8,833
320,967	8,846
320,982	8,850
320,997	8,944
321,012	9,363
321,027	9,868
321,042	8,638
321,057	9,640
321,072	8,726
321,087	9,131
321,102	9,836
321,117	8,757
321,132	9,843
321,147	9,160
321,162	8,742
321,177	9,042
321,192	8,875
321,207	9,811
321,222	9,810
321,237	9,462
321,252	9,742
321,267	9,259
321,282	9,037
321,297	9,838
321,312	9,741
321,327	9,945
321,342	9,929
321,357	9,270
321,372	8,918
321,387	8,946
321,402	9,742
321,417	9,881
321,432	9,383
321,447	9,156
321,462	9,130
321,477	9,028
321,492	9,859
321,507	9,953
321,522	10,016
321,537	8,706
321,552	9,562
321,567	9,486
321,582	10,056
321,597	9,693
321,612	10,243
321,627	9,334
321,642	8,932
321,657	9,402
321,672	8,834
321,687	10,101
321,702	10,064
321,717	9,882
321,732	9,921
321,747	9,268
321,762	9,356
321,777	9,886
321,792	9,373
321,807	9,964
321,822	10,093
321,837	8,788
321,852	9,393
321,867	9,557
321,882	9,937
321,897	10,121
321,912	9,252
321,928	10,228
321,942	9,645
321,957	8,836
321,973	10,168
321,988	9,746
322,002	10,115
322,017	10,375
322,033	8,944
322,048	9,304
322,062	9,202
322,077	9,943
322,093	9,786
322,108	10,161
322,123	9,984
322,138	8,774
322,153	9,520
322,168	10,110
322,183	9,787
322,198	10,127
322,213	9,639
322,228	8,880
322,243	9,431
322,258	8,912
322,273	9,282
322,288	10,264
322,303	9,736
322,318	10,000
322,333	9,567
322,348	9,064
322,363	10,051
322,378	9,949
322,393	10,274
322,408	9,981
322,423	9,518
322,438	8,965
322,453	9,255
322,468	9,760
322,483	10,105
322,498	9,792
322,513	8,903
322,528	9,634
322,543	9,241
322,558	9,771
322,573	10,236
322,588	10,205
322,603	10,314
322,618	9,570
322,633	9,563
322,648	10,189
322,663	9,530
322,678	10,306
322,693	9,648
322,708	9,501
322,723	9,966
322,738	8,746
322,753	10,359
322,768	10,213
322,783	10,216
322,798	8,911
322,813	9,897
322,828	9,279
322,843	10,346
322,858	9,432
322,873	10,328
322,888	10,371
322,903	9,367
322,918	9,787
322,933	9,168
322,948	10,120
322,963	10,369
322,978	10,232
322,993	10,301
323,008	8,880
323,023	8,739
323,038	10,176
323,053	10,019
323,068	10,113
323,083	9,675
323,098	9,714
323,113	10,154
323,128	9,150
323,143	9,925
323,158	10,440
323,173	9,973
323,188	10,388
323,203	9,448
323,218	10,420
323,233	10,398
323,248	10,337
323,263	10,380
323,278	9,196
323,293	9,635
323,308	9,534
323,323	9,226
323,338	10,017
323,353	10,372
323,368	9,773
323,383	10,308
323,398	9,570
323,413	9,333
323,428	9,788
323,443	10,243
323,458	10,040
323,473	10,245
323,488	9,030
323,503	9,720
323,518	9,082
323,533	10,329
323,548	10,313
323,563	10,477
323,578	9,412
323,593	9,772
323,608	9,224
323,623	10,315
323,638	10,469
323,653	10,408
323,668	10,341
323,683	9,091
323,698	9,381
323,713	9,976
323,728	9,488
323,743	10,434
323,758	9,921
323,773	9,143
323,788	9,557
323,803	9,270
323,818	10,156
323,833	10,366
323,848	9,828
323,863	10,408
323,878	9,769
323,893	9,407
323,908	10,178
323,923	9,474
323,938	10,255
323,954	9,501
323,969	9,675
323,983	10,306
323,998	9,366
324,014	10,358
324,029	10,171
324,043	9,528
324,058	10,108
324,074	10,197
324,089	9,042
324,103	10,324
324,119	9,355
324,134	10,301
324,149	10,265
324,164	9,270
324,179	9,530
324,194	9,343
324,209	10,194
324,224	10,208
324,239	10,076
324,254	10,435
324,269	10,078
324,284	10,182
324,299	10,336
324,314	10,244
324,329	10,373
324,344	10,387
324,359	9,894
324,374	9,551
324,389	9,500
324,404	10,140
324,419	10,379
324,434	10,438
324,449	9,158
324,464	10,084
324,479	9,686
324,494	9,770
324,509	10,345
324,524	10,224
324,539	10,057
324,554	9,574
324,569	9,773
324,584	9,165
324,599	9,559
324,614	10,526
324,629	10,173
324,644	9,259
324,659	9,744
324,674	9,292
324,689	10,122
324,704	10,272
324,719	9,994
324,734	10,535
324,749	9,836
324,764	8,902
324,779	10,585
324,794	9,631
324,809	10,462
324,824	10,496
324,839	10,269
324,854	9,746
324,869	9,679
324,884	10,109
324,899	10,258
324,914	9,910
324,929	10,280
324,944	9,912
324,959	10,713
324,974	10,481
324,989	10,099
325,004	10,383
325,019	10,366
325,034	9,247
325,049	9,777
325,064	9,540
325,079	10,280
325,094	10,495
325,109	9,977
325,124	10,387
325,139	9,648
325,154	9,060
325,169	10,608
325,184	9,990
325,199	10,655
325,214	10,523
325,229	9,268
325,244	8,991
325,259	9,084
325,274	10,262
325,289	10,501
325,304	10,149
325,319	10,328
325,334	9,835
325,349	9,608
325,364	10,013
325,379	10,688
325,394	10,576
325,409	9,938
325,424	9,440
325,439	9,955
325,454	9,467
325,469	10,343
325,484	10,582
325,499	10,025
325,514	9,376
325,529	10,037
325,544	9,173
325,559	10,249
325,574	10,258
325,589	10,412
325,604	10,511
325,619	9,847
325,634	9,645
325,649	9,619
325,664	10,284
325,679	10,549
325,694	10,557
325,709	9,016
325,724	10,078
325,739	9,450
325,754	10,416
325,769	10,480
325,784	10,178
325,799	10,462
325,814	9,909
325,829	9,757
325,844	10,543
325,859	9,303
325,875	10,510
325,889	9,721
325,904	9,494
325,920	10,104
325,935	9,260
325,950	9,961
325,964	10,541
325,979	10,505
325,995	10,543
326,010	10,121
326,024	9,547
326,039	10,384
326,055	9,580
326,070	10,340
326,084	9,928
326,099	9,234
326,115	9,739
326,130	9,126
326,145	10,529
326,160	10,653
326,175	10,195
326,190	10,615
326,205	9,936
326,220	10,557
326,235	10,435
326,250	9,681
326,265	10,592
326,280	10,170
326,295	9,812
326,310	9,535
326,325	9,514
326,340	10,259
326,355	10,684
326,370	10,868
326,385	10,511
326,400	10,098
326,415	9,390
326,430	10,702
326,445	10,605
326,460	10,664
326,475	10,728
326,490	9,483
326,505	9,777
326,520	9,550
326,535	9,985
326,550	10,545
326,565	10,448
326,580	9,951
326,595	10,636
326,610	9,577
326,625	10,302
326,640	10,762
326,655	10,555
326,670	10,599
326,685	10,331
326,700	10,671
326,715	10,790
326,730	9,951
326,745	10,817
326,760	10,750
326,775	9,781
326,790	10,522
326,805	9,974
326,820	10,584
326,835	10,648
326,850	10,406
326,865	10,846
326,880	10,027
326,895	10,617
326,910	10,561
326,925	10,243
326,940	10,583
326,955	10,807
326,970	9,642
326,985	10,654
327,000	9,358
327,014	10,758
327,029	10,571
327,043	9,928
327,058	10,508
327,074	10,597
327,089	9,442
327,103	10,724
327,119	9,755
327,134	10,701
327,149	10,665
327,164	9,670
327,179	9,930
327,194	9,743
327,209	10,594
327,224	10,608
327,239	10,476
327,254	10,835
327,269	10,478
327,284	10,582
327,299	10,736
327,314	10,644
327,329	10,773
327,344	10,787
327,359	10,294
327,374	9,951
327,389	9,900
327,404	10,540
327,419	10,779
327,434	10,838
327,449	9,558
327,464	10,484
327,479	10,086
327,494	10,170
327,509	10,745
327,524	10,624
327,539	10,457
327,554	9,974
327,569	10,173
327,584	9,565
327,599	9,959
327,614	10,926
327,629	10,573
327,644	9,659
327,659	10,144
327,674	9,692
327,689	10,522
327,704	10,672
327,719	10,394
327,734	10,935
327,749	10,236
327,764	9,302
327,779	10,985
327,794	10,031
327,809	10,862
327,824	10,896
327,839	10,669
327,854	10,146
327,869	10,079
327,884	10,509
327,899	10,658
327,914	10,310
327,929	10,680
327,944	10,312
327,959	11,113
327,974	10,881
327,989	10,499
328,004	10,783
328,019	10,766
328,034	9,647
328,049	10,177
328,064	9,940
328,079	10,680
328,094	10,895
328,109	10,377
328,124	10,787
328,139	10,048
328,154	9,460
328,169	11,008
328,184	10,390
328,199	11,055
328,214	10,923
328,229	9,668
328,244	9,391
328,259	9,484
328,274	10,662
328,289	10,901
328,304	10,549
328,319	10,728
328,334	10,235
328,349	10,008
328,364	10,413
328,379	11,088
328,394	10,976
328,409	10,338
328,424	9,840
328,439	10,355
328,454	9,867
328,469	10,743
328,484	10,982
328,499	10,425
328,514	9,776
328,529	10,437
328,544	9,573
328,559	10,649
328,574	10,658
328,589	10,812
328,604	10,911
328,619	10,247
328,634	10,045
328,649	10,019
328,664	10,684
328,679	10,949
328,694	10,957
328,709	9,416
328,724	10,478
328,739	9,850
328,754	10,816
328,769	10,880
328,784	10,578
328,799	10,862
328,814	10,309
328,829	10,157
328,844	10,943
328,859	9,703
328,875	10,910
328,889	10,121
328,904	9,894
328,920	10,504
328,935	9,660
328,950	10,361
328,964	10,941
328,979	10,905
328,995	10,943
329,010	10,521
329,024	9,947
329,039	10,784
329,055	9,980
329,070	10,740
329,084	10,328
329,099	9,634
329,115	10,139
329,130	9,526
329,145	10,929
329,160	11,053
329,175	10,595
329,190	11,015
329,205	10,336
329,220	10,957
329,235	10,835
329,250	10,081
329,265	10,992
329,280	10,570
329,295	10,212
329,310	9,935
329,325	9,914
329,340	10,659
329,355	11,084
329,370	11,268
329,385	10,911
329,400	10,498
329,415	9,790
329,430	11,102
329,445	11,005
329,460	11,064
329,475	11,128
329,490	9,883
329,505	10,177
329,520	9,950
329,535	10,385
329,550	10,945
329,565	10,848
329,580	10,351
329,595	11,036
329,610	9,977
329,625	10,702
329,640	11,162
329,655	10,955
329,670	10,999
329,685	10,731
329,700	11,071
329,715	11,190
329,730	10,351
329,745	11,217
329,760	11,150
329,775	10,181
329,790	10,922
329,805	10,374
329,820	10,984
329,835	11,048
329,850	10,806
329,865	11,246
329,880	10,427
329,895	11,017
329,910	10,961
329,925	10,643
329,940	10,983
329,955	11,207
329,970	10,042
329,985	11,054
330,000	9,758
