285,000	12,860
285,015	11,992
285,030	12,783
285,045	12,165
285,060	13,027
285,075	12,830
285,090	12,859
285,105	12,206
285,120	11,789
285,135	12,520
285,150	11,596
285,165	12,478
285,180	12,301
285,195	12,120
285,210	11,718
285,225	11,697
285,240	10,939
285,255	11,755
285,270	11,950
285,285	11,858
285,300	11,822
285,315	10,432
285,330	11,424
285,345	11,533
285,360	11,257
285,375	11,551
285,390	10,643
285,405	10,511
285,420	10,365
285,435	10,228
285,450	11,321
285,465	11,089
285,480	10,366
285,495	11,072
285,510	9,672
285,525	10,268
285,540	10,352
285,555	10,461
285,570	10,711
285,585	10,589
285,600	9,240
285,615	9,780
285,630	9,719
285,645	10,355
285,660	10,309
285,675	9,952
285,690	10,231
285,705	9,117
285,720	9,372
285,735	9,792
285,750	9,796
285,765	10,186
285,780	9,538
285,795	8,961
285,810	9,702
285,825	8,848
285,840	9,830
285,855	9,885
285,870	9,427
285,885	9,767
285,901	8,472
285,916	8,918
285,930	9,383
285,945	9,568
285,961	9,436
285,976	9,154
285,990	8,266
286,005	8,636
286,021	8,484
286,036	9,216
286,050	9,340
286,065	8,782
286,080	9,223
286,096	8,249
286,111	8,674
286,125	9,375
286,141	9,023
286,156	9,243
286,171	9,111
286,186	8,529
286,201	9,054
286,216	7,719
286,231	8,882
286,246	8,971
286,261	8,343
286,276	8,944
286,291	8,417
286,306	7,864
286,321	8,770
286,336	8,804
286,351	8,914
286,366	8,682
286,381	7,668
286,396	8,414
286,411	8,865
286,426	8,217
286,441	8,326
286,456	8,746
286,471	7,582
286,486	8,037
286,501	8,036
286,516	8,988
286,531	8,726
286,546	7,326
286,561	8,935
286,576	8,106
286,591	8,672
286,606	8,731
286,621	8,369
286,636	8,027
286,651	8,759
286,666	7,283
286,681	8,014
286,696	7,923
286,711	8,820
286,726	8,738
286,741	7,835
286,756	9,097
286,771	7,527
286,786	8,037
286,801	8,638
286,816	8,361
286,831	8,882
286,846	8,164
286,861	7,526
286,876	8,001
286,891	7,333
286,906	8,541
286,921	8,675
286,936	8,142
286,951	8,643
286,966	8,216
286,981	7,829
286,996	8,700
287,011	8,734
287,026	8,568
287,041	8,587
287,056	7,262
287,071	7,758
287,086	7,456
287,101	8,428
287,116	8,818
287,131	8,606
287,146	7,336
287,161	7,551
287,176	8,678
287,191	8,632
287,206	8,556
287,221	8,319
287,236	8,188
287,251	6,963
287,266	8,081
287,281	7,052
287,296	8,355
287,311	8,414
287,326	7,535
287,341	7,073
287,356	7,393
287,371	7,176
287,386	8,128
287,401	7,966
287,416	7,815
287,431	7,904
287,446	7,176
287,461	7,852
287,476	7,726
287,491	7,359
287,506	7,673
287,521	7,301
287,536	6,277
287,551	6,708
287,566	6,175
287,581	7,302
287,596	7,462
287,611	7,300
287,626	7,194
287,641	6,401
287,656	6,771
287,671	7,031
287,686	6,513
287,701	6,918
287,716	6,421
287,731	5,447
287,746	6,444
287,761	5,751
287,776	6,643
287,791	6,421
287,806	5,352
287,821	6,629
287,836	5,249
287,851	5,745
287,866	6,175
287,881	5,422
287,897	5,832
287,911	5,921
287,926	5,298
287,942	5,669
287,957	4,840
287,971	5,406
287,986	5,811
288,002	5,529
288,017	5,328
288,031	4,424
288,046	4,328
288,062	5,179
288,077	5,289
288,092	5,082
288,107	4,720
288,122	3,596
288,137	4,648
288,152	3,985
288,167	4,626
288,182	4,439
288,197	4,558
288,212	3,369
288,227	3,884
288,242	3,893
288,257	4,043
288,272	3,596
288,287	3,961
288,302	4,045
288,317	2,685
288,332	3,276
288,347	2,743
288,362	4,006
288,377	3,905
288,392	3,126
288,407	2,554
288,422	3,079
288,437	2,552
288,452	3,423
288,467	3,177
288,482	3,401
288,497	3,405
288,512	2,512
288,527	3,137
288,542	3,212
288,557	2,940
288,572	3,094
288,587	2,813
288,602	1,588
288,617	2,515
288,632	1,937
288,647	2,753
288,662	2,662
288,677	2,641
288,692	2,851
288,707	1,636
288,722	1,896
288,737	2,562
288,752	2,456
288,767	2,440
288,782	1,561
288,797	1,189
288,812	1,454
288,827	1,488
288,842	1,898
288,857	2,494
288,872	1,876
288,887	2,206
288,902	1,127
288,917	1,371
288,932	1,957
288,947	1,510
288,962	1,835
288,977	1,819
288,992	0,584
289,007	1,857
289,022	0,738
289,037	1,589
289,052	1,658
289,067	1,367
289,082	1,681
289,097	0,798
289,112	0,651
289,127	1,608
289,142	1,747
289,157	1,481
289,172	1,464
289,187	0,822
289,202	0,801
289,217	0,624
289,232	1,019
289,247	1,545
289,262	0,636
289,277	0,670
289,292	0,725
289,307	0,628
289,322	1,209
289,337	1,494
289,352	1,423
289,367	1,181
289,382	0,297
289,397	0,622
289,412	1,424
289,427	0,916
289,442	1,276
289,457	0,809
289,472	0,241
289,487	0,892
289,502	-0,157
289,517	1,482
289,532	1,190
289,547	1,018
289,562	0,997
289,577	0,455
289,592	0,088
289,607	1,135
289,622	0,718
289,637	1,013
289,652	0,490
289,667	-0,068
289,682	0,177
289,697	-0,200
289,712	0,932
289,727	1,091
289,742	0,659
289,757	0,929
289,772	0,507
289,787	1,038
289,802	0,726
289,817	0,444
289,832	0,774
289,847	0,642
289,862	-0,181
289,877	0,079
289,892	0,308
289,907	0,894
289,923	0,908
289,937	0,426
289,952	0,931
289,967	-0,113
289,983	-0,189
289,998	0,683
290,012	0,667
290,027	0,946
290,043	0,349
290,058	0,227
290,072	-0,035
290,088	-0,241
290,103	0,661
290,118	0,770
290,133	0,252
290,148	0,627
290,163	0,130
290,178	-0,242
290,193	0,670
290,208	0,769
290,223	0,492
290,238	0,817
290,253	-0,458
290,268	0,228
290,283	0,007
290,298	0,883
290,313	0,802
290,328	0,214
290,343	-0,489
290,358	0,152
290,373	0,688
290,388	0,902
290,403	0,816
290,418	0,590
290,433	1,010
290,448	-0,280
290,463	0,030
290,478	0,851
290,493	0,519
290,508	0,849
290,523	0,146
290,538	-0,091
290,553	0,204
290,568	-0,434
290,583	0,543
290,598	0,914
290,613	-0,136
290,628	0,395
290,643	-0,303
290,658	0,323
290,673	0,562
290,688	0,446
290,703	0,701
290,718	0,765
290,733	-0,470
290,748	0,743
290,763	-0,086
290,778	0,605
290,793	0,830
290,808	0,589
290,823	0,858
290,838	0,110
290,853	-0,658
290,868	0,745
290,883	0,147
290,898	0,703
290,913	0,040
290,928	-0,101
290,943	0,344
290,958	-0,415
290,973	0,663
290,988	0,707
291,003	0,189
291,018	0,710
291,033	0,137
291,048	-0,104
291,063	0,787
291,078	0,094
291,093	0,800
291,108	0,834
291,123	-0,476
291,138	0,110
291,153	-0,387
291,168	0,575
291,183	0,729
291,198	0,297
291,213	0,858
291,228	-0,237
291,243	0,194
291,258	0,995
291,273	0,743
291,288	0,752
291,303	0,691
291,318	-0,102
291,333	0,112
291,348	-0,596
291,363	0,476
291,378	0,746
291,393	0,123
291,408	-0,098
291,423	0,267
291,438	0,005
291,453	0,726
291,468	0,174
291,483	0,765
291,498	0,548
291,513	-0,421
291,528	-0,192
291,543	0,700
291,558	0,403
291,573	0,648
291,588	0,231
291,603	-0,397
291,618	0,364
291,633	0,117
291,648	0,342
291,663	0,948
291,678	0,280
291,693	0,484
291,708	-0,304
291,723	-0,104
291,738	0,777
291,753	0,049
291,768	0,650
291,783	-0,309
291,798	-0,766
291,813	0,070
291,828	-0,297
291,843	0,419
291,858	0,594
291,873	0,207
291,889	0,577
291,903	-0,357
291,918	0,384
291,933	0,739
291,949	-0,164
291,964	0,732
291,978	0,415
291,993	-0,554
292,009	0,298
292,024	-0,781
292,038	0,682
292,053	0,601
292,068	-0,117
292,084	0,614
292,099	0,307
292,114	-0,476
292,129	0,536
292,144	0,730
292,159	0,459
292,174	0,773
292,189	-0,125
292,204	-0,071
292,219	-0,398
292,234	0,489
292,249	0,447
292,264	-0,065
292,279	-0,718
292,294	0,064
292,309	0,403
292,324	0,538
292,339	0,607
292,354	0,727
292,369	0,695
292,384	-0,003
292,399	-0,029
292,414	-0,561
292,429	0,405
292,444	0,545
292,459	0,619
292,474	-0,565
292,489	-0,020
292,504	-0,071
292,519	0,555
292,534	0,554
292,549	0,478
292,564	0,542
292,579	-0,271
292,594	-0,388
292,609	0,208
292,624	0,347
292,639	0,547
292,654	0,415
292,669	-0,844
292,684	-0,293
292,699	-0,325
292,714	0,522
292,729	0,441
292,744	-0,458
292,759	0,414
292,774	-0,550
292,789	-0,155
292,804	0,235
292,819	-0,358
292,834	0,549
292,849	0,122
292,864	-0,933
292,879	0,235
292,894	-0,443
292,909	0,353
292,924	0,357
292,939	-0,010
292,954	0,396
292,969	-0,072
292,984	-0,509
292,999	0,308
293,014	0,181
293,029	0,401
293,044	0,189
293,059	-0,744
293,074	-0,239
293,089	-0,506
293,104	0,029
293,119	0,214
293,134	0,003
293,149	0,578
293,164	-0,326
293,179	-0,186
293,194	0,259
293,209	0,349
293,224	0,463
293,239	0,552
293,254	0,130
293,269	-0,302
293,284	-0,680
293,299	-0,249
293,314	0,241
293,329	-0,191
293,344	-0,989
293,359	-0,203
293,374	-0,585
293,389	0,081
293,404	0,391
293,419	0,605
293,434	0,078
293,449	-0,726
293,464	-0,205
293,479	-0,557
293,494	0,299
293,509	0,343
293,524	-0,054
293,539	-0,792
293,554	-0,001
293,569	-0,558
293,584	-0,103
293,599	0,513
293,614	0,246
293,629	0,586
293,644	-0,914
293,659	0,223
293,674	0,433
293,689	-0,345
293,704	0,742
293,719	0,114
293,734	-0,955
293,749	0,318
293,764	-0,431
293,779	0,175
293,794	0,390
293,809	-0,975
293,824	0,263
293,839	-0,691
293,854	-0,768
293,869	0,294
293,884	-0,283
293,899	0,493
293,914	0,086
293,930	-0,813
293,945	-0,317
293,959	-0,589
293,974	0,408
293,990	0,437
294,005	0,491
294,019	0,460
294,034	-0,213
294,050	0,353
294,065	0,281
294,079	0,125
294,094	0,525
294,110	0,459
294,125	-0,314
294,140	-0,546
294,155	-1,008
294,170	0,626
294,185	0,234
294,200	-0,028
294,215	0,317
294,230	-0,010
294,245	-0,222
294,260	0,319
294,275	0,629
294,290	0,392
294,305	0,220
294,320	-0,207
294,335	-0,384
294,350	-0,374
294,365	0,237
294,380	0,431
294,395	0,069
294,410	-0,639
294,425	0,017
294,440	-0,200
294,455	-0,020
294,470	-0,066
294,485	0,529
294,500	0,769
294,515	-0,566
294,530	-0,567
294,545	0,365
294,560	-0,183
294,575	0,508
294,590	0,377
294,605	-0,547
294,620	-0,036
294,635	-0,353
294,650	0,493
294,665	0,512
294,680	0,531
294,695	0,611
294,710	-0,253
294,725	-0,429
294,740	0,783
294,755	0,456
294,770	0,450
294,785	0,088
294,800	-0,595
294,815	0,121
294,830	-0,853
294,845	0,781
294,860	0,670
294,875	-0,269
294,890	0,868
294,905	0,201
294,920	0,199
294,935	0,429
294,950	0,453
294,965	0,898
294,980	0,958
294,995	-0,468
295,010	0,534
295,025	-0,098
295,040	0,432
295,055	0,321
295,070	0,270
295,085	0,861
295,100	0,589
295,115	-0,430
295,130	0,878
295,145	1,042
295,160	1,167
295,175	1,015
295,190	0,242
295,205	0,406
295,220	-0,177
295,235	1,046
295,250	1,371
295,265	1,350
295,280	1,409
295,295	0,831
295,310	0,414
295,325	1,441
295,340	1,310
295,355	1,544
295,370	1,358
295,385	0,881
295,400	1,170
295,415	0,287
295,430	1,073
295,445	1,869
295,460	1,397
295,475	0,704
295,490	1,069
295,505	1,113
295,520	1,593
295,535	1,166
295,550	2,048
295,565	1,992
295,580	1,625
295,595	1,253
295,610	2,225
295,625	1,833
295,640	2,093
295,655	2,177
295,670	1,022
295,685	1,879
295,700	1,281
295,715	2,233
295,730	2,367
295,745	2,181
295,760	2,460
295,775	2,309
295,790	1,897
295,805	2,437
295,820	2,306
295,835	2,807
295,850	2,846
295,865	1,681
295,880	2,262
295,895	1,599
295,911	2,932
295,925	3,056
295,940	2,222
295,955	2,984
295,971	2,185
295,986	2,495
296,000	2,856
296,015	2,754
296,031	3,380
296,046	3,469
296,060	2,887
296,075	3,412
296,091	2,163
296,106	3,526
296,121	3,650
296,136	3,082
296,151	3,748
296,166	2,629
296,181	2,799
296,196	3,846
296,211	3,694
296,226	3,924
296,241	3,948
296,256	3,260
296,271	3,775
296,286	2,942
296,301	3,683
296,316	4,249
296,331	3,696
296,346	4,192
296,361	3,674
296,376	3,171
296,391	4,369
296,406	4,513
296,421	4,542
296,436	4,281
296,451	3,422
296,466	3,918
296,481	3,747
296,496	4,628
296,511	4,667
296,526	4,205
296,541	3,818
296,556	4,188
296,571	3,966
296,586	4,612
296,601	5,293
296,616	4,986
296,631	4,534
296,646	4,377
296,661	5,053
296,676	5,067
296,691	5,101
296,706	5,336
296,721	5,064
296,736	4,341
296,751	4,791
296,766	4,469
296,781	5,316
296,796	5,526
296,811	4,547
296,826	5,679
296,841	5,492
296,856	5,141
296,871	5,811
296,886	5,289
296,901	6,035
296,916	6,089
296,931	5,095
296,946	5,801
296,961	5,339
296,976	5,920
296,991	6,455
297,006	6,138
297,021	6,679
297,036	6,182
297,051	5,940
297,066	6,726
297,081	6,439
297,096	7,176
297,111	7,280
297,126	6,050
297,141	6,857
297,156	6,189
297,171	7,527
297,186	7,837
297,201	7,595
297,216	8,035
297,231	6,936
297,246	7,461
297,261	8,544
297,276	8,327
297,291	8,562
297,306	8,851
297,321	7,938
297,336	8,574
297,351	8,177
297,366	9,224
297,381	9,799
297,396	9,237
297,411	9,000
297,426	9,671
297,441	9,991
297,456	10,762
297,471	11,162
297,486	11,222
297,501	12,058
297,516	12,032
297,531	12,638
297,546	12,095
297,561	14,020
297,576	15,052
297,591	15,562
297,606	15,667
297,621	17,070
297,636	17,776
297,651	20,127
297,666	22,147
297,681	24,182
297,696	26,548
297,711	29,149
297,726	32,393
297,741	35,486
297,756	38,228
297,771	42,966
297,786	46,535
297,801	49,237
297,816	54,522
297,831	57,946
297,846	62,363
297,861	66,961
297,876	71,262
297,891	75,283
297,906	78,918
297,921	82,889
297,937	87,696
297,952	90,980
297,966	95,433
297,981	98,721
297,997	101,228
298,012	105,289
298,026	107,945
298,041	111,776
298,057	114,528
298,072	116,272
298,087	118,678
298,102	120,166
298,116	121,017
298,132	122,927
298,147	122,886
298,162	123,988
298,177	124,273
298,192	123,129
298,207	122,882
298,222	121,542
298,237	121,792
298,252	120,291
298,267	117,567
298,282	117,115
298,297	114,848
298,312	112,068
298,327	110,021
298,342	107,914
298,357	105,140
298,372	102,085
298,387	99,882
298,402	96,607
298,417	92,910
298,432	91,094
298,447	89,057
298,462	85,947
298,477	82,456
298,492	80,669
298,507	78,055
298,522	76,419
298,537	74,162
298,552	71,739
298,567	69,015
298,582	66,717
298,597	64,474
298,612	62,457
298,627	61,067
298,642	59,447
298,657	57,510
298,672	54,997
298,687	54,158
298,702	51,068
298,717	50,761
298,732	49,486
298,747	47,750
298,762	46,415
298,777	44,423
298,792	43,164
298,807	42,767
298,822	41,086
298,837	40,187
298,852	38,476
298,867	36,675
298,882	37,005
298,897	35,730
298,912	34,776
298,927	34,088
298,942	32,332
298,957	32,120
298,972	30,199
298,987	29,811
299,002	29,866
299,017	28,240
299,032	28,274
299,047	27,777
299,062	26,126
299,077	25,774
299,092	24,695
299,107	25,215
299,122	24,653
299,137	23,513
299,152	23,728
299,167	22,699
299,182	21,885
299,197	22,035
299,212	20,865
299,227	21,190
299,242	20,833
299,257	19,794
299,272	19,161
299,287	18,734
299,302	19,205
299,317	18,988
299,332	18,636
299,347	18,264
299,362	17,546
299,377	16,908
299,392	16,817
299,407	16,961
299,422	16,684
299,437	16,137
299,452	15,464
299,467	15,372
299,482	15,046
299,497	14,733
299,512	15,364
299,527	14,862
299,542	13,823
299,557	14,037
299,572	14,001
299,587	14,045
299,602	14,355
299,617	13,978
299,632	13,671
299,647	13,064
299,662	12,952
299,677	13,583
299,692	13,321
299,707	13,340
299,722	13,038
299,737	11,769
299,752	12,364
299,767	12,128
299,782	12,613
299,797	12,657
299,812	12,380
299,827	12,485
299,842	11,606
299,857	11,480
299,872	12,146
299,887	11,774
299,902	12,219
299,917	11,616
299,933	11,064
299,947	12,071
299,962	11,142
299,978	11,828
299,993	11,326
300,007	11,069
300,022	11,559
300,038	10,661
300,053	11,211
300,067	11,280
300,083	10,828
300,098	11,549
300,113	11,478
300,128	10,664
300,143	10,363
300,158	10,307
300,173	10,907
300,188	11,222
300,203	11,211
300,218	11,185
300,233	10,041
300,248	9,824
300,263	11,022
300,278	11,066
300,293	11,100
300,308	11,064
300,323	9,879
300,338	10,159
300,353	9,692
300,368	10,353
300,383	10,913
300,398	10,416
300,413	10,866
300,428	10,283
300,443	9,596
300,458	10,583
300,473	10,837
300,488	10,726
300,503	10,775
300,518	9,886
300,533	9,986
300,548	9,734
300,563	10,124
300,578	10,870
300,593	10,463
300,608	9,991
300,623	10,822
300,638	10,891
300,653	10,569
300,668	10,824
300,683	10,698
300,698	10,732
300,713	10,285
300,728	10,399
300,743	10,804
300,758	10,462
300,773	10,847
300,788	10,285
300,803	9,426
300,818	10,338
300,833	9,870
300,848	10,732
300,863	10,962
300,878	10,650
300,893	10,769
300,908	9,891
300,923	9,749
300,938	10,977
300,953	10,319
300,968	10,805
300,983	10,332
300,998	10,281
301,009	9,875
301,024	10,798
301,039	10,085
301,054	10,843
301,069	10,912
301,084	10,792
301,099	10,726
301,114	9,633
301,129	9,878
301,144	10,781
301,159	10,525
301,174	10,500
301,189	10,113
301,204	9,682
301,219	10,388
301,234	9,942
301,249	10,829
301,264	10,112
301,279	10,147
301,294	10,588
301,309	9,595
301,324	10,477
301,339	10,833
301,354	10,662
301,369	10,672
301,384	10,166
301,399	9,473
301,414	10,210
301,429	9,803
301,444	10,681
301,459	10,881
301,474	10,134
301,489	10,760
301,504	10,123
301,519	9,817
301,534	10,760
301,549	10,409
301,564	10,779
301,579	10,343
301,594	9,651
301,609	10,212
301,624	9,991
301,639	10,528
301,654	10,597
301,669	10,096
301,684	10,828
301,699	9,624
301,714	10,175
301,729	10,902
301,744	10,786
301,759	10,972
301,774	10,711
301,789	9,522
301,804	10,470
301,819	9,567
301,834	10,409
301,849	10,053
301,864	10,223
301,879	9,686
301,894	10,248
301,909	10,007
301,925	11,004
301,940	10,728
301,954	10,813
301,969	10,397
301,985	10,040
302,000	9,809
302,014	10,742
302,029	10,190
302,045	10,325
302,060	10,335
302,075	9,778
302,089	10,044
302,105	9,783
302,120	10,821
302,135	10,790
302,150	10,931
302,165	10,795
302,180	10,017
302,195	10,082
302,210	10,684
302,225	10,658
302,240	10,849
302,255	9,625
302,270	9,810
302,285	9,980
302,300	9,564
302,315	10,772
302,330	11,043
302,345	10,160
302,360	10,792
302,375	10,190
302,390	10,024
302,405	10,410
302,420	10,665
302,435	10,500
302,450	10,309
302,465	9,581
302,480	10,719
302,495	9,912
302,510	10,413
302,525	10,950
302,540	10,037
302,555	10,789
302,570	10,372
302,585	10,758
302,600	10,958
302,615	10,943
302,630	10,933
302,645	10,802
302,660	10,015
302,675	10,942
302,690	9,583
302,705	10,751
302,720	10,305
302,735	10,460
302,750	11,182
302,765	9,892
302,780	10,344
302,795	10,745
302,810	10,940
302,825	11,236
302,840	10,473
302,855	10,047
302,870	10,538
302,885	9,776
302,900	10,813
302,915	11,019
302,930	10,532
302,945	10,131
302,960	10,321
302,975	10,185
302,990	10,962
303,005	10,656
303,020	11,072
303,035	11,152
303,050	10,074
303,065	10,309
303,080	10,715
303,095	10,865
303,110	11,292
303,125	10,775
303,140	10,278
303,155	10,463
303,170	10,162
303,185	11,125
303,200	11,064
303,215	11,034
303,230	11,254
303,245	9,910
303,260	10,512
303,275	11,103
303,290	11,028
303,305	11,208
303,320	10,521
303,335	9,939
303,350	10,811
303,365	10,816
303,380	11,052
303,395	11,152
303,410	10,515
303,425	11,422
303,440	10,153
303,455	10,850
303,470	11,351
303,485	11,045
303,500	11,265
303,515	11,094
303,530	10,116
303,545	10,492
303,560	10,442
303,575	11,309
303,590	10,958
303,605	10,958
303,620	11,153
303,635	9,929
303,650	10,160
303,665	11,323
303,680	11,488
303,695	11,448
303,710	10,816
303,725	10,379
303,740	11,257
303,755	10,298
303,770	11,381
303,785	11,562
303,800	10,809
303,815	11,496
303,830	10,663
303,845	10,658
303,860	11,340
303,875	11,515
303,890	11,760
303,906	11,063
303,921	10,291
303,935	10,702
303,950	10,065
303,966	11,027
303,981	11,398
303,995	11,107
304,010	10,821
304,026	10,459
304,041	10,535
304,055	11,422
304,070	11,522
304,086	11,231
304,101	10,824
304,116	10,619
304,131	10,819
304,146	11,456
304,161	11,275
304,176	11,059
304,191	10,828
304,206	10,347
304,221	11,073
304,236	10,857
304,251	11,554
304,266	11,639
304,281	10,947
304,296	11,518
304,311	10,134
304,326	10,665
304,341	11,673
304,356	11,006
304,371	11,532
304,386	11,176
304,401	10,439
304,416	10,729
304,431	10,614
304,446	11,636
304,461	11,581
304,476	11,104
304,491	11,666
304,506	10,984
304,521	10,994
304,536	11,750
304,551	10,883
304,566	11,609
304,581	11,348
304,596	10,485
304,611	11,438
304,626	10,264
304,641	11,774
304,656	11,658
304,671	11,081
304,686	11,803
304,701	10,995
304,716	10,845
304,731	11,762
304,746	11,857
304,761	11,682
304,776	11,852
304,791	11,170
304,806	11,149
304,821	10,552
304,836	11,505
304,851	11,254
304,866	11,259
304,881	10,983
304,896	11,905
304,911	11,188
304,926	12,035
304,941	11,789
304,956	12,060
304,971	11,874
304,986	10,911
305,001	11,081
305,016	10,699
305,031	11,792
305,046	11,832
305,061	12,048
305,076	10,583
305,091	11,696
305,106	11,275
305,121	11,656
305,136	11,846
305,151	11,801
305,166	11,630
305,181	10,802
305,196	11,389
305,211	11,820
305,226	11,659
305,241	11,935
305,256	11,443
305,271	10,615
305,286	11,333
305,301	11,137
305,316	11,923
305,331	12,018
305,346	11,306
305,361	12,033
305,376	11,596
305,391	11,636
305,406	12,047
305,421	11,812
305,436	12,062
305,451	12,323
305,466	10,923
305,481	11,881
305,496	11,139
305,511	12,016
305,526	12,106
305,541	10,947
305,556	12,180
305,571	11,278
305,586	11,543
305,601	12,165
305,616	11,548
305,631	12,264
305,646	11,753
305,661	11,071
305,676	11,622
305,691	11,336
305,706	12,203
305,721	11,145
305,736	11,872
305,751	12,313
305,766	11,530
305,781	11,941
305,796	12,287
305,811	12,497
305,826	12,392
305,841	11,810
305,856	11,403
305,871	11,468
305,886	11,318
305,901	12,561
305,916	12,496
305,932	12,491
305,947	11,748
305,962	11,477
305,976	11,728
305,991	12,520
306,007	12,244
306,022	12,559
306,036	11,942
306,051	11,676
306,067	11,696
306,082	11,716
306,097	12,242
306,111	12,548
306,127	11,961
306,142	11,304
306,157	11,925
306,172	11,705
306,187	12,582
306,202	12,346
306,217	12,531
306,232	12,466
306,247	12,094
306,262	12,250
306,277	12,335
306,292	11,993
306,307	12,515
306,322	12,610
306,337	11,496
306,352	12,113
306,367	11,747
306,382	12,629
306,397	12,754
306,412	12,217
306,427	12,819
306,442	11,585
306,457	12,031
306,472	12,723
306,487	12,311
306,502	12,858
306,517	12,130
306,532	11,774
306,547	12,386
306,562	11,678
306,577	12,696
306,592	12,189
306,607	12,525
306,622	12,585
306,637	12,194
306,652	11,787
306,667	12,770
306,682	12,714
306,697	12,875
306,712	12,819
306,727	13,085
306,742	12,448
306,757	11,665
306,772	12,788
306,787	12,853
306,802	12,547
306,817	13,068
306,832	11,960
306,847	12,135
306,862	13,033
306,877	12,917
306,892	12,917
306,907	12,620
306,922	12,018
306,937	12,384
306,952	11,923
306,967	13,136
306,982	13,226
306,997	12,514
307,012	11,837
307,027	12,689
307,042	11,972
307,057	13,050
307,072	13,159
307,087	12,843
307,102	13,064
307,117	12,301
307,132	12,286
307,147	13,164
307,162	12,306
307,177	13,660
307,192	12,651
307,207	12,185
307,222	12,596
307,237	12,435
307,252	13,031
307,267	13,217
307,282	13,221
307,297	13,276
307,312	12,499
307,327	12,464
307,342	13,060
307,357	12,473
307,372	13,210
307,387	13,034
307,402	11,825
307,417	12,928
307,432	12,743
307,447	13,339
307,462	13,409
307,477	13,253
307,492	13,258
307,507	12,034
307,522	12,115
307,537	13,458
307,552	13,032
307,567	13,538
307,582	13,031
307,597	12,394
307,612	13,096
307,627	12,153
307,642	13,397
307,657	13,462
307,672	13,090
307,687	13,702
307,702	12,984
307,717	12,658
307,732	13,395
307,747	13,560
307,762	13,755
307,777	13,023
307,792	12,476
307,807	12,827
307,822	12,230
307,837	13,519
307,852	13,684
307,867	13,302
307,882	13,944
307,897	12,675
307,912	12,580
307,928	13,728
307,942	13,692
307,957	13,818
307,973	13,878
307,988	12,950
308,002	13,441
308,017	12,924
308,033	13,666
308,048	13,786
308,062	13,711
308,077	12,587
308,093	13,239
308,108	12,882
308,123	13,720
308,138	13,815
308,153	13,499
308,168	13,724
308,183	12,520
308,198	13,503
308,213	13,738
308,228	13,523
308,243	13,387
308,258	13,572
308,273	12,699
308,288	13,145
308,303	13,145
308,318	14,063
308,333	13,877
308,348	13,375
308,363	13,906
308,378	13,395
308,393	13,289
308,408	13,961
308,423	13,329
308,438	14,096
308,453	13,444
308,468	12,751
308,483	13,433
308,498	12,896
308,513	14,315
308,528	14,190
308,543	13,086
308,558	14,054
308,573	13,607
308,588	13,973
308,603	14,464
308,618	14,003
308,633	14,178
308,648	14,143
308,663	13,816
308,678	13,475
308,693	13,129
308,708	14,122
308,723	14,433
308,738	13,715
308,753	14,517
308,768	13,710
308,783	13,549
308,798	14,522
308,813	14,250
308,828	14,300
308,843	14,129
308,858	13,548
308,873	14,129
308,888	13,768
308,903	14,284
308,918	14,600
308,933	14,048
308,948	14,384
308,963	13,752
308,978	14,328
308,993	13,902
309,008	14,403
309,023	14,448
309,038	14,478
309,053	13,760
309,068	13,574
309,083	13,203
309,098	13,569
309,113	14,306
309,128	13,834
309,143	13,618
309,158	13,994
309,173	13,332
309,188	14,400
309,203	14,400
309,218	14,580
309,233	14,615
309,248	13,642
309,263	14,008
309,278	14,514
309,293	14,153
309,308	14,854
309,323	14,297
309,338	13,515
309,353	14,126
309,368	13,369
309,383	14,617
309,398	14,723
309,413	14,407
309,428	14,467
309,443	14,541
309,458	13,884
309,473	14,741
309,488	14,390
309,503	14,821
309,518	15,002
309,533	13,517
309,548	14,123
309,563	13,562
309,578	14,860
309,593	15,015
309,608	14,398
309,623	14,895
309,638	14,047
309,653	14,077
309,668	14,648
309,683	14,016
309,698	14,999
309,713	14,913
309,728	13,730
309,743	14,416
309,758	13,619
309,773	14,717
309,788	14,782
309,803	14,546
309,818	15,022
309,833	14,460
309,848	14,490
309,863	14,921
309,878	15,217
309,893	14,915
309,908	14,619
309,923	14,298
309,938	14,238
309,954	13,861
309,969	14,734
309,983	15,270
309,998	14,919
310,014	14,227
310,029	14,628
310,043	13,940
310,058	14,792
310,074	15,123
310,089	14,998
310,103	15,057
310,119	13,954
310,134	14,430
310,149	13,974
310,164	14,671
310,179	15,137
310,194	14,851
310,209	14,033
310,224	15,071
310,239	14,042
310,254	15,050
310,269	15,421
310,284	15,010
310,299	14,458
310,314	14,618
310,329	14,322
310,344	15,244
310,359	14,502
310,374	15,354
310,389	14,827
310,404	14,065
310,419	14,857
310,434	14,185
310,449	15,403
310,464	15,343
310,479	14,039
310,494	15,287
310,509	14,831
310,524	14,740
310,539	15,387
310,554	15,131
310,569	15,411
310,584	15,446
310,599	14,568
310,614	14,653
310,629	14,212
310,644	15,390
310,659	15,285
310,674	14,768
310,689	15,329
310,704	14,903
310,719	14,531
310,734	15,624
310,749	15,052
310,764	15,739
310,779	15,553
310,794	14,530
310,809	14,555
310,824	14,384
310,839	15,593
310,854	15,592
310,869	15,231
310,884	15,672
310,899	15,236
310,914	14,789
310,929	15,636
310,944	15,711
310,959	15,651
310,974	15,761
310,989	14,933
311,004	15,625
311,019	14,537
311,034	15,479
311,049	15,720
311,064	15,023
311,079	14,501
311,094	15,167
311,109	15,242
311,124	15,573
311,139	15,974
311,154	15,969
311,169	15,938
311,184	14,835
311,199	15,151
311,214	14,844
311,229	15,536
311,244	15,942
311,259	15,466
311,274	14,708
311,289	15,540
311,304	15,179
311,319	16,041
311,334	15,946
311,349	15,951
311,364	15,745
311,379	15,604
311,394	15,744
311,409	16,015
311,424	15,132
311,439	16,040
311,454	15,989
311,469	14,836
311,484	15,883
311,499	14,805
311,514	15,572
311,529	15,978
311,544	14,970
311,559	16,233
311,574	15,456
311,589	14,904
311,604	16,042
311,619	15,826
311,634	16,292
311,649	16,277
311,664	15,394
311,679	15,168
311,694	15,037
311,709	16,205
311,724	16,085
311,739	16,250
311,754	16,220
311,769	15,613
311,784	15,056
311,799	16,259
311,814	15,472
311,829	16,394
311,844	16,128
311,859	15,446
311,875	15,546
311,889	15,240
311,904	16,162
311,920	16,373
311,935	16,127
311,950	16,413
311,964	15,234
311,979	15,419
311,995	16,211
312,010	16,271
312,024	16,326
312,039	16,557
312,055	15,699
312,070	15,443
312,084	15,001
312,099	16,530
312,115	16,380
312,130	15,803
312,145	15,201
312,160	15,802
312,175	15,466
312,190	16,344
312,205	16,609
312,220	16,423
312,235	16,759
312,250	15,951
312,265	15,966
312,280	16,573
312,295	15,886
312,310	16,728
312,325	16,677
312,340	15,714
312,355	16,065
312,370	15,293
312,385	16,656
312,400	16,626
312,415	16,691
312,430	16,871
312,445	16,174
312,460	15,953
312,475	16,735
312,490	15,832
312,505	16,795
312,520	16,680
312,535	15,792
312,550	16,338
312,565	16,293
312,580	16,854
312,595	16,889
312,610	17,174
312,625	16,938
312,640	16,271
312,655	15,755
312,670	16,817
312,685	16,501
312,700	16,837
312,715	16,120
312,730	15,909
312,745	16,099
312,760	15,973
312,775	16,048
312,790	16,725
312,805	16,594
312,820	16,900
312,835	16,278
312,850	15,506
312,865	17,050
312,880	17,260
312,895	17,100
312,910	17,014
312,925	16,066
312,940	16,492
312,955	16,317
312,970	16,948
312,985	17,299
313,000	16,511
313,009	16,575
313,024	17,498
313,039	16,785
313,054	17,543
313,069	17,612
313,084	17,492
313,099	17,426
313,114	16,333
313,129	16,578
313,144	17,481
313,159	17,225
313,174	17,200
313,189	16,813
313,204	16,382
313,219	17,088
313,234	16,642
313,249	17,529
313,264	16,812
313,279	16,847
313,294	17,288
313,309	16,295
313,324	17,177
313,339	17,533
313,354	17,362
313,369	17,372
313,384	16,866
313,399	16,173
313,414	16,910
313,429	16,503
313,444	17,381
313,459	17,581
313,474	16,834
313,489	17,460
313,504	16,823
313,519	16,517
313,534	17,460
313,549	17,109
313,564	17,479
313,579	17,043
313,594	16,351
313,609	16,912
313,624	16,691
313,639	17,228
313,654	17,297
313,669	16,796
313,684	17,528
313,699	16,324
313,714	16,875
313,729	17,602
313,744	17,486
313,759	17,672
313,774	17,411
313,789	16,222
313,804	17,170
313,819	16,267
313,834	17,109
313,849	16,753
313,864	16,923
313,879	16,386
313,894	16,948
313,909	16,707
313,925	17,704
313,940	17,428
313,954	17,513
313,969	17,097
313,985	16,740
314,000	16,509
314,014	17,442
314,029	16,890
314,045	17,025
314,060	17,035
314,075	16,478
314,089	16,744
314,105	16,483
314,120	17,521
314,135	17,490
314,150	17,631
314,165	17,495
314,180	16,717
314,195	16,782
314,210	17,384
314,225	17,358
314,240	17,549
314,255	16,325
314,270	16,510
314,285	16,680
314,300	16,264
314,315	17,472
314,330	17,743
314,345	16,860
314,360	17,492
314,375	16,890
314,390	16,724
314,405	17,110
314,420	17,365
314,435	17,200
314,450	17,009
314,465	16,281
314,480	17,419
314,495	16,612
314,510	17,113
314,525	17,650
314,540	16,737
314,555	17,489
314,570	17,072
314,585	17,458
314,600	17,658
314,615	17,643
314,630	17,633
314,645	17,502
314,660	16,715
314,675	17,642
314,690	16,283
314,705	17,451
314,720	17,005
314,735	17,160
314,750	17,882
314,765	16,592
314,780	17,044
314,795	17,445
314,810	17,640
314,825	17,936
314,840	17,173
314,855	16,747
314,870	17,238
314,885	16,476
314,900	17,513
314,915	17,719
314,930	17,232
314,945	16,831
314,960	17,021
314,975	16,885
314,990	17,662
315,005	17,356
315,020	17,772
315,035	17,852
315,050	16,774
315,065	17,009
315,080	17,415
315,095	17,565
315,110	17,992
315,125	17,475
315,140	16,978
315,155	17,163
315,170	16,862
315,185	17,825
315,200	17,764
315,215	17,734
315,230	17,954
315,245	16,610
315,260	17,212
315,275	17,803
315,290	17,728
315,305	17,908
315,320	17,221
315,335	16,639
315,350	17,511
315,365	17,516
315,380	17,752
315,395	17,852
315,410	17,215
315,425	18,122
315,440	16,853
315,455	17,550
315,470	18,051
315,485	17,745
315,500	17,965
315,515	17,794
315,530	16,816
315,545	17,192
315,560	17,142
315,575	18,009
315,590	17,658
315,605	17,658
315,620	17,853
315,635	16,629
315,650	16,860
315,665	18,023
315,680	18,188
315,695	18,148
315,710	17,516
315,725	17,079
315,740	17,957
315,755	16,998
315,770	18,081
315,785	18,262
315,800	17,509
315,815	18,196
315,830	17,363
315,845	17,358
315,860	18,040
315,875	18,215
315,890	18,460
315,906	17,763
315,921	16,991
315,935	17,402
315,950	16,765
315,966	17,727
315,981	18,098
315,995	17,807
316,010	17,521
316,026	17,159
316,041	17,235
316,055	18,122
316,070	18,222
316,086	17,931
316,101	17,524
316,116	17,319
316,131	17,519
316,146	18,156
316,161	17,975
316,176	17,759
316,191	17,528
316,206	17,047
316,221	17,773
316,236	17,557
316,251	18,254
316,266	18,339
316,281	17,647
316,296	18,218
316,311	16,834
316,326	17,365
316,341	18,373
316,356	17,706
316,371	18,232
316,386	17,876
316,401	17,139
316,416	17,429
316,431	17,314
316,446	18,336
316,461	18,281
316,476	17,804
316,491	18,366
316,506	17,684
316,521	17,694
316,536	18,450
316,551	17,583
316,566	18,309
316,581	18,048
316,596	17,185
316,611	18,138
316,626	16,964
316,641	18,474
316,656	18,358
316,671	17,781
316,686	18,503
316,701	17,695
316,716	17,545
316,731	18,462
316,746	18,557
316,761	18,382
316,776	18,552
316,791	17,870
316,806	17,849
316,821	17,252
316,836	18,205
316,851	17,954
316,866	17,959
316,881	17,683
316,896	18,605
316,911	17,888
316,926	18,735
316,941	18,489
316,956	18,760
316,971	18,574
316,986	17,611
317,001	17,781
317,016	17,399
317,031	18,492
317,046	18,532
317,061	18,748
317,076	17,283
317,091	18,396
317,106	17,975
317,121	18,356
317,136	18,546
317,151	18,501
317,166	18,330
317,181	17,502
317,196	18,089
317,211	18,520
317,226	18,359
317,241	18,635
317,256	18,143
317,271	17,315
317,286	18,033
317,301	17,837
317,316	18,623
317,331	18,718
317,346	18,006
317,361	18,733
317,376	18,296
317,391	18,336
317,406	18,747
317,421	18,512
317,436	18,762
317,451	19,023
317,466	17,623
317,481	18,581
317,496	17,839
317,511	18,716
317,526	18,806
317,541	17,647
317,556	18,880
317,571	17,978
317,586	18,243
317,601	18,865
317,616	18,248
317,631	18,964
317,646	18,453
317,661	17,771
317,676	18,322
317,691	18,036
317,706	18,903
317,721	17,845
317,736	18,572
317,751	19,013
317,766	18,230
317,781	18,641
317,796	18,987
317,811	19,197
317,826	19,092
317,841	18,510
317,856	18,103
317,871	18,168
317,886	18,018
317,901	19,261
317,916	19,196
317,932	19,191
317,947	18,448
317,962	18,177
317,976	18,428
317,991	19,220
318,007	18,944
318,022	19,259
318,036	18,642
318,051	18,376
318,067	18,396
318,082	18,416
318,097	18,942
318,111	19,248
318,127	18,661
318,142	18,004
318,157	18,625
318,172	18,405
318,187	19,282
318,202	19,046
318,217	19,231
318,232	19,166
318,247	18,794
318,262	18,950
318,277	19,035
318,292	18,693
318,307	19,215
318,322	19,310
318,337	18,196
318,352	18,813
318,367	18,447
318,382	19,329
318,397	19,454
318,412	18,917
318,427	19,519
318,442	18,285
318,457	18,731
318,472	19,423
318,487	19,011
318,502	19,558
318,517	18,830
318,532	18,474
318,547	19,086
318,562	18,378
318,577	19,396
318,592	18,889
318,607	19,225
318,622	19,285
318,637	18,894
318,652	18,487
318,667	19,470
318,682	19,414
318,697	19,575
318,712	19,519
318,727	19,785
318,742	19,148
318,757	18,365
318,772	19,488
318,787	19,553
318,802	19,247
318,817	19,768
318,832	18,660
318,847	18,835
318,862	19,733
318,877	19,617
318,892	19,617
318,907	19,320
318,922	18,718
318,937	19,084
318,952	18,623
318,967	19,836
318,982	19,926
318,997	19,214
319,012	18,537
319,027	19,389
319,042	18,672
319,057	19,750
319,072	19,859
319,087	19,543
319,102	19,764
319,117	19,001
319,132	18,986
319,147	19,864
319,162	19,006
319,177	20,360
319,192	19,351
319,207	18,885
319,222	19,296
319,237	19,135
319,252	19,731
319,267	19,917
319,282	19,921
319,297	19,976
319,312	19,199
319,327	19,164
319,342	19,760
319,357	19,173
319,372	19,910
319,387	19,734
319,402	18,525
319,417	19,628
319,432	19,443
319,447	20,039
319,462	20,109
319,477	19,953
319,492	19,958
319,507	18,734
319,522	18,815
319,537	20,158
319,552	19,732
319,567	20,238
319,582	19,731
319,597	19,094
319,612	19,796
319,627	18,853
319,642	20,097
319,657	20,162
319,672	19,790
319,687	20,402
319,702	19,684
319,717	19,358
319,732	20,095
319,747	20,260
319,762	20,455
319,777	19,723
319,792	19,176
319,807	19,527
319,822	18,930
319,837	20,219
319,852	20,384
319,867	20,002
319,882	20,644
319,897	19,375
319,912	19,280
319,928	20,428
319,942	20,392
319,957	20,518
319,973	20,578
319,988	19,650
320,002	20,141
320,017	19,624
320,033	20,366
320,048	20,486
320,062	20,411
320,077	19,287
320,093	19,939
320,108	19,582
320,123	20,420
320,138	20,515
320,153	20,199
320,168	20,424
320,183	19,220
320,198	20,203
320,213	20,438
320,228	20,223
320,243	20,087
320,258	20,272
320,273	19,399
320,288	19,845
320,303	19,845
320,318	20,763
320,333	20,577
320,348	20,075
320,363	20,606
320,378	20,095
320,393	19,989
320,408	20,661
320,423	20,029
320,438	20,796
320,453	20,144
320,468	19,451
320,483	20,133
320,498	19,596
320,513	21,015
320,528	20,890
320,543	19,786
320,558	20,754
320,573	20,307
320,588	20,673
320,603	21,164
320,618	20,703
320,633	20,878
320,648	20,843
320,663	20,516
320,678	20,175
320,693	19,829
320,708	20,822
320,723	21,133
320,738	20,415
320,753	21,217
320,768	20,410
320,783	20,249
320,798	21,222
320,813	20,950
320,828	21,000
320,843	20,829
320,858	20,248
320,873	20,829
320,888	20,468
320,903	20,984
320,918	21,300
320,933	20,748
320,948	21,084
320,963	20,452
320,978	21,028
320,993	20,602
321,008	21,103
321,023	21,148
321,038	21,178
321,053	20,460
321,068	20,274
321,083	19,903
321,098	20,269
321,113	21,006
321,128	20,534
321,143	20,318
321,158	20,694
321,173	20,032
321,188	21,100
321,203	21,100
321,218	21,280
321,233	21,315
321,248	20,342
321,263	20,708
321,278	21,214
321,293	20,853
321,308	21,554
321,323	20,997
321,338	20,215
321,353	20,826
321,368	20,069
321,383	21,317
321,398	21,423
321,413	21,107
321,428	21,167
321,443	21,241
321,458	20,584
321,473	21,441
321,488	21,090
321,503	21,521
321,518	21,702
321,533	20,217
321,548	20,823
321,563	20,262
321,578	21,560
321,593	21,715
321,608	21,098
321,623	21,595
321,638	20,747
321,653	20,777
321,668	21,348
321,683	20,716
321,698	21,699
321,713	21,613
321,728	20,430
321,743	21,116
321,758	20,319
321,773	21,417
321,788	21,482
321,803	21,246
321,818	21,722
321,833	21,160
321,848	21,190
321,863	21,621
321,878	21,917
321,893	21,615
321,908	21,319
321,923	20,998
321,938	20,938
321,954	20,561
321,969	21,434
321,983	21,970
321,998	21,619
322,014	20,927
322,029	21,328
322,043	20,640
322,058	21,492
322,074	21,823
322,089	21,698
322,103	21,757
322,119	20,654
322,134	21,130
322,149	20,674
322,164	21,371
322,179	21,837
322,194	21,551
322,209	20,733
322,224	21,771
322,239	20,742
322,254	21,750
322,269	22,121
322,284	21,710
322,299	21,158
322,314	21,318
322,329	21,022
322,344	21,944
322,359	21,202
322,374	22,054
322,389	21,527
322,404	20,765
322,419	21,557
322,434	20,885
322,449	22,103
322,464	22,043
322,479	20,739
322,494	21,987
322,509	21,531
322,524	21,440
322,539	22,087
322,554	21,831
322,569	22,111
322,584	22,146
322,599	21,268
322,614	21,353
322,629	20,912
322,644	22,090
322,659	21,985
322,674	21,468
322,689	22,029
322,704	21,603
322,719	21,231
322,734	22,324
322,749	21,752
322,764	22,439
322,779	22,253
322,794	21,230
322,809	21,255
322,824	21,084
322,839	22,293
322,854	22,292
322,869	21,931
322,884	22,372
322,899	21,936
322,914	21,489
322,929	22,336
322,944	22,411
322,959	22,351
322,974	22,461
322,989	21,633
323,004	22,325
323,019	21,237
323,034	22,179
323,049	22,420
323,064	21,723
323,079	21,201
323,094	21,867
323,109	21,942
323,124	22,273
323,139	22,674
323,154	22,669
323,169	22,638
323,184	21,535
323,199	21,851
323,214	21,544
323,229	22,236
323,244	22,642
323,259	22,166
323,274	21,408
323,289	22,240
323,304	21,879
323,319	22,741
323,334	22,646
323,349	22,651
323,364	22,445
323,379	22,304
323,394	22,444
323,409	22,715
323,424	21,832
323,439	22,740
323,454	22,689
323,469	21,536
323,484	22,583
323,499	21,505
323,514	22,272
323,529	22,678
323,544	21,670
323,559	22,933
323,574	22,156
323,589	21,604
323,604	22,742
323,619	22,526
323,634	22,992
323,649	22,977
323,664	22,094
323,679	21,868
323,694	21,737
323,709	22,905
323,724	22,785
323,739	22,950
323,754	22,920
323,769	22,313
323,784	21,756
323,799	22,959
323,814	22,172
323,829	23,094
323,844	22,828
323,859	22,146
323,875	22,246
323,889	21,940
323,904	22,862
323,920	23,073
323,935	22,827
323,950	23,113
323,964	21,934
323,979	22,119
323,995	22,911
324,010	22,971
324,024	23,026
324,039	23,257
324,055	22,399
324,070	22,143
324,084	21,701
324,099	23,230
324,115	23,080
324,130	22,503
324,145	21,901
324,160	22,502
324,175	22,166
324,190	23,044
324,205	23,309
324,220	23,123
324,235	23,459
324,250	22,651
324,265	22,666
324,280	23,273
324,295	22,586
324,310	23,428
324,325	23,377
324,340	22,414
324,355	22,765
324,370	21,993
324,385	23,356
324,400	23,326
324,415	23,391
324,430	23,571
324,445	22,874
324,460	22,653
324,475	23,435
324,490	22,532
324,505	23,495
324,520	23,380
324,535	22,492
324,550	23,038
324,565	22,993
324,580	23,554
324,595	23,589
324,610	23,874
324,625	23,638
324,640	22,971
324,655	22,455
324,670	23,517
324,685	23,201
324,700	23,537
324,715	22,820
324,730	22,609
324,745	22,799
324,760	22,673
324,775	22,748
324,790	23,425
324,805	23,294
324,820	23,600
324,835	22,978
324,850	22,206
324,865	23,750
324,880	23,960
324,895	23,800
324,910	23,714
324,925	22,766
324,940	23,192
324,955	23,017
324,970	23,648
324,985	23,999
325,000	23,211
325,012	22,537
325,027	23,389
325,042	22,672
325,057	23,750
325,072	23,859
325,087	23,543
325,102	23,764
325,117	23,001
325,132	22,986
325,147	23,864
325,162	23,006
325,177	24,360
325,192	23,351
325,207	22,885
325,222	23,296
325,237	23,135
325,252	23,731
325,267	23,917
325,282	23,921
325,297	23,976
325,312	23,199
325,327	23,164
325,342	23,760
325,357	23,173
325,372	23,910
325,387	23,734
325,402	22,525
325,417	23,628
325,432	23,443
325,447	24,039
325,462	24,109
325,477	23,953
325,492	23,958
325,507	22,734
325,522	22,815
325,537	24,158
325,552	23,732
325,567	24,238
325,582	23,731
325,597	23,094
325,612	23,796
325,627	22,853
325,642	24,097
325,657	24,162
325,672	23,790
325,687	24,402
325,702	23,684
325,717	23,358
325,732	24,095
325,747	24,260
325,762	24,455
325,777	23,723
325,792	23,176
325,807	23,527
325,822	22,930
325,837	24,219
325,852	24,384
325,867	24,002
325,882	24,644
325,897	23,375
325,912	23,280
325,928	24,428
325,942	24,392
325,957	24,518
325,973	24,578
325,988	23,650
326,002	24,141
326,017	23,624
326,033	24,366
326,048	24,486
326,062	24,411
326,077	23,287
326,093	23,939
326,108	23,582
326,123	24,420
326,138	24,515
326,153	24,199
326,168	24,424
326,183	23,220
326,198	24,203
326,213	24,438
326,228	24,223
326,243	24,087
326,258	24,272
326,273	23,399
326,288	23,845
326,303	23,845
326,318	24,763
326,333	24,577
326,348	24,075
326,363	24,606
326,378	24,095
326,393	23,989
326,408	24,661
326,423	24,029
326,438	24,796
326,453	24,144
326,468	23,451
326,483	24,133
326,498	23,596
326,513	25,015
326,528	24,890
326,543	23,786
326,558	24,754
326,573	24,307
326,588	24,673
326,603	25,164
326,618	24,703
326,633	24,878
326,648	24,843
326,663	24,516
326,678	24,175
326,693	23,829
326,708	24,822
326,723	25,133
326,738	24,415
326,753	25,217
326,768	24,410
326,783	24,249
326,798	25,222
326,813	24,950
326,828	25,000
326,843	24,829
326,858	24,248
326,873	24,829
326,888	24,468
326,903	24,984
326,918	25,300
326,933	24,748
326,948	25,084
326,963	24,452
326,978	25,028
326,993	24,602
327,008	25,103
327,023	25,148
327,038	25,178
327,053	24,460
327,068	24,274
327,083	23,903
327,098	24,269
327,113	25,006
327,128	24,534
327,143	24,318
327,158	24,694
327,173	24,032
327,188	25,100
327,203	25,100
327,218	25,280
327,233	25,315
327,248	24,342
327,263	24,708
327,278	25,214
327,293	24,853
327,308	25,554
327,323	24,997
327,338	24,215
327,353	24,826
327,368	24,069
327,383	25,317
327,398	25,423
327,413	25,107
327,428	25,167
327,443	25,241
327,458	24,584
327,473	25,441
327,488	25,090
327,503	25,521
327,518	25,702
327,533	24,217
327,548	24,823
327,563	24,262
327,578	25,560
327,593	25,715
327,608	25,098
327,623	25,595
327,638	24,747
327,653	24,777
327,668	25,348
327,683	24,716
327,698	25,699
327,713	25,613
327,728	24,430
327,743	25,116
327,758	24,319
327,773	25,417
327,788	25,482
327,803	25,246
327,818	25,722
327,833	25,160
327,848	25,190
327,863	25,621
327,878	25,917
327,893	25,615
327,908	25,319
327,923	24,998
327,938	24,938
327,954	24,561
327,969	25,434
327,983	25,970
327,998	25,619
328,014	24,927
328,029	25,328
328,043	24,640
328,058	25,492
328,074	25,823
328,089	25,698
328,103	25,757
328,119	24,654
328,134	25,130
328,149	24,674
328,164	25,371
328,179	25,837
328,194	25,551
328,209	24,733
328,224	25,771
328,239	24,742
328,254	25,750
328,269	26,121
328,284	25,710
328,299	25,158
328,314	25,318
328,329	25,022
328,344	25,944
328,359	25,202
328,374	26,054
328,389	25,527
328,404	24,765
328,419	25,557
328,434	24,885
328,449	26,103
328,464	26,043
328,479	24,739
328,494	25,987
328,509	25,531
328,524	25,440
328,539	26,087
328,554	25,831
328,569	26,111
328,584	26,146
328,599	25,268
328,614	25,353
328,629	24,912
328,644	26,090
328,659	25,985
328,674	25,468
328,689	26,029
328,704	25,603
328,719	25,231
328,734	26,324
328,749	25,752
328,764	26,439
328,779	26,253
328,794	25,230
328,809	25,255
328,824	25,084
328,839	26,293
328,854	26,292
328,869	25,931
328,884	26,372
328,899	25,936
328,914	25,489
328,929	26,336
328,944	26,411
328,959	26,351
328,974	26,461
328,989	25,633
329,004	26,325
329,019	25,237
329,034	26,179
329,049	26,420
329,064	25,723
329,079	25,201
329,094	25,867
329,109	25,942
329,124	26,273
329,139	26,674
329,154	26,669
329,169	26,638
329,184	25,535
329,199	25,851
329,214	25,544
329,229	26,236
329,244	26,642
329,259	26,166
329,274	25,408
329,289	26,240
329,304	25,879
329,319	26,741
329,334	26,646
329,349	26,651
329,364	26,445
329,379	26,304
329,394	26,444
329,409	26,715
329,424	25,832
329,439	26,740
329,454	26,689
329,469	25,536
329,484	26,583
329,499	25,505
329,514	26,272
329,529	26,678
329,544	25,670
329,559	26,933
329,574	26,156
329,589	25,604
329,604	26,742
329,619	26,526
329,634	26,992
329,649	26,977
329,664	26,094
329,679	25,868
329,694	25,737
329,709	26,905
329,724	26,785
329,739	26,950
329,754	26,920
329,769	26,313
329,784	25,756
329,799	26,959
329,814	26,172
329,829	27,094
329,844	26,828
329,859	26,146
329,875	26,246
329,889	25,940
329,904	26,862
329,920	27,073
329,935	26,827
329,950	27,113
329,964	25,934
329,979	26,119
329,995	26,911
