285,000	25,484
285,015	25,808
285,030	25,055
285,045	24,562
285,060	24,184
285,075	24,730
285,090	25,044
285,105	25,243
285,120	25,227
285,135	24,704
285,150	23,634
285,165	23,768
285,180	24,815
285,195	24,537
285,210	23,754
285,225	23,983
285,240	23,445
285,255	23,564
285,270	23,422
285,285	24,203
285,300	23,870
285,315	22,686
285,330	23,241
285,345	22,637
285,360	23,343
285,375	23,542
285,390	23,375
285,405	23,474
285,420	22,620
285,435	22,734
285,450	23,289
285,465	22,460
285,480	23,306
285,495	23,154
285,510	22,195
285,525	22,961
285,540	21,906
285,555	22,602
285,570	22,711
285,585	22,369
285,600	22,678
285,615	22,125
285,630	21,968
285,645	22,438
285,660	21,970
285,675	22,179
285,690	22,273
285,705	21,830
285,720	22,025
285,735	21,020
285,750	21,886
285,765	22,085
285,780	21,382
285,795	22,123
285,810	21,790
285,825	21,041
285,840	21,682
285,855	20,723
285,870	21,779
285,885	21,743
285,901	21,270
285,916	21,634
285,930	20,630
285,945	21,141
285,961	21,706
285,976	21,263
285,990	21,322
286,005	21,130
286,021	20,210
286,036	21,367
286,050	21,391
286,065	21,580
286,080	21,584
286,096	20,639
286,111	20,979
286,125	20,411
286,141	20,470
286,156	21,436
286,171	21,314
286,186	20,806
286,201	21,131
286,216	19,961
286,231	21,118
286,246	21,121
286,261	21,030
286,276	21,098
286,291	20,831
286,306	20,258
286,321	19,906
286,336	20,852
286,351	21,182
286,366	20,859
286,381	20,011
286,396	20,420
286,411	19,697
286,426	20,959
286,441	20,988
286,456	20,785
286,471	20,854
286,486	20,401
286,501	19,703
286,516	20,990
286,531	20,216
286,546	20,907
286,561	20,936
286,576	19,590
286,591	20,657
286,606	19,266
286,621	20,599
286,636	20,377
286,651	19,633
286,666	20,690
286,681	19,881
286,696	19,273
286,711	20,134
286,726	19,155
286,741	19,700
286,756	19,999
286,771	19,406
286,786	19,299
286,801	18,410
286,816	18,980
286,831	19,470
286,846	19,048
286,861	19,723
286,876	19,025
286,891	18,497
286,906	18,942
286,921	18,243
286,936	19,205
286,951	18,837
286,966	18,314
286,981	17,360
286,996	17,609
287,011	17,979
287,026	18,233
287,041	17,549
287,056	18,095
287,071	17,958
287,086	17,219
287,101	17,729
287,116	17,482
287,131	17,576
287,146	17,409
287,161	17,157
287,176	16,428
287,191	16,567
287,206	16,315
287,221	17,076
287,236	16,793
287,251	16,436
287,266	16,615
287,281	15,290
287,296	16,206
287,311	16,165
287,326	15,968
287,341	16,016
287,356	15,348
287,371	15,883
287,386	14,352
287,401	14,757
287,416	15,312
287,431	15,075
287,446	14,176
287,461	14,776
287,476	14,138
287,491	14,502
287,506	14,737
287,521	14,309
287,536	14,302
287,551	13,774
287,566	13,131
287,581	13,962
287,596	12,757
287,611	13,899
287,626	13,687
287,641	13,009
287,656	13,363
287,671	12,840
287,686	12,984
287,701	13,168
287,716	13,307
287,731	12,950
287,746	12,321
287,761	11,563
287,776	12,314
287,791	12,157
287,806	12,581
287,821	12,530
287,836	11,475
287,851	11,218
287,866	10,966
287,881	11,240
287,897	11,911
287,911	11,909
287,926	11,928
287,942	11,129
287,957	10,591
287,971	11,262
287,986	10,618
288,002	11,490
288,017	11,508
288,031	10,449
288,046	9,865
288,062	10,260
288,077	10,063
288,092	10,974
288,107	10,512
288,122	10,926
288,137	10,529
288,152	9,459
288,167	10,902
288,182	10,620
288,197	10,568
288,212	10,667
288,227	9,823
288,242	9,510
288,257	9,800
288,272	10,014
288,287	10,123
288,302	10,187
288,317	9,117
288,332	9,843
288,347	9,169
288,362	9,329
288,377	9,969
288,392	10,073
288,407	10,096
288,422	10,025
288,437	8,745
288,452	9,761
288,467	8,742
288,482	9,538
288,497	9,085
288,512	8,898
288,527	9,233
288,542	8,704
288,557	9,471
288,572	9,610
288,587	9,036
288,602	9,501
288,617	8,833
288,632	8,380
288,647	9,461
288,662	8,191
288,677	9,323
288,692	9,006
288,707	8,052
288,722	9,088
288,737	8,430
288,752	8,358
288,767	9,029
288,782	8,195
288,797	8,895
288,812	8,573
288,827	8,481
288,842	8,841
288,857	8,153
288,872	8,763
288,887	9,133
288,902	8,625
288,917	7,781
288,932	7,975
288,947	8,199
288,962	8,885
288,977	8,913
288,992	9,002
289,007	8,178
289,022	7,886
289,037	8,506
289,052	8,750
289,067	8,498
289,082	8,497
289,097	8,160
289,112	7,827
289,127	7,836
289,142	7,774
289,157	8,475
289,172	8,187
289,187	8,457
289,202	8,099
289,217	7,210
289,232	8,322
289,247	8,391
289,262	8,234
289,277	8,503
289,292	7,679
289,307	7,437
289,322	7,722
289,337	7,520
289,352	8,276
289,367	8,309
289,382	7,415
289,397	7,950
289,412	7,061
289,427	7,586
289,442	8,016
289,457	7,874
289,472	8,153
289,487	7,731
289,502	7,273
289,517	7,939
289,532	7,411
289,547	7,966
289,562	8,059
289,577	7,501
289,592	8,252
289,607	7,117
289,622	7,241
289,637	7,927
289,652	7,810
289,667	7,974
289,682	8,193
289,697	7,475
289,712	7,759
289,727	7,356
289,742	8,047
289,757	8,031
289,772	7,377
289,787	7,933
289,802	6,888
289,817	7,859
289,832	8,053
289,847	7,751
289,862	7,925
289,877	7,447
289,892	6,694
289,907	7,590
289,923	6,726
289,937	7,913
289,952	7,942
289,967	7,043
289,983	6,921
289,998	6,905
290,012	7,660
290,027	7,839
290,043	7,662
290,058	7,756
290,072	7,705
290,088	6,695
290,103	7,607
290,118	7,680
290,133	7,528
290,148	7,702
290,163	7,154
290,178	6,696
290,193	6,921
290,208	6,924
290,223	7,765
290,238	7,749
290,253	7,637
290,268	7,520
290,283	6,536
290,298	7,372
290,313	7,335
290,328	7,570
290,343	7,538
290,358	6,940
290,373	6,592
290,388	7,058
290,403	7,588
290,418	7,606
290,433	7,514
290,448	7,057
290,463	7,572
290,478	6,642
290,493	7,569
290,508	7,743
290,523	7,551
290,538	7,645
290,553	7,227
290,568	6,809
290,583	7,164
290,598	6,716
290,613	7,292
290,628	7,681
290,643	7,078
290,658	7,087
290,673	6,132
290,688	6,537
290,703	7,559
290,718	7,748
290,733	7,400
290,748	7,043
290,763	6,299
290,778	7,320
290,793	6,537
290,808	7,453
290,823	7,311
290,838	6,733
290,853	7,424
290,868	6,399
290,883	6,593
290,898	7,414
290,913	6,410
290,928	7,522
290,943	7,320
290,958	5,944
290,973	7,061
290,988	6,513
291,003	7,028
291,018	7,207
291,033	6,604
291,048	6,487
291,063	6,415
291,078	6,469
291,093	7,115
291,108	6,682
291,123	7,282
291,138	6,413
291,153	7,149
291,168	6,656
291,183	7,377
291,198	7,120
291,213	7,309
291,228	6,485
291,243	5,867
291,258	5,720
291,273	6,155
291,288	6,891
291,303	7,175
291,318	6,521
291,333	6,891
291,348	5,937
291,363	6,853
291,378	7,192
291,393	7,066
291,408	7,039
291,423	6,506
291,438	5,717
291,453	6,037
291,468	5,990
291,483	7,248
291,498	7,206
291,513	6,658
291,528	6,546
291,543	5,612
291,558	6,373
291,573	6,903
291,588	6,656
291,603	6,890
291,618	6,247
291,633	5,974
291,648	6,510
291,663	5,901
291,678	6,617
291,693	6,636
291,708	5,722
291,723	6,833
291,738	5,478
291,753	6,123
291,768	6,844
291,783	6,722
291,798	6,585
291,813	6,007
291,828	5,875
291,843	6,566
291,858	5,857
291,873	6,327
291,889	6,652
291,903	5,853
291,918	5,596
291,933	5,494
291,949	5,799
291,964	6,389
291,978	5,806
291,993	6,411
292,009	4,895
292,024	4,828
292,038	5,890
292,053	5,623
292,068	6,253
292,084	6,342
292,099	6,140
292,114	5,352
292,129	5,606
292,144	5,996
292,159	6,115
292,174	6,208
292,189	5,986
292,204	6,125
292,219	5,507
292,234	5,601
292,249	6,000
292,264	6,089
292,279	6,258
292,294	5,986
292,309	5,388
292,324	5,331
292,339	5,932
292,354	6,216
292,369	5,417
292,384	5,195
292,399	6,011
292,414	4,555
292,429	4,970
292,444	5,826
292,459	5,709
292,474	5,883
292,489	5,526
292,504	4,998
292,519	5,177
292,534	4,955
292,549	5,445
292,564	5,955
292,579	4,745
292,594	5,586
292,609	4,978
292,624	5,363
292,639	5,652
292,654	5,435
292,669	5,539
292,684	5,156
292,699	4,478
292,714	5,379
292,729	4,334
292,744	5,511
292,759	5,359
292,774	4,400
292,789	5,402
292,804	4,588
292,819	4,601
292,834	5,412
292,849	4,228
292,864	5,164
292,879	4,877
292,894	4,685
292,909	5,170
292,924	4,546
292,939	5,327
292,954	5,155
292,969	4,201
292,984	3,663
292,999	4,414
293,014	4,417
293,029	4,942
293,044	4,520
293,059	5,240
293,074	4,527
293,089	3,618
293,104	4,529
293,119	4,222
293,134	5,073
293,149	4,961
293,164	4,232
293,179	4,261
293,194	4,465
293,209	4,860
293,224	4,923
293,239	4,225
293,254	4,991
293,269	4,207
293,284	4,075
293,299	4,655
293,314	4,599
293,329	4,889
293,344	4,902
293,359	4,439
293,374	4,714
293,389	4,110
293,404	4,124
293,419	4,539
293,434	4,903
293,449	3,518
293,464	4,449
293,479	3,395
293,494	4,662
293,509	4,545
293,524	4,333
293,539	4,407
293,554	3,889
293,569	4,048
293,584	4,157
293,599	3,152
293,614	4,610
293,629	4,463
293,644	3,524
293,659	3,828
293,674	2,984
293,689	4,232
293,704	4,416
293,719	4,048
293,734	4,438
293,749	4,131
293,764	3,367
293,779	4,068
293,794	3,264
293,809	3,859
293,824	3,933
293,839	3,721
293,854	3,759
293,869	3,723
293,884	3,521
293,899	3,935
293,914	4,155
293,930	4,038
293,945	3,299
293,959	3,393
293,974	4,209
293,990	2,999
294,005	4,086
294,019	3,794
294,034	3,221
294,050	2,913
294,065	3,268
294,079	3,948
294,094	3,897
294,110	3,459
294,125	3,603
294,140	4,008
294,155	2,522
294,170	3,243
294,185	3,813
294,200	3,330
294,215	3,645
294,230	3,668
294,245	2,759
294,260	2,668
294,275	3,413
294,290	3,617
294,305	3,656
294,320	3,700
294,335	3,513
294,350	2,047
294,365	3,364
294,380	3,408
294,395	3,336
294,410	3,425
294,425	2,411
294,440	2,439
294,455	2,388
294,470	2,401
294,485	3,348
294,500	3,371
294,515	2,041
294,530	3,514
294,545	2,148
294,560	3,245
294,575	3,515
294,590	2,791
294,605	3,447
294,620	2,603
294,635	2,421
294,650	3,146
294,665	1,851
294,680	3,194
294,695	3,373
294,710	2,419
294,725	3,009
294,740	2,351
294,755	2,008
294,770	3,135
294,785	3,209
294,800	3,112
294,815	2,353
294,830	1,966
294,845	2,932
294,860	2,068
294,875	2,959
294,890	3,073
294,905	2,761
294,920	3,140
294,935	2,031
294,950	2,285
294,965	3,116
294,980	3,165
294,995	2,927
295,010	2,901
295,025	1,947
295,040	2,412
295,055	2,049
295,070	2,910
295,085	2,994
295,100	2,275
295,115	2,475
295,130	2,102
295,145	1,960
295,160	3,052
295,175	3,020
295,190	2,944
295,205	3,128
295,220	2,189
295,235	2,528
295,250	3,284
295,265	2,947
295,280	3,251
295,295	2,779
295,310	1,794
295,325	2,304
295,340	2,508
295,355	2,943
295,370	2,119
295,385	3,236
295,400	3,420
295,415	2,917
295,430	2,956
295,445	3,471
295,460	2,437
295,475	3,293
295,490	2,950
295,505	2,653
295,520	2,812
295,535	2,675
295,550	3,290
295,565	3,399
295,580	2,901
295,595	3,391
295,610	3,024
295,625	3,398
295,640	3,562
295,655	3,345
295,670	3,504
295,685	2,851
295,700	2,734
295,715	3,545
295,730	2,897
295,745	3,327
295,760	3,857
295,775	2,436
295,790	3,417
295,805	2,910
295,820	3,796
295,835	3,980
295,850	3,918
295,865	3,892
295,880	3,870
295,895	2,615
295,911	3,637
295,925	3,234
295,940	3,905
295,955	4,229
295,971	4,182
295,986	4,211
296,000	3,518
296,015	3,918
296,031	3,816
296,046	3,609
296,060	4,495
296,075	4,137
296,091	3,449
296,106	3,593
296,121	3,551
296,136	4,177
296,151	4,381
296,166	3,131
296,181	3,275
296,196	4,126
296,211	3,402
296,226	4,845
296,241	4,071
296,256	4,376
296,271	4,078
296,286	3,671
296,301	4,522
296,316	4,560
296,331	3,817
296,346	4,688
296,361	4,701
296,376	3,908
296,391	4,127
296,406	4,336
296,421	4,982
296,436	4,795
296,451	4,287
296,466	4,922
296,481	3,923
296,496	4,423
296,511	4,907
296,526	4,746
296,541	5,025
296,556	4,848
296,571	4,165
296,586	4,635
296,601	4,277
296,616	5,048
296,631	4,430
296,646	4,820
296,661	5,149
296,676	4,275
296,691	4,730
296,706	5,080
296,721	4,602
296,736	5,704
296,751	4,243
296,766	4,432
296,781	5,218
296,796	4,293
296,811	5,285
296,826	5,785
296,841	4,510
296,856	5,727
296,871	5,089
296,886	5,413
296,901	5,818
296,916	5,606
296,931	5,625
296,946	5,874
296,961	4,699
296,976	5,801
296,991	4,756
297,006	6,038
297,021	6,132
297,036	4,847
297,051	5,217
297,066	5,496
297,081	5,505
297,096	6,105
297,111	6,344
297,126	6,338
297,141	6,231
297,156	5,322
297,171	6,339
297,186	5,680
297,201	6,426
297,216	6,625
297,231	6,438
297,246	5,890
297,261	5,828
297,276	6,268
297,291	7,214
297,306	7,198
297,321	7,267
297,336	7,401
297,351	6,768
297,366	6,801
297,381	7,657
297,396	7,631
297,411	8,256
297,426	7,773
297,441	7,581
297,456	8,137
297,471	8,596
297,486	9,412
297,501	9,887
297,516	9,936
297,531	11,288
297,546	10,811
297,561	12,309
297,576	14,283
297,591	15,992
297,606	18,127
297,621	20,442
297,636	22,873
297,651	27,189
297,666	31,595
297,681	37,281
297,696	42,540
297,711	47,242
297,726	53,012
297,741	58,477
297,756	64,117
297,771	70,509
297,786	76,160
297,801	81,554
297,816	86,733
297,831	91,305
297,846	96,769
297,861	100,308
297,876	105,296
297,891	109,382
297,906	112,154
297,921	115,407
297,937	117,150
297,952	119,130
297,966	120,477
297,981	121,403
297,997	122,004
298,012	121,651
298,026	120,095
298,041	120,565
298,057	118,182
298,072	118,265
298,087	116,399
298,102	113,574
298,116	111,516
298,132	110,301
298,147	107,923
298,162	106,302
298,177	104,109
298,192	101,951
298,207	99,142
298,222	96,026
298,237	94,646
298,252	91,339
298,267	90,089
298,282	87,596
298,297	84,655
298,312	81,590
298,327	79,899
298,342	77,330
298,357	75,839
298,372	73,626
298,387	71,257
298,402	69,085
298,417	65,964
298,432	64,869
298,447	63,003
298,462	60,754
298,477	59,263
298,492	57,421
298,507	54,923
298,522	53,382
298,537	51,264
298,552	50,766
298,567	49,050
298,582	46,952
298,597	45,918
298,612	43,640
298,627	42,500
298,642	42,027
298,657	39,714
298,672	39,005
298,687	37,961
298,702	35,933
298,717	35,395
298,732	33,819
298,747	33,688
298,762	32,598
298,777	30,911
298,792	30,373
298,807	29,259
298,822	28,335
298,837	28,017
298,852	26,892
298,867	26,490
298,882	25,445
298,897	23,704
298,912	24,214
298,927	22,602
298,942	22,511
298,957	21,547
298,972	21,495
298,987	20,802
299,002	19,812
299,017	18,592
299,032	19,438
299,047	18,875
299,062	18,162
299,077	16,876
299,092	16,363
299,107	15,941
299,122	15,082
299,137	15,868
299,152	15,350
299,167	14,476
299,182	13,617
299,197	13,916
299,212	13,318
299,227	13,873
299,242	13,119
299,257	12,963
299,272	12,716
299,287	11,701
299,302	12,211
299,317	11,844
299,332	11,100
299,347	10,662
299,362	10,279
299,377	9,646
299,392	10,006
299,407	10,215
299,422	9,913
299,437	9,796
299,452	9,604
299,467	9,146
299,482	8,819
299,497	8,331
299,512	8,615
299,527	8,077
299,542	8,402
299,557	8,180
299,572	6,970
299,587	7,354
299,602	7,493
299,617	7,487
299,632	7,385
299,647	6,606
299,662	7,056
299,677	6,052
299,692	5,845
299,707	6,977
299,722	6,108
299,737	6,533
299,752	6,456
299,767	4,900
299,782	5,856
299,797	4,987
299,812	5,698
299,827	6,118
299,842	5,414
299,857	5,924
299,872	4,815
299,887	4,894
299,902	5,444
299,917	5,041
299,933	5,722
299,947	4,913
299,962	4,164
299,978	4,744
299,993	4,422
300,007	4,827
300,022	4,188
300,038	4,137
300,053	4,897
300,067	4,104
300,083	4,343
300,098	4,843
300,113	4,892
300,128	4,770
300,143	4,312
300,158	3,318
300,173	3,908
300,188	3,741
300,203	4,422
300,218	4,566
300,233	3,862
300,248	3,615
300,263	3,779
300,278	3,431
300,293	4,172
300,308	4,116
300,323	4,144
300,338	2,754
300,353	2,883
300,368	3,508
300,383	4,028
300,398	3,867
300,413	3,980
300,428	3,969
300,443	2,869
300,458	3,153
300,473	3,112
300,488	3,607
300,503	3,821
300,518	3,724
300,533	3,297
300,548	2,167
300,563	2,582
300,578	3,653
300,593	2,754
300,608	3,540
300,623	3,509
300,638	2,524
300,653	2,854
300,668	3,093
300,683	3,282
300,698	3,561
300,713	2,241
300,728	3,187
300,743	2,755
300,758	2,723
300,773	3,289
300,788	3,087
300,803	3,226
300,818	3,149
300,833	2,776
300,848	2,519
300,863	1,685
300,878	3,043
300,893	2,405
300,908	3,015
300,923	3,400
300,938	1,884
300,953	2,243
300,968	2,999
300,983	2,973
300,998	3,157
301,013	2,438
301,028	1,890
301,043	2,766
301,058	1,897
301,073	2,803
301,088	2,737
301,103	2,745
301,118	2,919
301,133	2,612
301,148	2,405
301,163	2,815
301,178	2,878
301,193	2,436
301,208	2,113
301,223	2,047
301,238	1,604
301,253	1,487
301,268	2,393
301,283	2,452
301,298	2,255
301,313	1,366
301,328	1,956
301,343	1,835
301,358	2,515
301,373	2,594
301,388	2,643
301,403	2,697
301,418	1,201
301,433	1,911
301,448	2,537
301,463	2,285
301,478	2,082
301,493	1,725
301,508	1,447
301,523	1,616
301,538	1,119
301,553	2,341
301,568	2,450
301,583	1,601
301,598	2,181
301,613	1,417
301,628	0,904
301,643	2,156
301,658	1,413
301,673	2,084
301,688	2,047
301,703	1,323
301,718	1,678
301,733	1,090
301,748	1,916
301,763	1,934
301,778	1,672
301,793	2,032
301,808	1,218
301,823	1,247
301,838	1,947
301,853	1,444
301,868	2,005
301,884	1,426
301,898	1,655
301,913	1,368
301,928	0,635
301,943	1,932
301,959	1,971
301,974	1,568
301,988	1,863
302,003	0,938
302,019	1,273
302,034	1,367
302,048	1,927
302,063	1,966
302,079	1,653
302,094	0,804
302,109	1,656
302,124	0,451
302,139	1,557
302,154	1,791
302,169	1,690
302,184	0,349
302,199	1,326
302,214	1,660
302,229	1,674
302,244	1,522
302,259	1,435
302,274	1,173
302,289	0,485
302,304	0,879
302,319	-0,015
302,334	0,987
302,349	1,557
302,364	1,009
302,379	0,667
302,394	0,881
302,409	0,348
302,424	1,410
302,439	1,423
302,454	1,337
302,469	1,310
302,484	0,391
302,499	-0,157
302,514	1,466
302,529	1,144
302,544	1,468
302,559	1,166
302,574	0,146
302,589	1,168
302,604	0,495
302,619	1,265
302,634	1,149
302,649	0,335
302,664	1,146
302,679	0,593
302,694	0,977
302,709	0,951
302,724	1,050
302,739	1,088
302,754	0,861
302,769	0,082
302,784	0,562
302,799	-0,046
302,814	0,981
302,829	1,155
302,844	0,466
302,859	1,287
302,874	0,559
302,889	0,066
302,904	1,092
302,919	0,614
302,934	1,230
302,949	0,908
302,964	-0,232
302,979	0,794
302,994	0,146
303,009	1,057
303,024	1,056
303,039	0,297
303,054	0,878
303,069	0,645
303,084	0,519
303,099	1,139
303,114	0,801
303,129	0,955
303,144	-0,134
303,159	-0,422
303,174	-0,273
303,189	-0,329
303,204	0,387
303,219	0,766
303,234	-0,353
303,249	-0,230
303,264	0,351
303,279	-0,012
303,294	0,859
303,309	0,507
303,324	1,042
303,339	0,815
303,354	-0,290
303,369	-0,256
303,384	-0,649
303,399	0,177
303,414	0,838
303,429	0,500
303,444	-0,454
303,459	0,292
303,474	0,009
303,489	0,635
303,504	0,468
303,519	0,647
303,534	0,841
303,549	-0,178
303,564	-0,215
303,579	0,812
303,594	0,003
303,609	0,734
303,624	0,201
303,639	-0,478
303,654	-0,008
303,669	-0,115
303,684	0,526
303,699	0,705
303,714	0,523
303,729	0,662
303,744	-0,443
303,759	-0,530
303,774	0,683
303,789	-0,011
303,804	0,419
303,819	0,066
303,834	-0,316
303,849	0,605
303,864	-0,645
303,879	0,522
303,894	0,536
303,909	0,178
303,925	0,628
303,940	-0,161
303,954	0,480
303,969	0,308
303,985	-0,311
304,000	0,676
304,014	0,800
304,029	-0,099
304,045	-0,231
304,060	-1,045
304,075	0,057
304,089	0,392
304,105	0,385
304,120	0,319
304,135	-0,224
304,150	0,075
304,165	0,580
304,180	0,543
304,195	0,306
304,210	0,475
304,225	-0,860
304,240	0,026
304,255	-1,129
304,270	-0,047
304,285	0,328
304,300	-0,075
304,315	-0,864
304,330	0,153
304,345	-0,746
304,360	0,240
304,375	0,309
304,390	0,352
304,405	0,025
304,420	-0,583
304,435	-0,379
304,450	0,226
304,465	-0,237
304,480	0,579
304,495	0,187
304,510	-0,607
304,525	-0,332
304,540	-0,755
304,555	0,171
304,570	0,426
304,585	0,273
304,600	0,247
304,615	-0,246
304,630	-0,323
304,645	0,313
304,660	0,031
304,675	0,601
304,690	-0,123
304,705	-0,861
304,720	-0,341
304,735	-0,944
304,750	0,148
304,765	0,437
304,780	-0,041
304,795	0,414
304,810	-0,570
304,825	-0,326
304,840	-0,032
304,855	0,022
304,870	0,567
304,885	0,170
304,900	-0,704
304,915	0,462
304,930	-0,627
304,945	0,369
304,960	0,413
304,975	0,231
304,990	0,490
305,005	-0,213
305,020	-0,576
305,035	0,576
305,050	0,279
305,065	0,588
305,080	0,441
305,095	-0,412
305,110	-0,459
305,125	-1,002
305,140	0,421
305,155	0,540
305,170	0,007
305,185	0,346
305,200	-0,031
305,215	-0,439
305,230	0,352
305,245	0,606
305,260	0,570
305,275	-0,545
305,290	-0,832
305,305	-0,538
305,320	-0,540
305,335	-0,034
305,350	0,436
305,365	0,334
305,380	-0,335
305,395	-0,211
305,410	-0,654
305,425	0,423
305,440	0,577
305,455	0,370
305,470	0,384
305,485	-0,816
305,500	-0,893
305,515	-0,102
305,530	0,152
305,545	0,602
305,560	0,390
305,575	-0,795
305,590	-0,044
305,605	-0,492
305,620	0,404
305,635	0,338
305,650	0,517
305,665	0,360
305,680	-0,845
305,695	-0,761
305,710	0,411
305,725	0,038
305,740	0,473
305,755	0,341
305,770	-0,763
305,785	-0,248
305,800	-0,541
305,815	0,240
305,830	0,555
305,845	-0,430
305,860	0,632
305,875	-0,473
305,890	-0,790
305,906	0,226
305,921	0,320
305,935	0,549
305,950	0,382
305,966	-0,607
305,981	-0,603
305,995	-0,534
306,010	0,277
306,026	0,441
306,041	-0,288
306,055	0,383
306,070	-0,306
306,086	-0,959
306,101	0,243
306,116	0,698
306,131	0,330
306,146	0,218
306,161	-0,641
306,176	0,311
306,191	-0,593
306,206	0,453
306,221	0,251
306,236	-0,713
306,251	0,203
306,266	-0,094
306,281	-0,462
306,296	0,374
306,311	0,007
306,326	0,306
306,341	0,250
306,356	-0,674
306,371	-0,084
306,386	-0,963
306,401	-0,047
306,416	0,518
306,431	0,181
306,446	-0,407
306,461	0,343
306,476	-0,541
306,491	0,245
306,506	-0,223
306,521	0,353
306,536	0,587
306,551	-0,267
306,566	-0,454
306,581	0,568
306,596	0,140
306,611	0,374
306,626	0,087
306,641	0,296
306,656	0,139
306,671	-0,023
306,686	0,407
306,701	0,596
306,716	-0,418
306,731	0,348
306,746	0,111
306,761	-0,397
306,776	0,544
306,791	-0,486
306,806	0,356
306,821	0,439
306,836	-0,636
306,851	-0,161
306,866	-0,703
306,881	0,198
306,896	0,267
306,911	0,410
306,926	0,524
306,941	-0,520
306,956	-0,201
306,971	0,450
306,986	-0,249
307,001	0,352
307,016	-0,071
307,031	-0,770
307,046	0,026
307,061	-0,878
307,076	0,515
307,091	0,453
307,106	-0,311
307,121	0,556
307,136	-0,253
307,151	-0,555
307,166	0,531
307,181	-0,022
307,196	0,102
307,211	0,346
307,226	-0,583
307,241	-0,554
307,256	-0,781
307,271	0,185
307,286	0,319
307,301	-0,069
307,316	-0,647
307,331	-0,382
307,346	-0,298
307,361	0,147
307,376	0,331
307,391	0,344
307,406	0,122
307,421	-0,180
307,436	-0,643
307,451	-0,865
307,466	0,136
307,481	0,571
307,496	0,319
307,511	-0,806
307,526	-0,200
307,541	-0,362
307,556	0,208
307,571	0,648
307,586	0,471
307,601	0,404
307,616	-0,756
307,631	-0,366
307,646	0,390
307,661	-0,068
307,676	0,442
307,691	0,426
307,706	-0,494
307,721	0,152
307,736	-0,521
307,751	0,570
307,766	0,654
307,781	0,106
307,796	0,656
307,811	0,374
307,826	-0,335
307,841	0,451
307,856	-0,308
307,871	0,358
307,886	0,673
307,901	-0,397
307,916	0,113
307,932	-0,320
307,947	0,431
307,962	0,585
307,976	-0,028
307,991	0,642
308,007	0,064
308,022	-0,208
308,036	0,583
308,051	-0,156
308,067	0,500
308,082	-0,239
308,097	-0,837
308,111	-0,021
308,127	-0,534
308,142	0,182
308,157	0,135
308,172	-0,037
308,187	0,478
308,202	-0,110
308,217	-0,528
308,232	0,614
308,247	0,457
308,262	0,476
308,277	0,675
308,292	-0,439
308,307	-0,371
308,322	-0,563
308,337	0,393
308,352	0,828
308,367	0,365
308,382	-0,483
308,397	0,082
308,412	-0,732
308,427	0,450
308,442	0,609
308,457	0,703
308,472	0,661
308,487	-0,438
308,502	-0,114
308,517	-0,451
308,532	0,580
308,547	0,900
308,562	0,312
308,577	-0,392
308,592	0,173
308,607	-0,019
308,622	0,672
308,637	0,951
308,652	0,764
308,667	0,868
308,682	-0,347
308,697	-0,108
308,712	0,799
308,727	0,256
308,742	0,284
308,757	0,699
308,772	-0,020
308,787	0,285
308,802	-0,338
308,817	0,839
308,832	0,536
308,847	0,124
308,862	0,814
308,877	0,146
308,892	0,049
308,907	0,910
308,922	-0,074
308,937	0,907
308,952	-0,167
308,967	-0,154
308,982	-0,150
308,997	-0,056
309,012	0,363
309,027	0,868
309,042	-0,362
309,057	0,640
309,072	-0,274
309,087	0,131
309,102	0,836
309,117	-0,243
309,132	0,843
309,147	0,160
309,162	-0,258
309,177	0,042
309,192	-0,125
309,207	0,811
309,222	0,810
309,237	0,462
309,252	0,742
309,267	0,259
309,282	0,037
309,297	0,838
309,312	0,741
309,327	0,945
309,342	0,929
309,357	0,270
309,372	-0,082
309,387	-0,054
309,402	0,742
309,417	0,881
309,432	0,383
309,447	0,156
309,462	0,130
309,477	0,028
309,492	0,859
309,507	0,953
309,522	1,016
309,537	-0,294
309,552	0,562
309,567	0,486
309,582	1,056
309,597	0,693
309,612	1,243
309,627	0,334
309,642	-0,068
309,657	0,402
309,672	-0,166
309,687	1,101
309,702	1,064
309,717	0,882
309,732	0,921
309,747	0,268
309,762	0,356
309,777	0,886
309,792	0,373
309,807	0,964
309,822	1,093
309,837	-0,212
309,852	0,393
309,867	0,557
309,882	0,937
309,897	1,121
309,912	0,252
309,928	1,228
309,942	0,645
309,957	-0,164
309,973	1,168
309,988	0,746
310,002	1,115
310,017	1,375
310,033	-0,056
310,048	0,304
310,062	0,202
310,077	0,943
310,093	0,786
310,108	1,161
310,123	0,984
310,138	-0,226
310,153	0,520
310,168	1,110
310,183	0,787
310,198	1,127
310,213	0,639
310,228	-0,120
310,243	0,431
310,258	-0,088
310,273	0,282
310,288	1,264
310,303	0,736
310,318	1,000
310,333	0,567
310,348	0,064
310,363	1,051
310,378	0,949
310,393	1,274
310,408	0,981
310,423	0,518
310,438	-0,035
310,453	0,255
310,468	0,760
310,483	1,105
310,498	0,792
310,513	-0,097
310,528	0,634
310,543	0,241
310,558	0,771
310,573	1,236
310,588	1,205
310,603	1,314
310,618	0,570
310,633	0,563
310,648	1,189
310,663	0,530
310,678	1,306
310,693	0,648
310,708	0,501
310,723	0,966
310,738	-0,254
310,753	1,359
310,768	1,213
310,783	1,216
310,798	-0,089
310,813	0,897
310,828	0,279
310,843	1,346
310,858	0,432
310,873	1,328
310,888	1,371
310,903	0,367
310,918	0,787
310,933	0,168
310,948	1,120
310,963	1,369
310,978	1,232
310,993	1,301
311,008	-0,120
311,023	-0,261
311,038	1,176
311,053	1,019
311,068	1,113
311,083	0,675
311,098	0,714
311,113	1,154
311,128	0,150
311,143	0,925
311,158	1,440
311,173	0,973
311,188	1,388
311,203	0,448
311,218	1,420
311,233	1,398
311,248	1,337
311,263	1,380
311,278	0,196
311,293	0,635
311,308	0,534
311,323	0,226
311,338	1,017
311,353	1,372
311,368	0,773
311,383	1,308
311,398	0,570
311,413	0,333
311,428	0,788
311,443	1,243
311,458	1,040
311,473	1,245
311,488	0,030
311,503	0,720
311,518	0,082
311,533	1,329
311,548	1,313
311,563	1,477
311,578	0,412
311,593	0,772
311,608	0,224
311,623	1,315
311,638	1,469
311,653	1,408
311,668	1,341
311,683	0,091
311,698	0,381
311,713	0,976
311,728	0,488
311,743	1,434
311,758	0,921
311,773	0,143
311,788	0,557
311,803	0,270
311,818	1,156
311,833	1,366
311,848	0,828
311,863	1,408
311,878	0,769
311,893	0,407
311,908	1,178
311,923	0,474
311,938	1,255
311,954	0,501
311,969	0,675
311,983	1,306
311,998	0,366
312,014	1,358
312,029	1,171
312,043	0,528
312,058	1,108
312,074	1,197
312,089	0,042
312,103	1,324
312,119	0,355
312,134	1,301
312,149	1,265
312,164	0,270
312,179	0,530
312,194	0,343
312,209	1,194
312,224	1,208
312,239	1,076
312,254	1,435
312,269	1,078
312,284	1,182
312,299	1,336
312,314	1,244
312,329	1,373
312,344	1,387
312,359	0,894
312,374	0,551
312,389	0,500
312,404	1,140
312,419	1,379
312,434	1,438
312,449	0,158
312,464	1,084
312,479	0,686
312,494	0,770
312,509	1,345
312,524	1,224
312,539	1,057
312,554	0,574
312,569	0,773
312,584	0,165
312,599	0,559
312,614	1,526
312,629	1,173
312,644	0,259
312,659	0,744
312,674	0,292
312,689	1,122
312,704	1,272
312,719	0,994
312,734	1,535
312,749	0,836
312,764	-0,098
312,779	1,585
312,794	0,631
312,809	1,462
312,824	1,496
312,839	1,269
312,854	0,746
312,869	0,679
312,884	1,109
312,899	1,258
312,914	0,910
312,929	1,280
312,944	0,912
312,959	1,713
312,974	1,481
312,989	1,099
313,004	1,383
313,019	1,366
313,034	0,247
313,049	0,777
313,064	0,540
313,079	1,280
313,094	1,495
313,109	0,977
313,124	1,387
313,139	0,648
313,154	0,060
313,169	1,608
313,184	0,990
313,199	1,655
313,214	1,523
313,229	0,268
313,244	-0,009
313,259	0,084
313,274	1,262
313,289	1,501
313,304	1,149
313,319	1,328
313,334	0,835
313,349	0,608
313,364	1,013
313,379	1,688
313,394	1,576
313,409	0,938
313,424	0,440
313,439	0,955
313,454	0,467
313,469	1,343
313,484	1,582
313,499	1,025
313,514	0,376
313,529	1,037
313,544	0,173
313,559	1,249
313,574	1,258
313,589	1,412
313,604	1,511
313,619	0,847
313,634	0,645
313,649	0,619
313,664	1,284
313,679	1,549
313,694	1,557
313,709	0,016
313,724	1,078
313,739	0,450
313,754	1,416
313,769	1,480
313,784	1,178
313,799	1,462
313,814	0,909
313,829	0,757
313,844	1,543
313,859	0,303
313,875	1,510
313,889	0,721
313,904	0,494
313,920	1,104
313,935	0,260
313,950	0,961
313,964	1,541
313,979	1,505
313,995	1,543
314,010	1,121
314,024	0,547
314,039	1,384
314,055	0,580
314,070	1,340
314,084	0,928
314,099	0,234
314,115	0,739
314,130	0,126
314,145	1,529
314,160	1,653
314,175	1,195
314,190	1,615
314,205	0,936
314,220	1,557
314,235	1,435
314,250	0,681
314,265	1,592
314,280	1,170
314,295	0,812
314,310	0,535
314,325	0,514
314,340	1,259
314,355	1,684
314,370	1,868
314,385	1,511
314,400	1,098
314,415	0,390
314,430	1,702
314,445	1,605
314,460	1,664
314,475	1,728
314,490	0,483
314,505	0,777
314,520	0,550
314,535	0,985
314,550	1,545
314,565	1,448
314,580	0,951
314,595	1,636
314,610	0,577
314,625	1,302
314,640	1,762
314,655	1,555
314,670	1,599
314,685	1,331
314,700	1,671
314,715	1,790
314,730	0,951
314,745	1,817
314,760	1,750
314,775	0,781
314,790	1,522
314,805	0,974
314,820	1,584
314,835	1,648
314,850	1,406
314,865	1,846
314,880	1,027
314,895	1,617
314,910	1,561
314,925	1,243
314,940	1,583
314,955	1,807
314,970	0,642
314,985	1,654
315,000	0,358
315,009	1,757
315,024	1,523
315,039	1,690
315,054	1,386
315,069	1,026
315,084	1,524
315,099	0,869
315,114	1,819
315,129	1,720
315,144	0,548
315,159	1,247
315,174	0,562
315,189	1,567
315,204	1,709
315,219	1,580
315,234	1,582
315,249	1,067
315,264	1,004
315,279	1,682
315,294	1,167
315,309	1,651
315,324	1,647
315,339	1,022
315,354	0,879
315,369	0,695
315,384	1,183
315,399	1,521
315,414	1,357
315,429	1,434
315,444	0,212
315,459	0,415
315,474	1,339
315,489	0,408
315,504	1,212
315,519	0,993
315,534	0,804
315,549	0,721
315,564	0,251
315,579	0,529
315,594	1,498
315,609	1,119
315,624	1,436
315,639	1,308
315,654	0,497
315,669	1,106
315,684	1,549
315,699	1,445
315,714	1,277
315,729	0,280
315,744	0,478
315,759	0,685
315,774	0,556
315,789	1,636
315,804	0,740
315,819	0,160
315,834	0,879
315,849	0,766
315,864	1,209
315,879	1,481
315,894	1,337
315,909	1,449
315,925	0,970
315,940	0,605
315,954	1,369
315,969	0,644
315,985	1,328
316,000	0,642
316,014	0,885
316,029	1,027
316,045	-0,094
316,060	1,166
316,075	1,198
316,089	1,149
316,105	1,106
316,120	0,998
316,135	0,814
316,150	0,876
316,165	0,316
316,180	1,376
316,195	1,387
316,210	0,020
316,225	0,989
316,240	0,334
316,255	0,953
316,270	1,241
316,285	0,134
316,300	1,284
316,315	1,597
316,330	0,586
316,345	1,174
316,360	0,529
316,375	1,423
316,390	1,440
316,405	-0,038
316,420	0,546
316,435	0,427
316,450	0,690
316,465	1,469
316,480	1,300
316,495	1,222
316,510	0,922
316,525	0,367
316,540	1,166
316,555	0,165
316,570	1,245
316,585	1,302
316,600	0,637
316,615	0,092
316,630	0,650
316,645	1,359
316,660	1,446
316,675	1,508
316,690	1,420
316,705	0,744
316,720	0,495
316,735	1,149
316,750	1,427
316,765	1,338
316,780	1,505
316,795	0,855
316,810	0,616
316,825	0,141
316,840	1,056
316,855	1,413
316,870	1,345
316,885	0,294
316,900	1,409
316,915	0,819
316,930	0,785
316,945	1,559
316,960	1,586
316,975	1,412
316,990	0,983
317,005	0,398
317,020	1,227
317,035	1,319
317,050	1,341
317,065	1,413
317,080	0,953
317,095	1,361
317,110	0,756
317,125	1,330
317,140	1,341
317,155	1,504
317,170	1,375
317,185	0,980
317,200	0,611
317,215	1,255
317,230	0,635
317,245	1,464
317,260	1,255
317,275	0,835
317,290	1,564
317,305	0,738
317,320	1,297
317,335	1,509
317,350	1,210
317,365	1,438
317,380	1,454
317,395	0,558
317,410	1,403
317,425	0,472
317,440	1,331
317,455	1,423
317,470	0,512
317,485	0,915
317,500	0,886
317,515	0,813
317,530	1,557
317,545	1,208
317,560	1,751
317,575	0,619
317,590	0,561
317,605	1,064
317,620	1,568
317,635	1,333
317,650	1,561
317,665	0,218
317,680	0,882
317,695	0,924
317,710	1,558
317,725	1,444
317,740	1,491
317,755	1,668
317,770	0,958
317,785	0,253
317,800	0,766
317,815	1,575
317,830	1,717
317,845	1,573
317,860	0,537
317,875	0,579
317,890	0,581
317,906	0,673
317,921	1,587
317,935	1,634
317,950	0,798
317,966	0,835
317,981	0,696
317,995	1,701
318,010	1,502
318,026	1,223
318,041	1,440
318,055	1,432
318,070	0,938
318,086	1,556
318,101	0,630
318,116	1,449
318,131	1,656
318,146	0,079
318,161	1,294
318,176	0,328
318,191	0,801
318,206	1,580
318,221	1,456
318,236	1,684
318,251	1,555
318,266	1,085
318,281	1,338
318,296	0,472
318,311	1,452
318,326	1,584
318,341	0,498
318,356	1,412
318,371	0,571
318,386	0,618
318,401	1,422
318,416	0,907
318,431	1,480
318,446	0,148
318,461	0,431
318,476	1,506
318,491	0,455
318,506	1,309
318,521	1,336
318,536	0,896
318,551	1,259
318,566	0,258
318,581	1,177
318,596	1,530
318,611	1,531
318,626	1,558
318,641	1,069
318,656	0,208
318,671	1,433
318,686	1,390
318,701	1,407
318,716	1,639
318,731	0,582
318,746	0,805
318,761	0,686
318,776	1,555
318,791	1,517
318,806	1,544
318,821	0,673
318,836	1,277
318,851	0,316
318,866	1,641
318,881	1,553
318,896	1,494
318,911	1,080
318,926	0,570
318,941	0,296
318,956	0,583
318,971	1,398
318,986	1,655
319,001	1,060
319,016	0,224
319,031	1,239
319,046	0,253
319,061	1,378
319,076	1,445
319,091	1,587
319,106	1,614
319,121	1,646
319,136	0,093
319,151	1,424
319,166	0,648
319,181	1,312
319,196	1,860
319,211	0,317
319,226	1,146
319,241	0,611
319,256	1,175
319,271	1,813
319,286	1,173
319,301	1,576
319,316	1,703
319,331	0,477
319,346	1,707
319,361	0,912
319,376	1,565
319,391	1,642
319,406	0,871
319,421	1,791
319,436	0,474
319,451	0,902
319,466	1,470
319,481	1,833
319,496	1,639
319,511	1,756
319,526	0,880
319,541	1,539
319,556	1,014
319,571	1,733
319,586	1,820
319,601	1,240
319,616	1,512
319,631	0,376
319,646	1,571
319,661	1,472
319,676	1,535
319,691	1,767
319,706	1,142
319,721	0,436
319,736	1,667
319,751	1,914
319,766	1,625
319,781	1,787
319,796	1,222
319,811	1,545
319,826	1,091
319,841	1,128
319,856	1,756
319,871	1,602
319,886	1,092
319,901	1,731
319,916	0,334
319,932	1,765
319,947	1,812
319,962	1,979
319,976	1,725
319,991	1,742
320,007	0,911
320,022	0,677
320,036	2,158
320,051	1,768
320,067	1,755
320,082	0,759
320,097	2,024
320,111	1,244
320,127	1,271
320,142	1,934
320,157	1,640
320,172	1,858
320,187	1,258
320,202	0,552
320,217	2,013
320,232	1,138
320,247	1,791
320,262	1,853
320,277	1,283
320,292	2,047
320,307	0,996
320,322	1,168
320,337	1,892
320,352	1,502
320,367	2,231
320,382	1,827
320,397	1,463
320,412	1,690
320,427	1,361
320,442	2,110
320,457	1,876
320,472	1,652
320,487	1,303
320,502	1,299
320,517	2,144
320,532	2,331
320,547	2,052
320,562	1,923
320,577	2,050
320,592	0,788
320,607	1,622
320,622	1,178
320,637	2,122
320,652	2,359
320,667	1,449
320,682	0,869
320,697	1,327
320,712	1,860
320,727	2,093
320,742	2,064
320,757	2,367
320,772	1,476
320,787	0,600
320,802	2,086
320,817	2,013
320,832	2,025
320,847	2,071
320,862	1,145
320,877	1,227
320,892	1,144
320,907	1,928
320,922	2,240
320,937	1,560
320,952	1,306
320,967	2,381
320,982	1,686
320,997	1,853
321,012	2,075
321,027	2,057
321,042	2,315
321,057	1,544
321,072	1,079
321,087	1,688
321,102	1,559
321,117	2,333
321,132	2,285
321,147	1,143
321,162	2,148
321,177	1,076
321,192	2,061
321,207	1,932
321,222	1,904
321,237	1,840
321,252	1,752
321,267	0,981
321,282	2,157
321,297	1,366
321,312	2,015
321,327	2,413
321,342	1,341
321,357	2,095
321,372	1,350
321,387	2,013
321,402	2,371
321,417	2,132
321,432	2,194
321,447	2,191
321,462	1,185
321,477	2,435
321,492	0,842
321,507	2,238
321,522	2,641
321,537	1,740
321,552	1,481
321,567	1,011
321,582	1,911
321,597	2,334
321,612	2,290
321,627	2,422
321,642	2,058
321,657	1,267
321,672	2,207
321,687	2,524
321,702	2,270
321,717	2,483
321,732	1,417
321,747	1,599
321,762	1,666
321,777	2,560
321,792	2,341
321,807	2,228
321,822	2,430
321,837	1,985
321,852	1,822
321,867	2,295
321,882	2,542
321,897	2,298
321,912	2,475
321,928	1,600
321,942	1,772
321,957	1,057
321,973	2,347
321,988	2,459
322,002	2,366
322,017	1,344
322,033	1,973
322,048	1,302
322,062	1,821
322,077	2,539
322,093	2,321
322,108	2,663
322,123	1,798
322,138	1,840
322,153	2,443
322,168	1,738
322,183	2,422
322,198	1,250
322,213	1,442
322,228	2,011
322,243	1,340
322,258	1,903
322,273	2,773
322,288	2,002
322,303	2,736
322,318	2,106
322,333	1,677
322,348	2,556
322,363	1,655
322,378	2,454
322,393	2,797
322,408	2,117
322,423	2,299
322,438	1,488
322,453	2,227
322,468	2,936
322,483	2,777
322,498	2,694
322,513	2,229
322,528	1,218
322,543	2,694
322,558	1,973
322,573	2,657
322,588	2,849
322,603	2,049
322,618	1,674
322,633	1,676
322,648	2,560
322,663	2,216
322,678	2,855
322,693	2,842
322,708	1,911
322,723	1,812
322,738	2,737
322,753	2,829
322,768	2,650
322,783	2,817
322,798	2,092
322,813	1,462
322,828	1,614
322,843	2,012
322,858	2,690
322,873	2,221
322,888	2,999
322,903	2,083
322,918	1,950
322,933	2,614
322,948	2,701
322,963	2,697
322,978	2,724
322,993	1,608
323,008	1,850
323,023	1,867
323,038	1,738
323,053	2,813
323,068	2,835
323,083	2,415
323,098	2,783
323,113	1,967
323,128	2,385
323,143	2,172
323,158	2,334
323,173	2,907
323,188	1,936
323,203	2,053
323,218	2,807
323,233	1,851
323,248	2,936
323,263	2,792
323,278	2,418
323,293	3,062
323,308	2,126
323,323	2,167
323,338	2,931
323,353	3,053
323,368	2,995
323,383	2,621
323,398	1,725
323,413	2,724
323,428	2,149
323,443	3,079
323,458	3,106
323,473	2,465
323,488	2,688
323,503	2,313
323,518	2,666
323,533	3,009
323,548	2,760
323,563	2,772
323,578	2,693
323,593	2,058
323,608	2,572
323,623	2,187
323,638	2,760
323,653	2,923
323,668	2,067
323,683	2,044
323,698	2,622
323,713	2,649
323,728	3,067
323,743	2,888
323,758	3,045
323,773	2,325
323,788	1,735
323,803	3,005
323,818	3,082
323,833	2,913
323,848	2,895
323,863	2,360
323,878	1,926
323,893	1,882
323,908	2,205
323,923	2,447
323,938	2,459
323,954	1,809
323,969	3,115
323,983	1,652
323,998	2,852
324,014	2,854
324,029	2,811
324,043	2,887
324,058	1,977
324,074	1,863
324,089	2,321
324,103	2,072
324,119	2,906
324,134	2,372
324,149	2,062
324,164	2,871
324,179	1,855
324,194	2,173
324,209	3,248
324,224	2,597
324,239	3,326
324,254	2,325
324,269	2,227
324,284	3,146
324,299	1,709
324,314	2,974
324,329	3,041
324,344	2,546
324,359	3,140
324,374	1,858
324,389	2,782
324,404	2,573
324,419	2,455
324,434	2,983
324,449	1,726
324,464	1,873
324,479	2,421
324,494	2,428
324,509	3,097
324,524	3,199
324,539	2,469
324,554	3,273
324,569	1,971
324,584	2,735
324,599	3,062
324,614	2,678
324,629	3,211
324,644	2,661
324,659	1,946
324,674	3,011
324,689	1,704
324,704	3,185
324,719	3,202
324,734	2,261
324,749	2,403
324,764	2,229
324,779	2,301
324,794	3,105
324,809	2,615
324,824	3,083
324,839	2,574
324,854	2,034
324,869	2,772
324,884	3,175
324,899	3,002
324,914	3,244
324,929	2,564
324,944	2,230
324,959	2,462
324,974	2,293
324,989	2,541
325,004	3,295
325,019	2,198
325,034	3,168
325,049	1,941
325,064	2,404
325,079	3,419
325,094	3,160
325,109	3,222
325,124	2,597
325,139	2,052
325,154	2,680
325,169	2,085
325,184	3,280
325,199	2,786
325,214	2,517
325,229	2,794
325,244	2,365
325,259	3,445
325,274	3,501
325,289	2,947
325,304	3,435
325,319	3,000
325,334	2,375
325,349	3,355
325,364	2,444
325,379	3,263
325,394	3,370
325,409	2,599
325,424	3,419
325,439	2,237
325,454	3,352
325,469	3,424
325,484	3,320
325,499	3,387
325,514	2,737
325,529	2,157
325,544	2,796
325,559	2,136
325,574	3,160
325,589	3,383
325,604	2,742
325,619	2,062
325,634	2,320
325,649	3,279
325,664	3,416
325,679	3,248
325,694	3,370
325,709	3,281
325,724	3,293
325,739	3,445
325,754	2,273
325,769	3,318
325,784	3,430
325,799	2,865
325,814	2,090
325,829	2,252
325,844	3,552
325,859	3,529
325,875	3,340
325,889	3,257
325,904	2,988
325,920	2,333
325,935	3,197
325,950	3,309
325,964	3,411
325,979	3,363
325,995	3,334
326,010	2,584
326,024	2,781
326,039	2,632
326,055	3,115
326,070	2,751
326,084	3,224
326,099	3,572
326,115	3,288
326,130	2,818
326,145	3,482
326,160	3,539
326,175	3,435
326,190	3,096
326,205	2,361
326,220	3,200
326,235	2,845
326,250	3,499
326,265	3,391
326,280	2,866
326,295	3,409
326,310	2,237
326,325	3,232
326,340	3,650
326,355	3,095
326,370	3,382
326,385	2,692
326,400	2,207
326,415	3,583
326,430	2,798
326,445	3,602
326,460	3,473
326,475	2,723
326,490	3,687
326,505	2,425
326,520	3,219
326,535	3,567
326,550	3,188
326,565	3,566
326,580	3,031
326,595	2,947
326,610	3,501
326,625	2,910
326,640	3,303
326,655	3,807
326,670	3,187
326,685	2,973
326,700	2,598
326,715	2,685
326,730	3,414
326,745	3,521
326,760	3,708
326,775	3,324
326,790	2,584
326,805	3,328
326,820	3,665
326,835	3,637
326,850	3,498
326,865	3,264
326,880	2,930
326,895	3,042
326,910	3,034
326,925	3,477
326,940	3,098
326,955	3,741
326,970	2,986
326,985	2,727
327,000	3,150
327,014	3,754
327,029	3,711
327,043	3,787
327,058	2,877
327,074	2,763
327,089	3,221
327,103	2,972
327,119	3,806
327,134	3,272
327,149	2,962
327,164	3,771
327,179	2,755
327,194	3,073
327,209	4,148
327,224	3,497
327,239	4,226
327,254	3,225
327,269	3,127
327,284	4,046
327,299	2,609
327,314	3,874
327,329	3,941
327,344	3,446
327,359	4,040
327,374	2,758
327,389	3,682
327,404	3,473
327,419	3,355
327,434	3,883
327,449	2,626
327,464	2,773
327,479	3,321
327,494	3,328
327,509	3,997
327,524	4,099
327,539	3,369
327,554	4,173
327,569	2,871
327,584	3,635
327,599	3,962
327,614	3,578
327,629	4,111
327,644	3,561
327,659	2,846
327,674	3,911
327,689	2,604
327,704	4,085
327,719	4,102
327,734	3,161
327,749	3,303
327,764	3,129
327,779	3,201
327,794	4,005
327,809	3,515
327,824	3,983
327,839	3,474
327,854	2,934
327,869	3,672
327,884	4,075
327,899	3,902
327,914	4,144
327,929	3,464
327,944	3,130
327,959	3,362
327,974	3,193
327,989	3,441
328,004	4,195
328,019	3,098
328,034	4,068
328,049	2,841
328,064	3,304
328,079	4,319
328,094	4,060
328,109	4,122
328,124	3,497
328,139	2,952
328,154	3,580
328,169	2,985
328,184	4,180
328,199	3,686
328,214	3,417
328,229	3,694
328,244	3,265
328,259	4,345
328,274	4,401
328,289	3,847
328,304	4,335
328,319	3,900
328,334	3,275
328,349	4,255
328,364	3,344
328,379	4,163
328,394	4,270
328,409	3,499
328,424	4,319
328,439	3,137
328,454	4,252
328,469	4,324
328,484	4,220
328,499	4,287
328,514	3,637
328,529	3,057
328,544	3,696
328,559	3,036
328,574	4,060
328,589	4,283
328,604	3,642
328,619	2,962
328,634	3,220
328,649	4,179
328,664	4,316
328,679	4,148
328,694	4,270
328,709	4,181
328,724	4,193
328,739	4,345
328,754	3,173
328,769	4,218
328,784	4,330
328,799	3,765
328,814	2,990
328,829	3,152
328,844	4,452
328,859	4,429
328,875	4,240
328,889	4,157
328,904	3,888
328,920	3,233
328,935	4,097
328,950	4,209
328,964	4,311
328,979	4,263
328,995	4,234
329,010	3,484
329,024	3,681
329,039	3,532
329,055	4,015
329,070	3,651
329,084	4,124
329,099	4,472
329,115	4,188
329,130	3,718
329,145	4,382
329,160	4,439
329,175	4,335
329,190	3,996
329,205	3,261
329,220	4,100
329,235	3,745
329,250	4,399
329,265	4,291
329,280	3,766
329,295	4,309
329,310	3,137
329,325	4,132
329,340	4,550
329,355	3,995
329,370	4,282
329,385	3,592
329,400	3,107
329,415	4,483
329,430	3,698
329,445	4,502
329,460	4,373
329,475	3,623
329,490	4,587
329,505	3,325
329,520	4,119
329,535	4,467
329,550	4,088
329,565	4,466
329,580	3,931
329,595	3,847
329,610	4,401
329,625	3,810
329,640	4,203
329,655	4,707
329,670	4,087
329,685	3,873
329,700	3,498
329,715	3,585
329,730	4,314
329,745	4,421
329,760	4,608
329,775	4,224
329,790	3,484
329,805	4,228
329,820	4,565
329,835	4,537
329,850	4,398
329,865	4,164
329,880	3,830
329,895	3,942
329,910	3,934
329,925	4,377
329,940	3,998
329,955	4,641
329,970	3,886
329,985	3,627
330,000	4,050
