285,000	56,082
285,015	56,033
285,030	55,977
285,045	55,920
285,060	55,868
285,075	55,815
285,090	55,760
285,105	55,700
285,120	55,639
285,135	55,574
285,150	55,504
285,165	55,443
285,180	55,381
285,195	55,315
285,210	55,240
285,225	55,168
285,240	55,097
285,255	55,030
285,270	54,963
285,285	54,893
285,300	54,820
285,315	54,740
285,330	54,666
285,345	54,593
285,360	54,516
285,375	54,438
285,390	54,355
285,405	54,267
285,420	54,182
285,435	54,097
285,450	54,015
285,465	53,934
285,480	53,846
285,495	53,761
285,510	53,671
285,525	53,577
285,540	53,490
285,555	53,399
285,570	53,310
285,585	53,220
285,600	53,119
285,615	53,026
285,630	52,925
285,645	52,831
285,660	52,735
285,675	52,636
285,690	52,539
285,705	52,431
285,720	52,328
285,735	52,230
285,750	52,129
285,765	52,030
285,780	51,927
285,795	51,809
285,810	51,697
285,825	51,577
285,840	51,469
285,855	51,367
285,870	51,260
285,885	51,160
285,901	51,045
285,916	50,927
285,930	50,821
285,945	50,717
285,961	50,614
285,976	50,503
285,990	50,389
286,005	50,279
286,021	50,161
286,036	50,052
286,050	49,958
286,065	49,855
286,080	49,758
286,096	49,643
286,111	49,531
286,125	49,439
286,141	49,335
286,156	49,237
286,171	49,143
286,186	49,030
286,201	48,931
286,216	48,818
286,231	48,715
286,246	48,618
286,261	48,514
286,276	48,408
286,291	48,301
286,306	48,186
286,321	48,092
286,336	47,992
286,351	47,895
286,366	47,803
286,381	47,690
286,396	47,582
286,411	47,479
286,426	47,380
286,441	47,291
286,456	47,190
286,471	47,089
286,486	46,986
286,501	46,886
286,516	46,784
286,531	46,685
286,546	46,583
286,561	46,488
286,576	46,382
286,591	46,281
286,606	46,180
286,621	46,086
286,636	45,993
286,651	45,899
286,666	45,802
286,681	45,707
286,696	45,602
286,711	45,506
286,726	45,419
286,741	45,324
286,756	45,235
286,771	45,132
286,786	45,034
286,801	44,938
286,816	44,841
286,831	44,754
286,846	44,656
286,861	44,554
286,876	44,460
286,891	44,359
286,906	44,269
286,921	44,187
286,936	44,096
286,951	44,008
286,966	43,907
286,981	43,805
286,996	43,716
287,011	43,623
287,026	43,534
287,041	43,449
287,056	43,353
287,071	43,253
287,086	43,155
287,101	43,060
287,116	42,981
287,131	42,884
287,146	42,793
287,161	42,696
287,176	42,601
287,191	42,513
287,206	42,421
287,221	42,340
287,236	42,256
287,251	42,155
287,266	42,063
287,281	41,964
287,296	41,870
287,311	41,789
287,326	41,703
287,341	41,613
287,356	41,518
287,371	41,420
287,386	41,336
287,401	41,247
287,416	41,163
287,431	41,078
287,446	40,974
287,461	40,884
287,476	40,796
287,491	40,710
287,506	40,628
287,521	40,539
287,536	40,451
287,551	40,364
287,566	40,271
287,581	40,185
287,596	40,097
287,611	40,014
287,626	39,935
287,641	39,842
287,656	39,745
287,671	39,659
287,686	39,570
287,701	39,495
287,716	39,408
287,731	39,323
287,746	39,231
287,761	39,139
287,776	39,058
287,791	38,987
287,806	38,903
287,821	38,833
287,836	38,735
287,851	38,646
287,866	38,561
287,881	38,477
287,897	38,404
287,911	38,324
287,926	38,232
287,942	38,151
287,957	38,062
287,971	37,980
287,986	37,902
288,002	37,822
288,017	37,741
288,031	37,651
288,046	37,559
288,062	37,486
288,077	37,407
288,092	37,335
288,107	37,246
288,122	37,158
288,137	37,071
288,152	36,979
288,167	36,903
288,182	36,838
288,197	36,757
288,212	36,675
288,227	36,597
288,242	36,511
288,257	36,441
288,272	36,364
288,287	36,292
288,302	36,214
288,317	36,130
288,332	36,051
288,347	35,966
288,362	35,894
288,377	35,824
288,392	35,748
288,407	35,670
288,422	35,592
288,437	35,510
288,452	35,438
288,467	35,363
288,482	35,298
288,497	35,234
288,512	35,149
288,527	35,077
288,542	35,006
288,557	34,931
288,572	34,862
288,587	34,800
288,602	34,733
288,617	34,657
288,632	34,569
288,647	34,507
288,662	34,444
288,677	34,375
288,692	34,311
288,707	34,232
288,722	34,157
288,737	34,089
288,752	34,017
288,767	33,956
288,782	33,882
288,797	33,809
288,812	33,749
288,827	33,675
288,842	33,606
288,857	33,552
288,872	33,486
288,887	33,425
288,902	33,352
288,917	33,284
288,932	33,220
288,947	33,154
288,962	33,100
288,977	33,031
288,992	32,954
289,000	32,882
289,015	32,833
289,030	32,777
289,045	32,720
289,060	32,668
289,075	32,615
289,090	32,560
289,105	32,500
289,120	32,439
289,135	32,374
289,150	32,304
289,165	32,243
289,180	32,181
289,195	32,115
289,210	32,040
289,225	31,968
289,240	31,897
289,255	31,830
289,270	31,763
289,285	31,693
289,300	31,620
289,315	31,540
289,330	31,466
289,345	31,393
289,360	31,316
289,375	31,238
289,390	31,155
289,405	31,067
289,420	30,982
289,435	30,897
289,450	30,815
289,465	30,734
289,480	30,646
289,495	30,561
289,510	30,471
289,525	30,377
289,540	30,290
289,555	30,199
289,570	30,110
289,585	30,020
289,600	29,919
289,615	29,826
289,630	29,725
289,645	29,631
289,660	29,535
289,675	29,436
289,690	29,339
289,705	29,231
289,720	29,128
289,735	29,030
289,750	28,929
289,765	28,830
289,780	28,727
289,795	28,609
289,810	28,497
289,825	28,377
289,840	28,269
289,855	28,167
289,870	28,060
289,885	27,960
289,901	27,845
289,916	27,727
289,930	27,621
289,945	27,517
289,961	27,414
289,976	27,303
289,990	27,189
290,005	27,079
290,021	26,961
290,036	26,852
290,050	26,758
290,065	26,655
290,080	26,558
290,096	26,443
290,111	26,331
290,125	26,239
290,141	26,135
290,156	26,037
290,171	25,943
290,186	25,830
290,201	25,731
290,216	25,618
290,231	25,515
290,246	25,418
290,261	25,314
290,276	25,208
290,291	25,101
290,306	24,986
290,321	24,892
290,336	24,792
290,351	24,695
290,366	24,603
290,381	24,490
290,396	24,382
290,411	24,279
290,426	24,180
290,441	24,091
290,456	23,990
290,471	23,889
290,486	23,786
290,501	23,686
290,516	23,584
290,531	23,485
290,546	23,383
290,561	23,288
290,576	23,182
290,591	23,081
290,606	22,980
290,621	22,886
290,636	22,793
290,651	22,699
290,666	22,602
290,681	22,507
290,696	22,402
290,711	22,306
290,726	22,219
290,741	22,124
290,756	22,035
290,771	21,932
290,786	21,834
290,801	21,738
290,816	21,641
290,831	21,554
290,846	21,456
290,861	21,354
290,876	21,260
290,891	21,159
290,906	21,069
290,921	20,987
290,936	20,896
290,951	20,808
290,966	20,707
290,981	20,605
290,996	20,516
291,011	20,423
291,026	20,334
291,041	20,249
291,056	20,153
291,071	20,053
291,086	19,955
291,101	19,860
291,116	19,781
291,131	19,684
291,146	19,593
291,161	19,496
291,176	19,401
291,191	19,313
291,206	19,221
291,221	19,140
291,236	19,056
291,251	18,955
291,266	18,863
291,281	18,764
291,296	18,670
291,311	18,589
291,326	18,503
291,341	18,413
291,356	18,318
291,371	18,220
291,386	18,136
291,401	18,047
291,416	17,963
291,431	17,878
291,446	17,774
291,461	17,684
291,476	17,596
291,491	17,510
291,506	17,428
291,521	17,339
291,536	17,251
291,551	17,164
291,566	17,071
291,581	16,985
291,596	16,897
291,611	16,814
291,626	16,735
291,641	16,642
291,656	16,545
291,671	16,459
291,686	16,370
291,701	16,295
291,716	16,208
291,731	16,123
291,746	16,031
291,761	15,939
291,776	15,858
291,791	15,787
291,806	15,703
291,821	15,633
291,836	15,535
291,851	15,446
291,866	15,361
291,881	15,277
291,897	15,204
291,911	15,124
291,926	15,032
291,942	14,951
291,957	14,862
291,971	14,780
291,986	14,702
292,002	14,622
292,017	14,541
292,031	14,451
292,046	14,359
292,062	14,286
292,077	14,207
292,092	14,135
292,107	14,046
292,122	13,958
292,137	13,871
292,152	13,779
292,167	13,703
292,182	13,638
292,197	13,557
292,212	13,475
292,227	13,397
292,242	13,311
292,257	13,241
292,272	13,164
292,287	13,092
292,302	13,014
292,317	12,930
292,332	12,851
292,347	12,766
292,362	12,694
292,377	12,624
292,392	12,548
292,407	12,470
292,422	12,392
292,437	12,310
292,452	12,238
292,467	12,163
292,482	12,098
292,497	12,034
292,512	11,949
292,527	11,877
292,542	11,806
292,557	11,731
292,572	11,662
292,587	11,600
292,602	11,533
292,617	11,457
292,632	11,369
292,647	11,307
292,662	11,244
292,677	11,175
292,692	11,111
292,707	11,032
292,722	10,957
292,737	10,889
292,752	10,817
292,767	10,756
292,782	10,682
292,797	10,609
292,812	10,549
292,827	10,475
292,842	10,406
292,857	10,352
292,872	10,286
292,887	10,225
292,902	10,152
292,917	10,084
292,932	10,020
292,947	9,954
292,962	9,900
292,977	9,831
292,992	9,754
293,000	9,682
293,015	9,633
293,030	9,577
293,045	9,520
293,060	9,468
293,075	9,415
293,090	9,360
293,105	9,300
293,120	9,239
293,135	9,174
293,150	9,104
293,165	9,043
293,180	8,981
293,195	8,915
293,210	8,840
293,225	8,768
293,240	8,697
293,255	8,630
293,270	8,563
293,285	8,493
293,300	8,420
293,315	8,340
293,330	8,266
293,345	8,193
293,360	8,116
293,375	8,038
293,390	7,955
293,405	7,867
293,420	7,782
293,435	7,697
293,450	7,615
293,465	7,534
293,480	7,446
293,495	7,361
293,510	7,271
293,525	7,177
293,540	7,090
293,555	6,999
293,570	6,910
293,585	6,820
293,600	6,719
293,615	6,626
293,630	6,525
293,645	6,431
293,660	6,335
293,675	6,236
293,690	6,139
293,705	6,031
293,720	5,928
293,735	5,830
293,750	5,729
293,765	5,630
293,780	5,527
293,795	5,409
293,810	5,297
293,825	5,177
293,840	5,069
293,855	4,967
293,870	4,860
293,885	4,760
293,901	4,645
293,916	4,527
293,930	4,421
293,945	4,317
293,961	4,214
293,976	4,103
293,990	3,989
294,005	3,879
294,021	3,761
294,036	3,652
294,050	3,558
294,065	3,455
294,080	3,358
294,096	3,243
294,111	3,131
294,125	3,039
294,141	2,935
294,156	2,837
294,171	2,743
294,186	2,630
294,201	2,531
294,216	2,418
294,231	2,315
294,246	2,218
294,261	2,114
294,276	2,008
294,291	1,901
294,306	1,786
294,321	1,692
294,336	1,592
294,351	1,495
294,366	1,403
294,381	1,290
294,396	1,182
294,411	1,079
294,426	0,980
294,441	0,891
294,456	0,790
294,471	0,689
294,486	0,586
294,501	0,486
294,516	0,384
294,531	0,285
294,546	0,183
294,561	0,088
294,576	-0,018
294,591	-0,119
294,606	-0,220
294,621	-0,314
294,636	-0,407
294,651	-0,501
294,666	-0,598
294,681	-0,693
294,696	-0,798
294,711	-0,894
294,726	-0,981
294,741	-1,076
294,756	-1,165
294,771	-1,268
294,786	-1,366
294,801	-1,462
294,816	-1,559
294,831	-1,646
294,846	-1,744
294,861	-1,846
294,876	-1,940
294,891	-2,041
294,906	-2,131
294,921	-2,213
294,936	-2,304
294,951	-2,392
294,966	-2,493
294,981	-2,595
294,996	-2,684
295,011	-2,777
295,026	-2,866
295,041	-2,951
295,056	-3,047
295,071	-3,147
295,086	-3,245
295,101	-3,340
295,116	-3,419
295,131	-3,516
295,146	-3,607
295,161	-3,704
295,176	-3,799
295,191	-3,887
295,206	-3,979
295,221	-4,060
295,236	-4,144
295,251	-4,245
295,266	-4,337
295,281	-4,436
295,296	-4,530
295,311	-4,611
295,326	-4,697
295,341	-4,787
295,356	-4,882
295,371	-4,980
295,386	-5,064
295,401	-5,153
295,416	-5,237
295,431	-5,322
295,446	-5,426
295,461	-5,516
295,476	-5,604
295,491	-5,690
295,506	-5,772
295,521	-5,861
295,536	-5,949
295,551	-6,036
295,566	-6,129
295,581	-6,215
295,596	-6,303
295,611	-6,386
295,626	-6,465
295,641	-6,558
295,656	-6,655
295,671	-6,741
295,686	-6,830
295,701	-6,905
295,716	-6,992
295,731	-7,077
295,746	-7,169
295,761	-7,261
295,776	-7,342
295,791	-7,413
295,806	-7,497
295,821	-7,567
295,836	-7,665
295,851	-7,754
295,866	-7,839
295,881	-7,923
295,897	-7,996
295,911	-8,076
295,926	-8,168
295,942	-8,249
295,957	-8,338
295,971	-8,420
295,986	-8,498
296,002	-8,578
296,017	-8,659
296,031	-8,749
296,046	-8,841
296,062	-8,914
296,077	-8,993
296,092	-9,065
296,107	-9,154
296,122	-9,242
296,137	-9,329
296,152	-9,421
296,167	-9,497
296,182	-9,562
296,197	-9,643
296,212	-9,725
296,227	-9,803
296,242	-9,889
296,257	-9,959
296,272	-10,036
296,287	-10,108
296,302	-10,186
296,317	-10,270
296,332	-10,349
296,347	-10,434
296,362	-10,506
296,377	-10,576
296,392	-10,652
296,407	-10,730
296,422	-10,808
296,437	-10,890
296,452	-10,962
296,467	-11,037
296,482	-11,102
296,497	-11,166
296,512	-11,251
296,527	-11,323
296,542	-11,394
296,557	-11,469
296,572	-11,538
296,587	-11,600
296,602	-11,667
296,617	-11,743
296,632	-11,831
296,647	-11,893
296,662	-11,956
296,677	-12,025
296,692	-12,089
296,707	-12,168
296,722	-12,243
296,737	-12,311
296,752	-12,383
296,767	-12,444
296,782	-12,518
296,797	-12,591
296,812	-12,651
296,827	-12,725
296,842	-12,794
296,857	-12,848
296,872	-12,914
296,887	-12,975
296,902	-13,048
296,917	-13,116
296,932	-13,180
296,947	-13,246
296,962	-13,300
296,977	-13,369
296,992	-13,446
297,007	-13,506
297,022	-13,584
297,037	-13,645
297,052	-13,698
297,067	-13,764
297,082	-13,827
297,097	-13,901
297,112	-13,969
297,127	-14,024
297,142	-14,084
297,157	-14,140
297,172	-14,194
297,187	-14,264
297,202	-14,331
297,217	-14,404
297,232	-14,464
297,247	-14,520
297,262	-14,579
297,277	-14,642
297,292	-14,713
297,307	-14,783
297,322	-14,842
297,337	-14,905
297,352	-14,956
297,367	-15,010
297,382	-15,075
297,397	-15,135
297,412	-15,196
297,427	-15,251
297,442	-15,299
297,457	-15,362
297,472	-15,426
297,487	-15,491
297,502	-15,545
297,517	-15,596
297,532	-15,651
297,547	-15,694
297,562	-15,741
297,577	-15,802
297,592	-15,858
297,607	-15,912
297,622	-15,957
297,637	-16,000
297,652	-16,049
297,667	-16,094
297,682	-16,156
297,697	-16,227
297,712	-16,284
297,727	-16,337
297,742	-16,397
297,757	-16,445
297,772	-16,510
297,787	-16,570
297,802	-16,619
297,817	-16,667
297,832	-16,703
297,847	-16,735
297,862	-16,771
297,877	-16,805
297,892	-16,849
297,907	-16,875
297,923	-16,891
297,937	-16,916
297,952	-16,936
297,967	-16,967
297,983	-16,999
297,998	-17,024
298,012	-17,061
298,027	-17,078
298,043	-17,109
298,058	-17,153
298,072	-17,189
298,088	-17,231
298,103	-17,269
298,118	-17,300
298,133	-17,334
298,148	-17,354
298,163	-17,393
298,178	-17,430
298,193	-17,450
298,208	-17,474
298,223	-17,489
298,238	-17,500
298,253	-17,529
298,268	-17,551
298,283	-17,574
298,298	-17,585
298,313	-17,587
298,328	-17,604
298,343	-17,619
298,358	-17,636
298,373	-17,654
298,388	-17,662
298,403	-17,687
298,418	-17,697
298,433	-17,718
298,448	-17,745
298,463	-17,763
298,478	-17,786
298,493	-17,807
298,508	-17,821
298,523	-17,850
298,538	-17,874
298,553	-17,905
298,568	-17,937
298,583	-17,962
298,598	-17,988
298,613	-18,014
298,628	-18,036
298,643	-18,071
298,658	-18,105
298,673	-18,134
298,688	-18,166
298,703	-18,187
298,718	-18,218
298,733	-18,245
298,748	-18,276
298,763	-18,311
298,778	-18,340
298,793	-18,361
298,808	-18,395
298,823	-18,420
298,838	-18,462
298,853	-18,504
298,868	-18,539
298,883	-18,580
298,898	-18,613
298,913	-18,648
298,928	-18,698
298,943	-18,738
298,958	-18,782
298,973	-18,816
298,988	-18,842
299,003	-18,882
299,018	-18,918
299,033	-18,968
299,048	-19,017
299,063	-19,062
299,078	-19,100
299,093	-19,137
299,108	-19,180
299,123	-19,235
299,138	-19,282
299,153	-19,334
299,168	-19,377
299,183	-19,418
299,198	-19,461
299,213	-19,490
299,228	-19,539
299,243	-19,581
299,258	-19,617
299,273	-19,659
299,288	-19,695
299,303	-19,739
299,318	-19,796
299,333	-19,851
299,348	-19,911
299,363	-19,967
299,378	-20,016
299,393	-20,083
299,408	-20,133
299,423	-20,204
299,438	-20,275
299,453	-20,339
299,468	-20,405
299,483	-20,467
299,498	-20,530
299,513	-20,608
299,528	-20,677
299,543	-20,741
299,558	-20,803
299,573	-20,856
299,588	-20,917
299,603	-20,976
299,618	-21,036
299,633	-21,099
299,648	-21,148
299,663	-21,202
299,678	-21,260
299,693	-21,309
299,708	-21,373
299,723	-21,440
299,738	-21,498
299,753	-21,564
299,768	-21,619
299,783	-21,688
299,798	-21,760
299,813	-21,835
299,828	-21,920
299,843	-21,992
299,858	-22,058
299,873	-22,131
299,889	-22,203
299,903	-22,281
299,918	-22,346
299,933	-22,408
299,949	-22,471
299,964	-22,518
299,978	-22,564
299,993	-22,617
300,000	-22,547
300,015	-22,599
300,030	-22,654
300,045	-22,707
300,060	-22,766
300,075	-22,816
300,090	-22,865
300,105	-22,920
300,120	-22,981
300,135	-23,037
300,150	-23,103
300,165	-23,158
300,180	-23,212
300,195	-23,268
300,210	-23,326
300,225	-23,391
300,240	-23,458
300,255	-23,518
300,270	-23,580
300,285	-23,642
300,300	-23,705
300,315	-23,776
300,330	-23,848
300,345	-23,922
300,360	-23,990
300,375	-24,057
300,390	-24,124
300,405	-24,193
300,420	-24,270
300,435	-24,347
300,450	-24,419
300,465	-24,492
300,480	-24,566
300,495	-24,640
300,510	-24,724
300,525	-24,808
300,540	-24,894
300,555	-24,973
300,570	-25,054
300,585	-25,139
300,600	-25,220
300,615	-25,310
300,630	-25,402
300,645	-25,485
300,660	-25,577
300,675	-25,662
300,690	-25,746
300,705	-25,838
300,720	-25,928
300,735	-26,026
300,750	-26,118
300,765	-26,209
300,780	-26,311
300,795	-26,400
300,810	-26,504
300,825	-26,608
300,840	-26,707
300,855	-26,804
300,870	-26,893
300,885	-26,985
300,901	-27,088
300,916	-27,186
300,930	-27,293
300,945	-27,379
300,961	-27,463
300,976	-27,564
300,990	-27,648
301,005	-27,746
301,021	-27,843
301,036	-27,934
301,050	-28,029
301,065	-28,108
301,080	-28,196
301,096	-28,298
301,111	-28,384
301,125	-28,482
301,141	-28,572
301,156	-28,651
301,171	-28,743
301,186	-28,830
301,201	-28,920
301,216	-29,012
301,231	-29,103
301,246	-29,191
301,261	-29,271
301,276	-29,355
301,291	-29,447
301,306	-29,539
301,321	-29,628
301,336	-29,717
301,351	-29,793
301,366	-29,885
301,381	-29,971
301,396	-30,058
301,411	-30,149
301,426	-30,227
301,441	-30,310
301,456	-30,385
301,471	-30,460
301,486	-30,553
301,501	-30,634
301,516	-30,717
301,531	-30,797
301,546	-30,871
301,561	-30,954
301,576	-31,035
301,591	-31,121
301,606	-31,210
301,621	-31,286
301,636	-31,361
301,651	-31,444
301,666	-31,513
301,681	-31,598
301,696	-31,680
301,711	-31,759
301,726	-31,841
301,741	-31,913
301,756	-31,990
301,771	-32,078
301,786	-32,156
301,801	-32,246
301,816	-32,325
301,831	-32,395
301,846	-32,472
301,861	-32,540
301,876	-32,620
301,891	-32,704
301,906	-32,781
301,921	-32,858
301,936	-32,925
301,951	-33,001
301,966	-33,085
301,981	-33,168
301,996	-33,249
302,011	-33,324
302,026	-33,390
302,041	-33,460
302,056	-33,524
302,071	-33,605
302,086	-33,677
302,101	-33,744
302,116	-33,818
302,131	-33,882
302,146	-33,945
302,161	-34,026
302,176	-34,089
302,191	-34,171
302,206	-34,244
302,221	-34,310
302,236	-34,383
302,251	-34,455
302,266	-34,528
302,281	-34,599
302,296	-34,660
302,311	-34,728
302,326	-34,793
302,341	-34,857
302,356	-34,934
302,371	-35,008
302,386	-35,075
302,401	-35,145
302,416	-35,206
302,431	-35,272
302,446	-35,336
302,461	-35,412
302,476	-35,488
302,491	-35,543
302,506	-35,611
302,521	-35,679
302,536	-35,738
302,551	-35,808
302,566	-35,878
302,581	-35,942
302,596	-36,010
302,611	-36,063
302,626	-36,132
302,641	-36,198
302,656	-36,264
302,671	-36,336
302,686	-36,392
302,701	-36,447
302,716	-36,508
302,731	-36,567
302,746	-36,636
302,761	-36,701
302,776	-36,760
302,791	-36,820
302,806	-36,874
302,821	-36,930
302,836	-37,001
302,851	-37,062
302,866	-37,129
302,881	-37,182
302,897	-37,228
302,911	-37,286
302,926	-37,337
302,942	-37,395
302,957	-37,457
302,971	-37,520
302,986	-37,577
303,002	-37,625
303,017	-37,686
303,031	-37,749
303,046	-37,804
303,062	-37,868
303,077	-37,918
303,092	-37,961
303,107	-38,008
303,122	-38,066
303,137	-38,126
303,152	-38,179
303,167	-38,227
303,182	-38,281
303,197	-38,327
303,212	-38,385
303,227	-38,450
303,242	-38,499
303,257	-38,561
303,272	-38,607
303,287	-38,649
303,302	-38,704
303,317	-38,751
303,332	-38,805
303,347	-38,863
303,362	-38,906
303,377	-38,965
303,392	-39,008
303,407	-39,050
303,422	-39,106
303,437	-39,161
303,452	-39,211
303,467	-39,253
303,482	-39,290
303,497	-39,336
303,512	-39,385
303,527	-39,436
303,542	-39,491
303,557	-39,533
303,572	-39,580
303,587	-39,622
303,602	-39,666
303,617	-39,722
303,632	-39,772
303,647	-39,816
303,662	-39,865
303,677	-39,902
303,692	-39,955
303,707	-39,994
303,722	-40,038
303,737	-40,087
303,752	-40,126
303,767	-40,159
303,782	-40,206
303,797	-40,248
303,812	-40,296
303,827	-40,342
303,842	-40,384
303,857	-40,427
303,872	-40,460
303,887	-40,503
303,902	-40,553
303,917	-40,599
303,932	-40,647
303,947	-40,684
303,962	-40,716
303,977	-40,758
303,992	-40,787
304,007	-40,835
304,022	-40,882
304,037	-40,913
304,052	-40,953
304,067	-40,985
304,082	-41,019
304,097	-41,065
304,112	-41,107
304,127	-41,154
304,142	-41,187
304,157	-41,216
304,172	-41,254
304,187	-41,297
304,202	-41,343
304,217	-41,386
304,232	-41,421
304,247	-41,463
304,262	-41,494
304,277	-41,538
304,292	-41,587
304,307	-41,625
304,322	-41,674
304,337	-41,708
304,352	-41,735
304,367	-41,775
304,382	-41,814
304,397	-41,854
304,412	-41,891
304,427	-41,920
304,442	-41,959
304,457	-41,991
304,472	-42,027
304,487	-42,065
304,502	-42,101
304,517	-42,134
304,532	-42,166
304,547	-42,193
304,562	-42,229
304,577	-42,265
304,592	-42,302
304,607	-42,344
304,622	-42,382
304,637	-42,404
304,652	-42,436
304,667	-42,465
304,682	-42,506
304,697	-42,539
304,712	-42,572
304,727	-42,600
304,742	-42,621
304,757	-42,652
304,772	-42,683
304,787	-42,716
304,802	-42,753
304,817	-42,780
304,832	-42,802
304,847	-42,835
304,862	-42,859
304,877	-42,895
304,892	-42,924
304,907	-42,955
304,923	-42,991
304,937	-43,013
304,952	-43,041
304,967	-43,081
304,983	-43,114
304,998	-43,152
305,012	-43,174
305,027	-43,195
305,043	-43,228
305,058	-43,250
305,072	-43,291
305,088	-43,325
305,103	-43,347
305,118	-43,375
305,133	-43,391
305,148	-43,413
305,163	-43,452
305,178	-43,477
305,193	-43,514
305,208	-43,532
305,223	-43,552
305,238	-43,582
305,253	-43,615
305,268	-43,649
305,283	-43,682
305,298	-43,697
305,313	-43,728
305,328	-43,745
305,343	-43,770
305,358	-43,805
305,373	-43,831
305,388	-43,856
305,403	-43,874
305,418	-43,888
305,433	-43,910
305,448	-43,939
305,463	-43,967
305,478	-43,998
305,493	-44,012
305,508	-44,036
305,523	-44,053
305,538	-44,068
305,553	-44,102
305,568	-44,132
305,583	-44,161
305,598	-44,182
305,613	-44,197
305,628	-44,217
305,643	-44,242
305,658	-44,269
305,673	-44,296
305,688	-44,312
305,703	-44,319
305,718	-44,337
305,733	-44,355
305,748	-44,380
305,763	-44,403
305,778	-44,422
305,793	-44,432
305,808	-44,444
305,823	-44,466
305,838	-44,484
305,853	-44,503
305,868	-44,535
305,883	-44,548
305,898	-44,559
305,913	-44,577
305,928	-44,596
305,943	-44,619
305,958	-44,641
305,973	-44,661
305,988	-44,679
306,003	-44,696
306,018	-44,717
306,033	-44,745
306,048	-44,766
306,063	-44,795
306,078	-44,810
306,093	-44,814
306,108	-44,833
306,123	-44,844
306,138	-44,868
306,153	-44,894
306,168	-44,906
306,183	-44,922
306,198	-44,932
306,213	-44,950
306,228	-44,976
306,243	-44,999
306,258	-45,025
306,273	-45,044
306,288	-45,053
306,303	-45,068
306,318	-45,088
306,333	-45,112
306,348	-45,131
306,363	-45,141
306,378	-45,166
306,393	-45,176
306,408	-45,186
306,423	-45,211
306,438	-45,224
306,453	-45,241
306,468	-45,254
306,483	-45,259
306,498	-45,275
306,513	-45,292
306,528	-45,314
306,543	-45,336
306,558	-45,343
306,573	-45,356
306,588	-45,363
306,603	-45,372
306,618	-45,394
306,633	-45,416
306,648	-45,432
306,663	-45,447
306,678	-45,452
306,693	-45,465
306,708	-45,477
306,723	-45,500
306,738	-45,520
306,753	-45,530
306,768	-45,531
306,783	-45,544
306,798	-45,549
306,813	-45,568
306,828	-45,583
306,843	-45,598
306,858	-45,616
306,873	-45,620
306,889	-45,637
306,903	-45,658
306,918	-45,675
306,933	-45,697
306,949	-45,708
306,964	-45,710
306,978	-45,725
306,993	-45,728
307,009	-45,746
307,024	-45,765
307,038	-45,778
307,053	-45,794
307,068	-45,798
307,084	-45,808
307,099	-45,823
307,114	-45,835
307,129	-45,859
307,144	-45,867
307,159	-45,871
307,174	-45,882
307,189	-45,888
307,204	-45,906
307,219	-45,925
307,234	-45,931
307,249	-45,939
307,264	-45,944
307,279	-45,957
307,294	-45,974
307,309	-45,985
307,324	-46,002
307,339	-46,007
307,354	-46,008
307,369	-46,024
307,384	-46,028
307,399	-46,041
307,414	-46,056
307,429	-46,060
307,444	-46,067
307,459	-46,072
307,474	-46,075
307,489	-46,089
307,504	-46,096
307,519	-46,099
307,534	-46,103
307,549	-46,108
307,564	-46,113
307,579	-46,120
307,594	-46,129
307,609	-46,145
307,624	-46,147
307,639	-46,153
307,654	-46,156
307,669	-46,156
307,684	-46,168
307,699	-46,181
307,714	-46,182
307,729	-46,183
307,744	-46,177
307,759	-46,178
307,774	-46,180
307,789	-46,185
307,804	-46,191
307,819	-46,191
307,834	-46,183
307,849	-46,184
307,864	-46,180
307,879	-46,182
307,894	-46,178
307,909	-46,175
307,924	-46,172
307,939	-46,156
307,954	-46,156
307,969	-46,153
307,984	-46,139
307,999	-46,131
308,014	-46,108
308,029	-46,080
308,044	-46,060
308,059	-46,032
308,074	-46,020
308,089	-46,004
308,104	-45,982
308,119	-45,964
308,134	-45,940
308,149	-45,920
308,164	-45,913
308,179	-45,898
308,194	-45,880
308,209	-45,856
308,224	-45,820
308,239	-45,787
308,254	-45,756
308,269	-45,725
308,284	-45,687
308,299	-45,632
308,314	-45,578
308,329	-45,517
308,344	-45,451
308,359	-45,401
308,374	-45,336
308,389	-45,280
308,404	-45,212
308,419	-45,139
308,434	-45,081
308,449	-45,021
308,464	-44,964
308,479	-44,910
308,494	-44,850
308,509	-44,811
308,524	-44,757
308,539	-44,698
308,554	-44,656
308,569	-44,604
308,584	-44,552
308,599	-44,493
308,614	-44,427
308,629	-44,367
308,644	-44,299
308,659	-44,238
308,674	-44,172
308,689	-44,091
308,704	-44,011
308,719	-43,927
308,734	-43,838
308,749	-43,759
308,764	-43,676
308,779	-43,584
308,794	-43,484
308,809	-43,393
308,824	-43,304
308,839	-43,219
308,854	-43,137
308,869	-43,065
308,884	-42,981
308,899	-42,897
308,914	-42,823
308,930	-42,744
308,945	-42,682
308,959	-42,615
308,974	-42,543
308,990	-42,469
309,005	-42,386
309,019	-42,308
309,034	-42,236
309,050	-42,155
309,065	-42,071
309,079	-41,983
309,094	-41,885
309,110	-41,792
309,125	-41,691
309,140	-41,608
309,155	-41,520
309,170	-41,424
309,185	-41,343
309,200	-41,248
309,215	-41,162
309,230	-41,092
309,245	-41,015
309,260	-40,947
309,275	-40,868
309,290	-40,785
309,305	-40,723
309,320	-40,656
309,335	-40,596
309,350	-40,537
309,365	-40,456
309,380	-40,385
309,395	-40,308
309,410	-40,225
309,425	-40,165
309,440	-40,090
309,455	-40,026
309,470	-39,938
309,485	-39,855
309,500	-39,791
309,515	-39,728
309,530	-39,677
309,545	-39,618
309,560	-39,554
309,575	-39,502
309,590	-39,444
309,605	-39,395
309,620	-39,358
309,635	-39,315
309,650	-39,273
309,665	-39,229
309,680	-39,176
309,695	-39,143
309,710	-39,110
309,725	-39,074
309,740	-39,048
309,755	-39,008
309,770	-38,967
309,785	-38,936
309,800	-38,903
309,815	-38,887
309,830	-38,873
309,845	-38,860
309,860	-38,847
309,875	-38,828
309,890	-38,820
309,905	-38,819
309,920	-38,823
309,935	-38,843
309,950	-38,845
309,965	-38,846
309,980	-38,863
309,995	-38,870
310,010	-38,888
310,025	-38,892
310,040	-38,898
310,055	-38,914
310,070	-38,908
310,085	-38,910
310,100	-38,924
310,115	-38,930
310,130	-38,946
310,145	-38,951
310,160	-38,957
310,175	-38,970
310,190	-38,978
310,205	-39,007
310,220	-39,040
310,235	-39,070
310,250	-39,106
310,265	-39,141
310,280	-39,188
310,295	-39,257
310,310	-39,318
310,325	-39,385
310,340	-39,449
310,355	-39,501
310,370	-39,570
310,385	-39,629
310,400	-39,699
310,415	-39,759
310,430	-39,808
310,445	-39,859
310,460	-39,898
310,475	-39,947
310,490	-40,002
310,505	-40,049
310,520	-40,096
310,535	-40,139
310,550	-40,180
310,565	-40,235
310,580	-40,291
310,595	-40,361
310,610	-40,437
310,625	-40,505
310,640	-40,582
310,655	-40,655
310,670	-40,742
310,685	-40,839
310,700	-40,924
310,715	-41,020
310,730	-41,106
310,745	-41,185
310,760	-41,278
310,775	-41,371
310,790	-41,463
310,805	-41,556
310,820	-41,624
310,835	-41,693
310,850	-41,764
310,865	-41,826
310,880	-41,910
310,895	-41,985
310,911	-42,056
310,925	-42,126
310,940	-42,186
310,955	-42,268
310,971	-42,346
310,986	-42,431
311,000	-42,524
311,015	-42,607
311,031	-42,688
311,046	-42,779
311,060	-42,873
311,075	-42,978
311,091	-43,081
311,106	-43,176
311,121	-43,266
311,136	-43,348
311,151	-43,440
311,166	-43,535
311,181	-43,619
311,196	-43,712
311,211	-43,777
311,226	-43,839
311,241	-43,913
311,256	-43,974
311,271	-44,050
311,286	-44,121
311,301	-44,179
311,316	-44,243
311,331	-44,301
311,346	-44,365
311,361	-44,435
311,376	-44,501
311,391	-44,574
311,406	-44,638
311,421	-44,693
311,436	-44,766
311,451	-44,826
311,466	-44,896
311,481	-44,964
311,496	-45,019
311,511	-45,084
311,526	-45,140
311,541	-45,200
311,556	-45,274
311,571	-45,328
311,586	-45,392
311,601	-45,456
311,616	-45,506
311,631	-45,569
311,646	-45,633
311,661	-45,697
311,676	-45,765
311,691	-45,822
311,706	-45,887
311,721	-45,945
311,736	-46,004
311,751	-46,073
311,766	-46,140
311,781	-46,201
311,796	-46,259
311,811	-46,307
311,826	-46,367
311,841	-46,419
311,856	-46,485
311,871	-46,551
311,886	-46,601
311,901	-46,651
311,916	-46,700
311,931	-46,756
311,946	-46,820
311,961	-46,880
311,976	-46,936
311,991	-46,991
312,006	-47,036
312,021	-47,093
312,036	-47,161
312,051	-47,220
312,066	-47,286
312,081	-47,340
312,096	-47,391
312,111	-47,446
312,126	-47,495
312,141	-47,560
312,156	-47,624
312,171	-47,677
312,186	-47,723
312,201	-47,768
312,216	-47,813
312,231	-47,866
312,246	-47,913
312,261	-47,969
312,276	-48,006
312,291	-48,038
312,306	-48,077
312,321	-48,105
312,336	-48,148
312,351	-48,184
312,366	-48,217
312,381	-48,254
312,396	-48,282
312,411	-48,323
312,426	-48,377
312,441	-48,421
312,456	-48,473
312,471	-48,512
312,486	-48,547
312,501	-48,593
312,516	-48,634
312,531	-48,690
312,546	-48,737
312,561	-48,770
312,576	-48,810
312,591	-48,840
312,606	-48,873
312,621	-48,916
312,636	-48,946
312,651	-48,977
312,666	-49,000
312,681	-49,017
312,696	-49,048
312,711	-49,076
312,726	-49,113
312,741	-49,150
312,756	-49,178
312,771	-49,210
312,786	-49,249
312,801	-49,290
312,816	-49,345
312,831	-49,398
312,846	-49,451
312,861	-49,503
312,876	-49,547
312,891	-49,602
312,906	-49,654
312,921	-49,712
312,937	-49,772
312,952	-49,812
312,966	-49,854
312,981	-49,896
312,997	-49,936
313,012	-49,983
313,026	-50,025
313,041	-50,056
313,057	-50,087
313,072	-50,110
313,087	-50,145
313,102	-50,185
313,116	-50,217
313,132	-50,258
313,147	-50,287
313,162	-50,313
313,177	-50,353
313,192	-50,386
313,207	-50,437
313,222	-50,475
313,237	-50,517
313,252	-50,559
313,267	-50,594
313,282	-50,628
313,297	-50,677
313,312	-50,714
313,327	-50,755
313,342	-50,785
313,357	-50,812
313,372	-50,839
313,387	-50,862
313,402	-50,898
313,417	-50,927
313,432	-50,946
313,447	-50,967
313,462	-50,982
313,477	-51,009
313,492	-51,047
313,507	-51,077
313,522	-51,117
313,537	-51,143
313,552	-51,165
313,567	-51,206
313,582	-51,241
313,597	-51,282
313,612	-51,315
313,627	-51,337
313,642	-51,364
313,657	-51,385
313,672	-51,406
313,687	-51,437
313,702	-51,456
313,717	-51,477
313,732	-51,493
313,747	-51,503
313,762	-51,522
313,777	-51,525
313,792	-51,547
313,807	-51,562
313,822	-51,568
313,837	-51,587
313,852	-51,611
313,867	-51,635
313,882	-51,661
313,897	-51,682
313,912	-51,703
313,927	-51,720
313,942	-51,731
313,957	-51,758
313,972	-51,777
313,987	-51,795
314,002	-51,822
314,017	-51,831
314,032	-51,841
314,047	-51,839
314,062	-51,836
314,077	-51,847
314,092	-51,848
314,107	-51,847
314,122	-51,840
314,137	-51,828
314,152	-51,828
314,167	-51,834
314,182	-51,834
314,197	-51,841
314,212	-51,833
314,227	-51,820
314,242	-51,829
314,257	-51,831
314,272	-51,840
314,287	-51,846
314,302	-51,842
314,317	-51,842
314,332	-51,835
314,347	-51,830
314,362	-51,836
314,377	-51,827
314,392	-51,827
314,407	-51,814
314,422	-51,794
314,437	-51,785
314,452	-51,767
314,467	-51,751
314,482	-51,732
314,497	-51,706
314,512	-51,680
314,527	-51,647
314,542	-51,616
314,557	-51,604
314,572	-51,579
314,587	-51,564
314,602	-51,538
314,617	-51,507
314,632	-51,489
314,647	-51,471
314,662	-51,458
314,677	-51,438
314,692	-51,406
314,707	-51,375
314,722	-51,334
314,737	-51,301
314,752	-51,271
314,767	-51,232
314,782	-51,189
314,797	-51,145
314,812	-51,089
314,827	-51,044
314,842	-50,996
314,857	-50,955
314,872	-50,913
314,887	-50,851
314,902	-50,787
314,917	-50,723
314,933	-50,664
314,947	-50,617
314,962	-50,563
314,978	-50,509
314,993	-50,446
315,007	-50,376
315,022	-50,320
315,038	-50,260
315,053	-50,203
315,067	-50,151
315,083	-50,079
315,098	-50,009
315,113	-49,937
315,128	-49,872
315,143	-49,815
315,158	-49,747
315,173	-49,675
315,188	-49,600
315,203	-49,525
315,218	-49,456
315,233	-49,389
315,248	-49,312
315,263	-49,233
315,278	-49,149
315,293	-49,073
315,308	-48,990
315,323	-48,911
315,338	-48,839
315,353	-48,761
315,368	-48,678
315,383	-48,602
315,398	-48,526
315,413	-48,458
315,428	-48,390
315,443	-48,323
315,458	-48,256
315,473	-48,183
315,488	-48,109
315,503	-48,041
315,518	-47,964
315,533	-47,902
315,548	-47,835
315,563	-47,767
315,578	-47,705
315,593	-47,632
315,608	-47,567
315,623	-47,502
315,638	-47,437
315,653	-47,374
315,668	-47,308
315,683	-47,238
315,698	-47,175
315,713	-47,106
315,728	-47,048
315,743	-46,992
315,758	-46,919
315,773	-46,857
315,788	-46,796
315,803	-46,740
315,818	-46,685
315,833	-46,630
315,848	-46,576
315,863	-46,524
315,878	-46,463
315,893	-46,414
315,908	-46,359
315,923	-46,311
315,938	-46,267
315,953	-46,069
315,968	-45,871
315,983	-45,673
315,998	-45,475
316,013	-45,277
316,028	-45,079
316,043	-44,881
316,058	-44,683
316,073	-44,485
316,088	-44,288
316,103	-44,083
316,118	-43,937
316,133	-43,873
316,148	-43,628
316,163	-43,402
316,178	-43,181
316,193	-42,914
316,208	-42,714
316,223	-42,446
316,238	-42,057
316,253	-41,562
316,268	-40,999
316,283	-40,465
316,298	-39,805
316,313	-39,040
316,328	-38,140
316,343	-36,993
316,358	-35,731
316,373	-34,285
316,388	-32,640
316,403	-30,827
316,418	-28,690
316,433	-26,199
316,448	-23,399
316,463	-20,082
316,478	-16,493
316,493	-12,577
316,508	-8,208
316,523	-3,427
316,538	1,799
316,553	7,412
316,568	13,361
316,583	19,618
316,598	26,114
316,613	32,947
316,628	39,992
316,643	47,214
316,658	54,512
316,673	61,875
316,688	69,161
316,703	76,423
316,718	83,589
316,733	90,554
316,748	97,219
316,763	103,415
316,778	109,030
316,793	113,892
316,808	117,915
316,823	121,136
316,838	123,325
316,853	124,511
316,868	124,698
316,884	123,788
316,898	121,995
316,913	119,305
316,928	115,869
316,943	111,853
316,959	107,273
316,974	102,324
316,988	97,253
317,003	92,058
317,019	86,984
317,034	81,859
317,048	76,831
317,063	71,897
317,079	67,105
317,094	62,531
317,109	58,062
317,124	53,793
317,139	49,776
317,154	45,707
317,169	41,817
317,184	38,030
317,199	34,409
317,214	31,067
317,229	27,828
317,244	24,628
317,259	21,519
317,274	18,560
317,289	15,756
317,304	13,063
317,319	10,592
317,334	8,249
317,349	5,952
317,364	3,684
317,379	1,486
317,394	-0,566
317,409	-2,443
317,424	-4,256
317,439	-6,005
317,454	-7,779
317,469	-9,486
317,484	-11,113
317,499	-12,606
317,514	-14,045
317,529	-15,317
317,544	-16,702
317,559	-18,086
317,574	-19,330
317,589	-20,501
317,604	-21,611
317,619	-22,604
317,634	-23,629
317,649	-24,635
317,664	-25,661
317,679	-26,612
317,694	-27,508
317,709	-28,271
317,724	-29,072
317,739	-29,826
317,754	-30,664
317,769	-31,450
317,784	-32,131
317,799	-32,758
317,814	-33,320
317,829	-33,938
317,844	-34,576
317,859	-35,144
317,874	-35,750
317,889	-36,198
317,904	-36,696
317,919	-37,173
317,934	-37,587
317,949	-38,118
317,964	-38,522
317,979	-38,917
317,994	-39,286
318,009	-39,574
318,024	-39,967
318,039	-40,317
318,054	-40,634
318,069	-41,003
318,084	-41,221
318,099	-41,485
318,114	-41,712
318,129	-41,973
318,144	-42,296
318,159	-42,560
318,174	-42,838
318,189	-43,045
318,204	-43,226
318,219	-43,517
318,234	-43,807
318,249	-44,075
318,264	-44,359
318,279	-44,515
318,294	-44,720
318,309	-44,946
318,324	-45,075
318,339	-45,302
318,354	-45,477
318,369	-45,617
318,384	-45,740
318,399	-45,756
318,414	-45,858
318,429	-45,949
318,444	-46,120
318,459	-46,211
318,474	-46,228
318,489	-46,340
318,504	-46,401
318,519	-46,550
318,534	-46,706
318,549	-46,790
318,564	-46,886
318,579	-46,949
318,594	-46,949
318,609	-47,105
318,624	-47,261
318,639	-47,417
318,654	-47,573
318,669	-47,729
318,684	-47,884
318,699	-48,040
318,714	-48,196
318,729	-48,352
318,744	-48,508
318,759	-48,518
318,774	-48,529
318,789	-48,540
318,804	-48,560
318,819	-48,583
318,834	-48,598
318,849	-48,609
318,864	-48,622
318,879	-48,635
318,894	-48,661
318,909	-48,689
318,925	-48,711
318,940	-48,725
318,954	-48,740
318,969	-48,757
318,985	-48,784
319,000	-48,807
319,014	-48,830
319,029	-48,847
319,045	-48,864
319,060	-48,883
319,075	-48,901
319,089	-48,927
319,105	-48,955
319,120	-48,983
319,135	-49,006
319,150	-49,025
319,165	-49,043
319,180	-49,069
319,195	-49,094
319,210	-49,125
319,225	-49,147
319,240	-49,166
319,255	-49,187
319,270	-49,206
319,285	-49,232
319,300	-49,262
319,315	-49,282
319,330	-49,311
319,345	-49,332
319,360	-49,352
319,375	-49,385
319,390	-49,410
319,405	-49,444
319,420	-49,475
319,435	-49,499
319,450	-49,535
319,465	-49,558
319,480	-49,593
319,495	-49,639
319,510	-49,671
319,525	-49,707
319,540	-49,731
319,555	-49,752
319,570	-49,780
319,585	-49,807
319,600	-49,841
319,615	-49,866
319,630	-49,882
319,645	-49,910
319,660	-49,927
319,675	-49,956
319,690	-49,988
319,705	-50,007
319,720	-50,032
319,735	-50,048
319,750	-50,062
319,765	-50,091
319,780	-50,111
319,795	-50,140
319,810	-50,166
319,825	-50,185
319,840	-50,213
319,855	-50,228
319,870	-50,249
319,885	-50,278
319,900	-50,295
319,915	-50,312
319,930	-50,323
319,945	-50,336
319,960	-50,359
319,975	-50,375
319,990	-50,396
320,005	-50,421
320,020	-50,429
320,035	-50,438
320,050	-50,457
320,065	-50,472
320,080	-50,495
320,095	-50,509
320,110	-50,524
320,125	-50,526
320,140	-50,533
320,155	-50,549
320,170	-50,566
320,185	-50,581
320,200	-50,599
320,215	-50,600
320,230	-50,602
320,245	-50,613
320,260	-50,625
320,275	-50,648
320,290	-50,660
320,305	-50,672
320,320	-50,676
320,335	-50,683
320,350	-50,698
320,365	-50,718
320,380	-50,733
320,395	-50,752
320,410	-50,750
320,425	-50,751
320,440	-50,764
320,455	-50,778
320,470	-50,799
320,485	-50,814
320,500	-50,812
320,515	-50,818
320,530	-50,819
320,545	-50,830
320,560	-50,846
320,575	-50,852
320,590	-50,864
320,605	-50,861
320,620	-50,858
320,635	-50,860
320,650	-50,866
320,665	-50,879
320,680	-50,885
320,695	-50,883
320,710	-50,881
320,725	-50,874
320,740	-50,880
320,755	-50,890
320,770	-50,894
320,785	-50,900
320,800	-50,897
320,815	-50,894
320,830	-50,901
320,845	-50,896
320,860	-50,903
320,875	-50,901
320,890	-50,892
320,906	-50,892
320,921	-50,881
320,935	-50,881
320,950	-50,882
320,966	-50,882
320,981	-50,881
320,995	-50,876
321,010	-50,873
321,026	-50,878
321,041	-50,878
321,055	-50,884
321,070	-50,891
321,086	-50,882
321,101	-50,875
321,116	-50,876
321,131	-50,873
321,146	-50,882
321,161	-50,880
321,176	-50,879
321,191	-50,873
321,206	-50,867
321,221	-50,874
321,236	-50,875
321,251	-50,876
321,266	-50,886
321,281	-50,882
321,296	-50,882
321,311	-50,887
321,326	-50,892
321,341	-50,902
321,356	-50,900
321,371	-50,901
321,386	-50,901
321,401	-50,892
321,416	-50,894
321,431	-50,905
321,446	-50,905
321,461	-50,910
321,476	-50,901
321,491	-50,894
321,506	-50,896
321,521	-50,890
321,536	-50,902
321,551	-50,905
321,566	-50,894
321,581	-50,898
321,596	-50,889
321,611	-50,892
321,626	-50,899
321,641	-50,899
321,656	-50,907
321,671	-50,898
321,686	-50,885
321,701	-50,892
321,716	-50,892
321,731	-50,903
321,746	-50,906
321,761	-50,898
321,776	-50,904
321,791	-50,894
321,806	-50,896
321,821	-50,906
321,836	-50,903
321,851	-50,896
321,866	-50,887
321,881	-50,877
321,896	-50,877
321,911	-50,871
321,926	-50,880
321,941	-50,875
321,956	-50,860
321,971	-50,858
321,986	-50,844
322,001	-50,841
322,016	-50,843
322,031	-50,841
322,046	-50,836
322,061	-50,828
322,076	-50,817
322,091	-50,817
322,106	-50,815
322,121	-50,821
322,136	-50,823
322,151	-50,815
322,166	-50,813
322,181	-50,814
322,196	-50,817
322,211	-50,823
322,226	-50,828
322,241	-50,825
322,256	-50,820
322,271	-50,816
322,286	-50,826
322,301	-50,830
322,316	-50,831
322,331	-50,839
322,346	-50,834
322,361	-50,831
322,376	-50,831
322,391	-50,837
322,406	-50,843
322,421	-50,840
322,436	-50,839
322,451	-50,830
322,466	-50,825
322,481	-50,822
322,496	-50,827
322,511	-50,824
322,526	-50,815
322,541	-50,804
322,556	-50,798
322,571	-50,793
322,586	-50,782
322,601	-50,788
322,616	-50,790
322,631	-50,779
322,646	-50,775
322,661	-50,764
322,676	-50,766
322,691	-50,766
322,706	-50,763
322,721	-50,768
322,736	-50,760
322,751	-50,756
322,766	-50,760
322,781	-50,755
322,796	-50,758
322,811	-50,755
322,826	-50,739
322,841	-50,729
322,856	-50,715
322,871	-50,721
322,886	-50,729
322,901	-50,722
322,916	-50,719
322,932	-50,709
322,947	-50,699
322,962	-50,700
322,976	-50,696
322,991	-50,705
323,007	-50,703
323,022	-50,690
323,036	-50,689
323,051	-50,684
323,067	-50,681
323,082	-50,685
323,097	-50,678
323,111	-50,673
323,127	-50,665
323,142	-50,654
323,157	-50,661
323,172	-50,657
323,187	-50,664
323,202	-50,670
323,217	-50,658
323,232	-50,654
323,247	-50,648
323,262	-50,648
323,277	-50,657
323,292	-50,648
323,307	-50,648
323,322	-50,646
323,337	-50,636
323,352	-50,638
323,367	-50,641
323,382	-50,637
323,397	-50,642
323,412	-50,633
323,427	-50,626
323,442	-50,621
323,457	-50,622
323,472	-50,633
323,487	-50,626
323,502	-50,620
323,517	-50,614
323,532	-50,605
323,547	-50,602
323,562	-50,602
323,577	-50,598
323,592	-50,601
323,607	-50,592
323,622	-50,586
323,637	-50,584
323,652	-50,581
323,667	-50,586
323,682	-50,580
323,697	-50,563
323,712	-50,552
323,727	-50,538
323,742	-50,532
323,757	-50,528
323,772	-50,520
323,787	-50,519
323,802	-50,500
323,817	-50,487
323,832	-50,490
323,847	-50,475
323,862	-50,479
323,877	-50,476
323,892	-50,465
323,907	-50,459
323,922	-50,444
323,937	-50,449
323,952	-50,448
323,967	-50,441
323,982	-50,436
323,997	-50,427
324,012	-50,413
324,027	-50,418
324,042	-50,415
324,057	-50,419
324,072	-50,409
324,087	-50,399
324,102	-50,400
324,117	-50,396
324,132	-50,395
324,147	-50,396
324,162	-50,394
324,177	-50,391
324,192	-50,385
324,207	-50,381
324,222	-50,385
324,237	-50,378
324,252	-50,385
324,267	-50,380
324,282	-50,370
324,297	-50,356
324,312	-50,344
324,327	-50,335
324,342	-50,338
324,357	-50,327
324,372	-50,318
324,387	-50,296
324,402	-50,273
324,417	-50,268
324,432	-50,268
324,447	-50,262
324,462	-50,254
324,477	-50,245
324,492	-50,238
324,507	-50,227
324,522	-50,226
324,537	-50,230
324,552	-50,222
324,567	-50,207
324,582	-50,196
324,597	-50,180
324,612	-50,174
324,627	-50,172
324,642	-50,159
324,657	-50,150
324,672	-50,125
324,687	-50,103
324,702	-50,085
324,717	-50,070
324,732	-50,070
324,747	-50,060
324,762	-50,045
324,777	-50,042
324,792	-50,026
324,807	-50,032
324,822	-50,041
324,837	-50,035
324,852	-50,036
324,867	-50,030
324,882	-50,021
324,897	-50,024
324,912	-50,012
324,928	-50,011
324,942	-50,000
324,957	-49,973
324,973	-49,948
324,988	-49,914
325,002	-49,894
325,017	-49,879
325,033	-49,853
325,048	-49,832
325,062	-49,808
325,077	-49,789
325,093	-49,788
325,108	-49,773
325,123	-49,773
325,138	-49,770
325,153	-49,759
325,168	-49,753
325,183	-49,751
325,198	-49,756
325,213	-49,763
325,228	-49,764
325,243	-49,760
325,258	-49,749
325,273	-49,743
325,288	-49,736
325,303	-49,718
325,318	-49,699
325,333	-49,683
325,348	-49,648
325,363	-49,628
325,378	-49,604
325,393	-49,580
325,408	-49,571
325,423	-49,553
325,438	-49,541
325,453	-49,519
325,468	-49,507
325,483	-49,509
325,498	-49,514
325,513	-49,516
325,528	-49,523
325,543	-49,519
325,558	-49,518
325,573	-49,522
325,588	-49,526
325,603	-49,537
325,618	-49,526
325,633	-49,510
325,648	-49,494
325,663	-49,470
325,678	-49,457
325,693	-49,437
325,708	-49,416
325,723	-49,394
325,738	-49,366
325,753	-49,338
325,768	-49,316
325,783	-49,296
325,798	-49,290
325,813	-49,282
325,828	-49,274
325,843	-49,271
325,858	-49,262
325,873	-49,271
325,888	-49,288
325,903	-49,294
325,918	-49,301
325,933	-49,300
325,948	-49,294
325,963	-49,302
325,978	-49,303
325,993	-49,303
326,008	-49,294
326,023	-49,273
326,038	-49,251
326,053	-49,221
326,068	-49,205
326,083	-49,191
326,098	-49,175
326,113	-49,171
326,128	-49,156
326,143	-49,141
326,158	-49,146
326,173	-49,155
326,188	-49,172
326,203	-49,186
326,218	-49,190
326,233	-49,208
326,248	-49,217
326,263	-49,221
326,278	-49,234
326,293	-49,231
326,308	-49,230
326,323	-49,217
326,338	-49,191
326,353	-49,189
326,368	-49,173
326,383	-49,152
326,398	-49,136
326,413	-49,110
326,428	-49,086
326,443	-49,067
326,458	-49,056
326,473	-49,060
326,488	-49,055
326,503	-49,059
326,518	-49,059
326,533	-49,061
326,548	-49,077
326,563	-49,094
326,578	-49,107
326,593	-49,121
326,608	-49,118
326,623	-49,121
326,638	-49,127
326,653	-49,125
326,668	-49,127
326,683	-49,117
326,698	-49,094
326,713	-49,071
326,728	-49,039
326,743	-49,019
326,758	-49,008
326,773	-48,981
326,788	-48,963
326,803	-48,941
326,818	-48,922
326,833	-48,920
326,848	-48,916
326,863	-48,928
326,878	-48,928
326,893	-48,928
326,908	-48,941
326,923	-48,940
326,938	-48,954
326,954	-48,968
326,969	-48,974
326,983	-48,972
326,998	-48,963
327,014	-48,953
327,029	-48,951
327,043	-48,930
327,058	-48,915
327,074	-48,895
327,089	-48,858
327,103	-48,832
327,119	-48,793
327,134	-48,774
327,149	-48,757
327,164	-48,739
327,179	-48,728
327,194	-48,714
327,209	-48,708
327,224	-48,715
327,239	-48,724
327,254	-48,739
327,269	-48,751
327,284	-48,753
327,299	-48,760
327,314	-48,767
327,329	-48,777
327,344	-48,787
327,359	-48,781
327,374	-48,774
327,389	-48,757
327,404	-48,728
327,419	-48,715
327,434	-48,699
327,449	-48,674
327,464	-48,651
327,479	-48,617
327,494	-48,592
327,509	-48,572
327,524	-48,559
327,539	-48,563
327,554	-48,553
327,569	-48,552
327,584	-48,554
327,599	-48,552
327,614	-48,564
327,629	-48,567
327,644	-48,575
327,659	-48,587
327,674	-48,583
327,689	-48,573
327,704	-48,569
327,719	-48,552
327,734	-48,544
327,749	-48,514
327,764	-48,481
327,779	-48,460
327,794	-48,424
327,809	-48,398
327,824	-48,380
327,839	-48,351
327,854	-48,333
327,869	-48,303
327,884	-48,281
327,899	-48,280
327,914	-48,274
327,929	-48,282
327,944	-48,286
327,959	-48,284
327,974	-48,286
327,989	-48,284
328,004	-48,300
328,019	-48,311
328,034	-48,317
328,049	-48,318
328,064	-48,310
328,079	-48,295
328,094	-48,290
328,109	-48,273
328,124	-48,264
328,139	-48,240
328,154	-48,201
328,169	-48,174
328,184	-48,146
328,199	-48,122
328,214	-48,108
328,229	-48,087
328,244	-48,075
328,259	-48,064
328,274	-48,050
328,289	-48,064
328,304	-48,070
328,319	-48,093
328,334	-48,105
328,349	-48,111
328,364	-48,120
328,379	-48,128
328,394	-48,132
328,409	-48,140
328,424	-48,130
328,439	-48,117
328,454	-48,096
328,469	-48,069
328,484	-48,052
328,499	-48,030
328,514	-48,002
328,529	-47,973
328,544	-47,935
328,559	-47,912
328,574	-47,894
328,589	-47,874
328,604	-47,875
328,619	-47,869
328,634	-47,870
328,649	-47,865
328,664	-47,863
328,679	-47,875
328,694	-47,895
328,709	-47,907
328,724	-47,923
328,739	-47,917
328,754	-47,914
328,769	-47,907
328,784	-47,897
328,799	-47,889
328,814	-47,870
328,829	-47,835
328,844	-47,805
328,859	-47,761
328,875	-47,732
328,889	-47,706
328,904	-47,675
328,920	-47,655
328,935	-47,627
328,950	-47,598
328,964	-47,591
328,979	-47,582
328,995	-47,587
329,010	-47,582
329,024	-47,575
329,039	-47,575
329,055	-47,567
329,070	-47,578
329,084	-47,582
329,099	-47,577
329,115	-47,569
329,130	-47,551
329,145	-47,533
329,160	-47,513
329,175	-47,484
329,190	-47,463
329,205	-47,426
329,220	-47,377
329,235	-47,342
329,250	-47,305
329,265	-47,277
329,280	-47,253
329,295	-47,227
329,310	-47,209
329,325	-47,188
329,340	-47,163
329,355	-47,152
329,370	-47,135
329,385	-47,120
329,400	-47,106
329,415	-47,081
329,430	-47,058
329,445	-47,027
329,460	-47,004
329,475	-46,977
329,490	-46,949
329,505	-46,917
329,520	-46,879
329,535	-46,838
329,550	-46,802
329,565	-46,770
329,580	-46,738
329,595	-46,708
329,610	-46,673
329,625	-46,646
329,640	-46,615
329,655	-46,598
329,670	-46,585
329,685	-46,567
329,700	-46,547
329,715	-46,535
329,730	-46,518
329,745	-46,509
329,760	-46,498
329,775	-46,484
329,790	-46,469
329,805	-46,441
329,820	-46,413
329,835	-46,376
329,850	-46,348
329,865	-46,317
329,880	-46,284
329,895	-46,243
329,910	-46,211
329,925	-46,172
329,940	-46,145
329,955	-46,122
329,970	-46,100
329,985	-46,082
330,000	-46,059
