285,000	17,256
285,015	17,202
285,030	16,622
285,045	17,370
285,060	16,764
285,075	17,618
285,090	18,000
285,105	17,625
285,120	17,942
285,135	17,617
285,150	17,242
285,165	18,096
285,180	18,474
285,195	18,399
285,210	18,165
285,225	17,544
285,240	18,322
285,255	17,566
285,270	18,610
285,285	18,977
285,300	18,517
285,315	18,874
285,330	18,464
285,345	18,581
285,360	19,038
285,375	19,295
285,390	19,346
285,405	19,417
285,420	18,676
285,435	18,878
285,450	18,824
285,465	19,588
285,480	19,654
285,495	19,204
285,510	18,693
285,525	19,557
285,540	19,292
285,555	20,126
285,570	20,077
285,585	19,887
285,600	20,139
285,615	19,217
285,630	19,585
285,645	20,112
285,660	20,144
285,675	20,536
285,690	19,840
285,705	19,349
285,720	19,581
285,735	19,552
285,750	20,421
285,765	20,637
285,780	20,197
285,795	20,700
285,810	19,723
285,825	19,734
285,840	20,678
285,855	20,103
285,870	20,761
285,885	20,065
285,901	19,961
285,916	20,774
285,930	20,224
285,945	21,127
285,961	21,108
285,976	20,924
285,990	21,176
286,005	20,209
286,021	20,501
286,036	21,219
286,050	21,295
286,065	21,392
286,080	21,624
286,096	20,221
286,111	20,678
286,125	20,554
286,141	21,513
286,156	20,987
286,171	20,813
286,186	21,576
286,201	20,620
286,216	20,711
286,231	21,299
286,246	21,581
286,261	21,542
286,276	21,768
286,291	20,285
286,306	21,560
286,321	20,543
286,336	21,562
286,351	21,703
286,366	21,173
286,381	20,547
286,396	21,005
286,411	20,931
286,426	21,840
286,441	21,836
286,456	21,671
286,471	20,780
286,486	20,555
286,501	21,153
286,516	20,813
286,531	21,446
286,546	21,798
286,561	21,062
286,576	20,547
286,591	21,029
286,606	20,689
286,621	21,538
286,636	20,456
286,651	21,510
286,666	20,839
286,681	20,063
286,696	20,972
286,711	21,429
286,726	21,270
286,741	21,316
286,756	20,951
286,771	20,531
286,786	20,928
286,801	20,498
286,816	21,166
286,831	21,097
286,846	20,336
286,861	21,225
286,876	20,092
286,891	20,179
286,906	21,047
286,921	20,672
286,936	21,195
286,951	20,349
286,966	19,668
286,981	20,361
286,996	20,337
287,011	20,699
287,026	20,755
287,041	20,616
287,056	20,752
287,071	20,001
287,086	19,852
287,101	20,585
287,116	19,774
287,131	20,813
287,146	20,383
287,161	19,511
287,176	19,808
287,191	19,328
287,206	20,016
287,221	20,158
287,236	19,612
287,251	20,150
287,266	18,958
287,281	19,079
287,296	19,807
287,311	20,099
287,326	19,890
287,341	19,189
287,356	18,864
287,371	19,000
287,386	18,696
287,401	19,654
287,416	19,741
287,431	19,160
287,446	18,740
287,461	18,495
287,476	18,828
287,491	19,305
287,506	19,426
287,521	19,197
287,536	18,576
287,551	18,206
287,566	18,112
287,581	18,921
287,596	18,721
287,611	18,933
287,626	18,267
287,641	17,802
287,656	18,084
287,671	18,145
287,686	18,732
287,701	18,879
287,716	18,248
287,731	18,550
287,746	17,237
287,761	18,141
287,776	18,263
287,791	17,592
287,806	18,110
287,821	17,669
287,836	17,124
287,851	18,088
287,866	17,362
287,881	17,739
287,897	17,860
287,911	16,593
287,926	17,667
287,942	16,821
287,957	16,466
287,971	17,445
287,986	16,583
288,002	17,612
288,017	16,706
288,031	15,950
288,046	17,219
288,062	16,007
288,077	16,981
288,092	17,137
288,107	16,542
288,122	16,879
288,137	15,681
288,152	16,028
288,167	16,556
288,182	16,502
288,197	16,614
288,212	16,600
288,227	15,788
288,242	15,579
288,257	15,209
288,272	16,428
288,287	16,319
288,302	15,388
288,317	16,292
288,332	15,335
288,347	15,050
288,362	16,209
288,377	16,170
288,392	15,991
288,407	15,962
288,422	15,156
288,437	15,207
288,452	14,486
288,467	15,851
288,482	15,967
288,497	15,176
288,512	14,315
288,527	15,309
288,542	14,728
288,557	15,547
288,572	15,643
288,587	15,474
288,602	15,530
288,617	14,819
288,632	14,554
288,647	15,413
288,662	15,013
288,677	15,490
288,692	14,935
288,707	14,379
288,722	14,747
288,737	14,326
288,752	15,375
288,767	15,171
288,782	14,997
288,797	15,018
288,812	14,267
288,827	14,433
288,842	15,071
288,857	14,340
288,872	15,229
288,887	14,934
288,902	13,917
288,917	14,786
288,932	13,824
288,947	14,883
288,962	15,205
288,977	14,765
288,992	14,862
289,007	14,070
289,022	14,132
289,037	14,945
289,052	14,279
289,067	15,233
289,082	15,054
289,097	13,826
289,112	14,670
289,127	13,668
289,142	14,943
289,157	15,145
289,172	15,045
289,187	15,076
289,202	14,596
289,217	14,101
289,232	15,150
289,247	15,016
289,262	15,338
289,277	15,233
289,292	14,302
289,307	14,619
289,322	13,988
289,337	14,867
289,352	15,284
289,367	14,754
289,382	15,141
289,397	14,796
289,412	13,909
289,427	15,220
289,442	15,171
289,457	15,087
289,472	15,263
289,487	14,873
289,502	15,024
289,517	14,013
289,532	14,871
289,547	15,233
289,562	15,410
289,577	14,137
289,592	14,821
289,607	14,641
289,622	15,129
289,637	15,240
289,652	15,246
289,667	15,342
289,682	14,897
289,697	14,758
289,712	15,140
289,727	14,815
289,742	15,343
289,757	15,254
289,772	13,821
289,787	14,975
289,802	14,013
289,817	14,792
289,832	14,943
289,847	13,360
289,862	14,976
289,877	13,999
289,892	14,476
289,907	14,668
289,923	14,383
289,937	14,650
289,952	14,441
289,967	13,509
289,983	14,468
289,998	14,364
290,012	13,763
290,027	14,501
290,043	12,988
290,058	14,092
290,072	13,025
290,088	13,237
290,103	13,700
290,118	13,530
290,133	13,752
290,148	13,176
290,163	12,691
290,178	12,873
290,193	12,187
290,208	12,880
290,223	13,342
290,238	12,857
290,253	12,913
290,268	12,689
290,283	12,429
290,298	12,841
290,313	12,737
290,328	12,528
290,343	11,776
290,358	11,968
290,373	11,307
290,388	10,772
290,403	11,886
290,418	12,013
290,433	11,312
290,448	11,844
290,463	11,188
290,478	10,999
290,493	11,286
290,508	11,402
290,523	11,434
290,538	11,149
290,553	9,921
290,568	10,223
290,583	9,708
290,598	10,692
290,613	10,412
290,628	10,152
290,643	9,251
290,658	9,839
290,673	9,368
290,688	9,876
290,703	9,922
290,718	9,688
290,733	9,704
290,748	8,727
290,763	8,728
290,778	9,346
290,793	8,861
290,808	9,012
290,823	8,702
290,838	7,369
290,853	7,987
290,868	7,723
290,883	7,879
290,898	8,272
290,913	7,485
290,928	8,023
290,943	7,402
290,958	6,857
290,973	7,811
290,988	7,145
291,003	7,517
291,018	6,926
291,033	6,300
291,048	6,658
291,063	5,796
291,078	6,520
291,093	6,601
291,108	5,383
291,123	6,543
291,138	5,722
291,153	5,552
291,168	6,190
291,183	5,389
291,198	6,032
291,213	5,852
291,228	5,252
291,243	5,619
291,258	4,381
291,273	5,556
291,288	5,296
291,303	4,776
291,318	5,299
291,333	4,673
291,348	4,378
291,363	4,901
291,378	4,405
291,393	4,813
291,408	4,759
291,423	3,611
291,438	4,063
291,453	3,342
291,468	4,241
291,483	4,217
291,498	3,617
291,513	3,177
291,528	3,483
291,543	2,888
291,558	3,792
291,573	4,088
291,588	3,533
291,603	2,977
291,618	2,833
291,633	2,654
291,648	2,620
291,663	3,238
291,678	3,264
291,693	3,165
291,708	2,373
291,723	2,630
291,738	2,772
291,753	2,527
291,768	3,140
291,783	3,081
291,798	3,012
291,813	2,396
291,828	1,996
291,843	2,870
291,858	1,983
291,873	2,751
291,889	2,126
291,903	1,640
291,918	2,359
291,933	1,477
291,949	2,371
291,964	2,482
291,978	1,872
291,993	2,294
292,009	1,769
292,024	0,912
292,038	1,941
292,053	1,466
292,068	1,918
292,084	2,030
292,099	1,148
292,114	1,621
292,129	0,785
292,144	1,869
292,159	1,985
292,174	1,475
292,189	1,767
292,204	1,306
292,219	0,901
292,234	1,580
292,249	0,859
292,264	1,782
292,279	1,111
292,294	0,867
292,309	0,592
292,324	0,413
292,339	1,011
292,354	1,333
292,369	0,190
292,384	1,280
292,399	0,122
292,414	0,158
292,429	1,167
292,444	1,098
292,459	1,019
292,474	0,985
292,489	0,134
292,504	0,772
292,519	-0,014
292,534	0,694
292,549	0,895
292,564	0,791
292,579	-0,191
292,594	0,192
292,609	-0,103
292,624	0,725
292,639	0,692
292,654	0,357
292,669	0,493
292,684	-0,669
292,699	-0,262
292,714	0,311
292,729	0,252
292,744	0,574
292,759	0,294
292,774	-0,918
292,789	-0,215
292,804	-1,082
292,819	-0,228
292,834	0,375
292,849	0,286
292,864	0,412
292,879	-0,474
292,894	-0,619
292,909	0,054
292,924	-0,631
292,939	0,348
292,954	-0,298
292,969	-1,050
292,984	-0,507
292,999	-1,057
293,014	-0,384
293,029	-0,188
293,044	-0,733
293,059	0,055
293,074	-0,881
293,089	-1,377
293,104	-0,428
293,119	-0,562
293,134	-0,390
293,149	-0,249
293,164	-0,840
293,179	-1,179
293,194	-1,269
293,209	-0,736
293,224	-0,529
293,239	-1,692
293,254	-0,607
293,269	-0,897
293,284	-1,136
293,299	-0,870
293,314	-1,240
293,329	-0,587
293,344	-0,545
293,359	-1,608
293,374	-1,571
293,389	-1,946
293,404	-1,148
293,419	-0,540
293,434	-1,010
293,449	-0,457
293,464	-1,314
293,479	-2,175
293,494	-0,991
293,509	-0,885
293,524	-0,964
293,539	-0,982
293,554	-1,794
293,569	-1,667
293,584	-2,313
293,599	-1,946
293,614	-1,082
293,629	-1,156
293,644	-1,376
293,659	-1,751
293,674	-2,367
293,689	-1,257
293,704	-1,156
293,719	-1,235
293,734	-1,479
293,749	-1,930
293,764	-2,470
293,779	-1,316
293,794	-2,047
293,809	-1,519
293,824	-1,463
293,839	-2,455
293,854	-1,355
293,869	-2,332
293,884	-1,855
293,899	-1,463
293,914	-1,502
293,930	-1,200
293,945	-2,001
293,959	-1,779
293,974	-1,592
293,990	-2,584
294,005	-1,460
294,019	-1,935
294,034	-2,867
294,050	-1,888
294,065	-2,865
294,079	-2,618
294,094	-1,654
294,110	-1,638
294,125	-1,792
294,140	-2,398
294,155	-2,718
294,170	-1,799
294,185	-2,575
294,200	-1,912
294,215	-1,961
294,230	-2,286
294,245	-2,134
294,260	-3,026
294,275	-2,363
294,290	-2,116
294,305	-2,471
294,320	-2,049
294,335	-2,619
294,350	-3,270
294,365	-2,075
294,380	-2,064
294,395	-2,063
294,410	-2,232
294,425	-3,049
294,440	-3,003
294,455	-3,393
294,470	-2,388
294,485	-2,051
294,500	-2,000
294,515	-2,305
294,530	-2,590
294,545	-3,572
294,560	-2,648
294,575	-2,170
294,590	-2,320
294,605	-2,549
294,620	-2,854
294,635	-3,063
294,650	-3,594
294,665	-2,339
294,680	-2,423
294,695	-2,337
294,710	-3,208
294,725	-2,400
294,740	-3,552
294,755	-2,663
294,770	-2,622
294,785	-2,446
294,800	-2,244
294,815	-3,045
294,830	-2,944
294,845	-2,607
294,860	-3,222
294,875	-2,479
294,890	-2,744
294,905	-3,570
294,920	-3,218
294,935	-3,618
294,950	-2,794
294,965	-2,528
294,980	-3,384
294,995	-2,641
295,010	-2,720
295,025	-3,240
295,040	-2,873
295,055	-3,168
295,070	-2,480
295,085	-2,414
295,100	-3,616
295,115	-2,702
295,130	-3,669
295,145	-2,820
295,160	-2,262
295,175	-2,457
295,190	-2,416
295,205	-3,358
295,220	-3,216
295,235	-2,578
295,250	-2,872
295,265	-2,636
295,280	-2,871
295,295	-3,336
295,310	-2,362
295,325	-3,218
295,340	-2,786
295,355	-2,173
295,370	-2,959
295,385	-2,266
295,400	-2,430
295,415	-2,901
295,430	-2,443
295,445	-3,350
295,460	-2,286
295,475	-2,465
295,490	-2,960
295,505	-2,277
295,520	-2,958
295,535	-2,731
295,550	-1,978
295,565	-2,664
295,580	-2,227
295,595	-2,185
295,610	-2,956
295,625	-2,344
295,640	-2,077
295,655	-1,935
295,670	-2,100
295,685	-3,061
295,700	-2,860
295,715	-2,538
295,730	-2,015
295,745	-2,054
295,760	-2,248
295,775	-2,423
295,790	-2,417
295,805	-3,148
295,820	-2,028
295,835	-1,887
295,850	-1,680
295,865	-1,870
295,880	-2,335
295,895	-2,419
295,911	-1,917
295,925	-2,552
295,940	-1,608
295,955	-1,748
295,971	-2,950
295,986	-2,317
296,000	-2,858
296,015	-2,195
296,031	-1,677
296,046	-1,495
296,060	-1,399
296,075	-1,960
296,091	-2,681
296,106	-1,621
296,121	-2,558
296,136	-1,423
296,151	-1,447
296,166	-2,665
296,181	-1,455
296,196	-2,387
296,211	-1,930
296,226	-1,191
296,241	-1,190
296,256	-1,355
296,271	-1,810
296,286	-2,390
296,301	-1,562
296,316	-2,248
296,331	-1,038
296,346	-1,077
296,361	-1,482
296,376	-1,687
296,391	-2,408
296,406	-0,957
296,421	-1,137
296,436	-1,231
296,451	-1,099
296,466	-1,645
296,481	-1,985
296,496	-1,111
296,511	-1,160
296,526	-1,310
296,541	-1,529
296,556	-1,789
296,571	-1,016
296,586	-2,303
296,601	-1,540
296,616	-1,172
296,631	-1,031
296,646	-1,160
296,661	-1,520
296,676	-2,196
296,691	-1,508
296,706	-0,745
296,721	-1,350
296,736	-0,903
296,751	-1,559
296,766	-1,683
296,781	-1,953
296,796	-1,626
296,811	-0,872
296,826	-0,530
296,841	-1,783
296,856	-1,381
296,871	-2,067
296,886	-0,822
296,901	-0,595
296,916	-0,769
296,931	-0,753
296,946	-1,299
296,961	-1,428
296,976	-0,790
296,991	-1,300
297,006	-0,798
297,021	-0,370
297,036	-0,871
297,051	-0,584
297,066	-1,531
297,081	-0,722
297,096	-0,631
297,111	-0,479
297,126	-0,548
297,141	-0,988
297,156	-1,188
297,171	-0,550
297,186	-1,236
297,201	-0,282
297,216	-0,823
297,231	-1,067
297,246	-0,855
297,261	-1,541
297,276	-0,487
297,291	-0,807
297,306	-0,475
297,321	-0,363
297,336	-0,658
297,351	-0,757
297,366	-0,611
297,381	-1,011
297,396	-0,132
297,411	-0,407
297,426	-0,722
297,441	-1,107
297,456	-0,654
297,471	-0,578
297,486	-0,120
297,501	-0,656
297,516	-0,359
297,531	-0,278
297,546	-1,260
297,561	-0,401
297,576	0,006
297,591	0,103
297,606	-0,142
297,621	-0,923
297,636	-0,706
297,651	-0,986
297,666	-0,288
297,681	-0,001
297,696	-0,180
297,711	-0,861
297,726	-0,233
297,741	-1,160
297,756	-0,016
297,771	0,166
297,786	0,177
297,801	0,314
297,816	-0,066
297,831	-0,221
297,846	0,412
297,861	-0,213
297,876	0,349
297,891	0,451
297,906	-0,601
297,921	0,242
297,937	-0,434
297,952	0,545
297,966	0,466
297,981	0,879
297,997	0,574
298,012	0,149
298,026	-0,121
298,041	0,632
298,057	0,247
298,072	0,800
298,087	0,796
298,102	-0,431
298,116	0,688
298,132	-0,379
298,147	0,665
298,162	0,922
298,177	0,758
298,192	0,719
298,207	0,369
298,222	0,149
298,237	0,938
298,252	-0,105
298,267	1,301
298,282	1,367
298,297	-0,056
298,312	0,467
298,327	0,107
298,342	0,850
298,357	1,378
298,372	1,805
298,387	1,661
298,402	1,426
298,417	0,600
298,432	1,819
298,447	1,003
298,462	2,057
298,477	1,151
298,492	1,332
298,507	1,268
298,522	1,485
298,537	2,158
298,552	2,721
298,567	3,003
298,582	2,924
298,597	3,010
298,612	2,174
298,627	3,389
298,642	4,192
298,657	4,359
298,672	5,303
298,687	4,812
298,702	6,097
298,717	7,322
298,732	9,093
298,747	12,118
298,762	14,667
298,777	17,025
298,792	21,625
298,807	24,304
298,822	30,333
298,837	34,602
298,852	40,606
298,867	46,254
298,882	52,383
298,897	57,861
298,912	64,913
298,927	70,736
298,942	78,325
298,957	85,006
298,972	91,396
298,987	98,795
299,002	104,859
299,017	111,866
299,032	118,632
299,047	123,729
299,062	128,669
299,077	131,068
299,092	133,742
299,107	136,311
299,122	135,469
299,137	135,756
299,152	133,219
299,167	130,523
299,182	127,881
299,197	124,321
299,212	121,333
299,227	117,924
299,242	114,355
299,257	110,775
299,272	106,198
299,287	102,979
299,302	100,413
299,317	95,985
299,332	93,404
299,347	90,421
299,362	86,716
299,377	83,347
299,392	80,174
299,407	78,079
299,422	75,261
299,437	71,922
299,452	70,018
299,467	67,045
299,482	64,268
299,497	62,433
299,512	60,338
299,527	57,877
299,542	55,702
299,557	53,030
299,572	51,055
299,587	49,211
299,602	47,627
299,617	46,465
299,632	44,525
299,647	43,232
299,662	41,513
299,677	39,473
299,692	38,286
299,707	37,384
299,722	36,011
299,737	34,733
299,752	32,713
299,767	31,501
299,782	29,978
299,797	29,176
299,812	28,781
299,827	28,175
299,842	25,875
299,857	25,469
299,872	23,921
299,887	23,706
299,902	23,346
299,917	22,530
299,933	21,879
299,947	20,712
299,962	19,319
299,978	19,551
299,993	18,353
300,007	18,625
300,022	17,864
300,038	16,651
300,053	16,983
300,067	15,425
300,083	15,130
300,098	15,186
300,113	14,039
300,128	14,171
300,143	13,730
300,158	12,613
300,173	12,810
300,188	11,693
300,203	12,195
300,218	10,777
300,233	10,257
300,248	10,995
300,263	9,587
300,278	9,959
300,293	10,111
300,308	9,274
300,323	9,591
300,338	9,226
300,353	8,239
300,368	7,563
300,383	7,715
300,398	8,047
300,413	7,401
300,428	7,111
300,443	6,897
300,458	6,196
300,473	6,378
300,488	6,890
300,503	6,821
300,518	6,266
300,533	5,991
300,548	5,380
300,563	5,672
300,578	5,964
300,593	5,840
300,608	5,706
300,623	4,809
300,638	4,504
300,653	4,590
300,668	4,210
300,683	4,823
300,698	4,769
300,713	4,876
300,728	4,205
300,743	3,449
300,758	4,257
300,773	4,248
300,788	4,054
300,803	4,271
300,818	3,434
300,833	3,089
300,848	2,659
300,863	3,081
300,878	3,664
300,893	3,776
300,908	2,814
300,923	3,637
300,938	2,625
300,953	2,897
300,968	3,269
300,983	2,975
300,998	3,136
301,013	2,390
301,028	3,219
301,043	2,799
301,058	2,113
301,073	2,771
301,088	2,972
301,103	1,790
301,118	2,278
301,133	2,068
301,148	2,470
301,163	2,637
301,178	1,931
301,193	2,674
301,208	1,903
301,223	1,548
301,238	2,221
301,253	1,390
301,268	2,058
301,283	2,360
301,298	1,534
301,313	2,262
301,328	0,944
301,343	1,677
301,358	1,934
301,373	2,011
301,388	1,992
301,403	1,306
301,418	1,849
301,433	1,714
301,448	0,808
301,463	1,726
301,478	1,657
301,493	1,157
301,508	0,767
301,523	0,978
301,538	0,869
301,553	1,547
301,568	1,549
301,583	1,585
301,598	1,486
301,613	0,614
301,628	1,242
301,643	1,459
301,658	1,079
301,673	1,536
301,688	0,755
301,703	0,200
301,718	0,883
301,733	0,748
301,748	1,321
301,763	1,272
301,778	0,205
301,793	0,712
301,808	0,132
301,823	0,469
301,838	1,132
301,853	1,228
301,868	1,164
301,884	0,504
301,898	0,279
301,913	0,190
301,928	0,196
301,943	1,160
301,959	-0,178
301,974	0,901
301,988	0,947
302,003	-0,130
302,019	0,664
302,034	1,187
302,048	0,912
302,063	0,898
302,079	0,769
302,094	0,022
302,109	0,821
302,124	0,195
302,139	0,783
302,154	0,819
302,169	-0,178
302,184	1,047
302,199	-0,271
302,214	-0,054
302,229	0,810
302,244	0,324
302,259	0,717
302,274	0,031
302,289	-0,259
302,304	0,564
302,319	-0,076
302,334	0,547
302,349	0,723
302,364	-0,038
302,379	-0,594
302,394	0,019
302,409	0,427
302,424	0,729
302,439	0,399
302,454	0,555
302,469	0,371
302,484	-0,526
302,499	0,223
302,514	-0,829
302,529	0,105
302,544	-0,451
302,559	0,072
302,574	-0,940
302,589	-0,167
302,604	0,536
302,619	0,658
302,634	0,544
302,649	0,359
302,664	0,365
302,679	-0,426
302,694	0,247
302,709	0,283
302,724	0,385
302,739	-0,221
302,754	-0,029
302,769	-0,239
302,784	-0,549
302,799	-0,598
302,814	0,482
302,829	0,558
302,844	-0,113
302,859	0,781
302,874	-0,512
302,889	0,447
302,904	0,408
302,919	0,269
302,934	0,415
302,949	0,527
302,964	-0,616
302,979	0,103
302,994	-0,317
303,009	0,260
303,024	0,397
303,039	-0,364
303,054	0,419
303,069	-0,608
303,084	-0,145
303,099	0,217
303,114	-0,118
303,129	0,349
303,144	0,084
303,159	-1,028
303,174	0,092
303,189	-0,785
303,204	0,219
303,219	0,471
303,234	-0,410
303,249	0,258
303,264	-0,589
303,279	-0,367
303,294	0,437
303,309	0,603
303,324	0,298
303,339	-0,047
303,354	-0,612
303,369	0,006
303,384	-0,480
303,399	0,309
303,414	0,145
303,429	-0,406
303,444	-0,555
303,459	-0,835
303,474	-0,252
303,489	0,210
303,504	0,211
303,519	0,518
303,534	-0,067
303,549	-0,533
303,564	0,366
303,579	-0,450
303,594	0,384
303,609	0,440
303,624	-0,472
303,639	-0,516
303,654	-0,876
303,669	0,073
303,684	0,325
303,699	0,416
303,714	0,357
303,729	-0,253
303,744	-0,874
303,759	0,295
303,774	0,266
303,789	0,097
303,804	0,369
303,819	-0,006
303,834	-0,361
303,849	-0,330
303,864	-1,016
303,879	0,269
303,894	0,366
303,909	0,151
303,925	-0,199
303,940	-0,785
303,954	-0,407
303,969	0,336
303,985	0,026
304,000	0,458
304,014	-0,318
304,029	-0,668
304,045	0,477
304,060	-0,916
304,075	0,359
304,089	0,294
304,105	-0,396
304,120	0,252
304,135	-0,534
304,150	0,469
304,165	0,190
304,180	0,236
304,195	0,332
304,210	-0,108
304,225	-0,453
304,240	0,451
304,255	-0,982
304,270	0,097
304,285	0,239
304,300	-0,437
304,315	0,381
304,330	-0,475
304,345	-0,584
304,360	0,310
304,375	0,541
304,390	0,522
304,405	-1,067
304,420	-0,388
304,435	0,069
304,450	-0,226
304,465	0,342
304,480	0,288
304,495	-0,343
304,510	-0,437
304,525	-0,110
304,540	-0,074
304,555	0,459
304,570	0,295
304,585	0,336
304,600	-0,079
304,615	-0,514
304,630	0,154
304,645	0,701
304,660	0,256
304,675	0,222
304,690	-0,078
304,705	-0,257
304,720	-0,356
304,735	0,477
304,750	0,253
304,765	0,615
304,780	0,636
304,795	-0,025
304,810	-0,636
304,825	-0,088
304,840	0,535
304,855	0,250
304,870	0,818
304,885	0,047
304,900	-0,243
304,915	-0,181
304,930	-0,446
304,945	0,543
304,960	0,655
304,975	-0,317
304,990	0,576
305,005	-0,471
305,020	-0,329
305,035	0,635
305,050	0,039
305,065	0,572
305,080	0,347
305,095	-0,228
305,110	0,701
305,125	-0,005
305,140	0,753
305,155	0,674
305,170	0,093
305,185	0,671
305,200	-0,496
305,215	-0,049
305,230	0,699
305,245	0,961
305,260	0,807
305,275	0,301
305,290	-0,374
305,305	0,439
305,320	-0,503
305,335	0,873
305,350	0,844
305,365	-0,108
305,380	0,650
305,395	0,320
305,410	0,713
305,425	0,694
305,440	0,630
305,455	0,816
305,470	0,827
305,485	-0,450
305,500	0,779
305,515	0,068
305,530	0,701
305,545	0,617
305,560	0,398
305,575	0,013
305,590	0,495
305,605	0,090
305,620	0,878
305,635	0,925
305,650	0,755
305,665	1,112
305,680	-0,331
305,695	0,984
305,710	0,770
305,725	0,936
305,740	0,953
305,755	0,543
305,770	-0,144
305,785	0,620
305,800	0,265
305,815	0,838
305,830	1,009
305,845	1,066
305,860	1,192
305,875	0,150
305,890	0,266
305,906	1,100
305,921	0,921
305,935	1,002
305,950	0,381
305,966	-0,219
305,981	0,414
305,995	0,119
306,010	1,023
306,026	1,209
306,041	0,207
306,055	0,885
306,070	0,169
306,086	0,426
306,101	0,894
306,116	0,268
306,131	1,031
306,146	0,792
306,161	-0,220
306,176	0,779
306,191	-0,358
306,206	1,132
306,221	1,093
306,236	-0,150
306,251	0,795
306,266	0,465
306,281	0,210
306,296	0,928
306,311	1,075
306,326	1,041
306,341	-0,021
306,356	-0,166
306,371	0,583
306,386	0,343
306,401	1,247
306,416	1,218
306,431	0,652
306,446	0,884
306,461	0,379
306,476	0,555
306,491	1,254
306,506	1,194
306,521	1,170
306,536	0,800
306,551	0,019
306,566	0,467
306,581	0,367
306,596	1,452
306,611	1,348
306,626	0,712
306,641	0,256
306,656	0,604
306,671	0,800
306,686	1,443
306,701	0,988
306,716	1,536
306,731	0,193
306,746	0,755
306,761	0,712
306,776	1,179
306,791	0,955
306,806	1,352
306,821	0,781
306,836	0,527
306,851	0,999
306,866	0,514
306,881	1,367
306,896	1,539
306,911	1,089
306,926	1,486
306,941	0,484
306,956	1,278
306,971	1,399
306,986	1,265
307,001	1,542
307,016	1,222
307,031	0,611
307,046	0,708
307,061	0,684
307,076	1,432
307,091	1,373
307,106	0,822
307,121	1,601
307,136	0,233
307,151	0,851
307,166	1,694
307,181	1,374
307,196	1,636
307,211	0,810
307,226	0,475
307,241	1,569
307,256	0,793
307,271	1,301
307,286	1,874
307,301	0,721
307,316	1,600
307,331	0,618
307,346	0,990
307,361	1,663
307,376	1,805
307,391	1,761
307,406	1,827
307,421	0,906
307,436	1,674
307,451	0,632
307,466	1,601
307,481	1,963
307,496	1,006
307,511	1,223
307,526	1,189
307,541	0,985
307,556	1,908
307,571	1,308
307,586	1,896
307,601	1,094
307,616	0,629
307,631	1,011
307,646	0,496
307,661	1,686
307,676	2,118
307,691	1,583
307,706	1,188
307,721	1,474
307,736	1,295
307,751	2,083
307,766	2,054
307,781	2,030
307,796	2,037
307,811	1,014
307,826	1,763
307,841	1,975
307,856	1,900
307,871	2,047
307,886	1,647
307,901	0,790
307,916	1,433
307,932	1,359
307,947	2,273
307,962	2,064
307,976	1,668
307,991	1,955
308,007	1,440
308,022	1,376
308,036	2,260
308,051	1,433
308,067	2,272
308,082	1,055
308,097	1,001
308,111	1,799
308,127	0,918
308,142	2,107
308,157	2,148
308,172	1,728
308,187	2,271
308,202	1,169
308,217	1,651
308,232	2,309
308,247	2,386
308,262	2,422
308,277	2,368
308,292	1,251
308,307	2,360
308,322	1,062
308,337	2,457
308,352	2,298
308,367	1,978
308,382	2,280
308,397	1,464
308,412	1,560
308,427	2,278
308,442	2,405
308,457	2,501
308,472	2,237
308,487	1,641
308,502	1,622
308,517	1,227
308,532	2,522
308,547	2,202
308,562	2,193
308,577	1,587
308,592	2,210
308,607	1,926
308,622	2,443
308,637	2,610
308,652	2,626
308,667	1,825
308,682	1,716
308,697	1,927
308,712	1,687
308,727	2,621
308,742	2,773
308,757	2,052
308,772	1,883
308,787	1,608
308,802	1,739
308,817	2,493
308,832	2,925
308,847	2,846
308,862	2,817
308,877	1,559
308,892	2,318
308,907	2,780
308,922	2,576
308,937	2,707
308,952	2,548
308,967	1,586
308,982	2,209
308,997	1,884
309,012	2,773
309,027	2,839
309,042	2,163
309,057	2,736
309,072	1,649
309,087	2,157
309,102	2,865
309,117	2,505
309,132	3,027
309,147	2,662
309,162	1,871
309,177	2,690
309,192	1,603
309,207	3,038
309,222	3,009
309,237	2,258
309,252	3,222
309,267	2,566
309,282	2,301
309,297	3,115
309,312	2,675
309,327	3,022
309,342	2,230
309,357	2,166
309,372	2,920
309,387	2,515
309,402	3,158
309,417	3,520
309,432	2,733
309,447	2,935
309,462	3,002
309,477	2,792
309,492	2,948
309,507	3,200
309,522	3,277
309,537	2,822
309,552	2,060
309,567	2,829
309,582	2,017
309,597	3,242
309,612	3,549
309,627	2,989
309,642	2,473
309,657	2,620
309,672	2,215
309,687	3,219
309,702	3,430
309,717	3,442
309,732	3,187
309,747	2,626
309,762	3,254
309,777	3,331
309,792	3,236
309,807	3,488
309,822	2,968
309,837	2,257
309,852	2,925
309,867	2,625
309,882	3,725
309,897	3,119
309,912	3,647
309,928	3,306
309,942	2,871
309,957	3,404
309,973	3,360
309,988	3,476
310,002	3,538
310,017	3,088
310,033	2,622
310,048	2,964
310,062	2,830
310,077	3,784
310,093	4,026
310,108	3,109
310,123	3,918
310,138	2,866
310,153	3,022
310,168	3,765
310,183	3,105
310,198	3,973
310,213	3,914
310,228	2,837
310,243	3,666
310,258	2,955
310,273	3,874
310,288	3,985
310,303	3,379
310,318	3,997
310,333	3,101
310,348	3,814
310,363	3,855
310,378	3,711
310,393	4,153
310,408	3,964
310,423	2,846
310,438	3,911
310,453	3,325
310,468	4,043
310,483	4,004
310,498	4,171
310,513	4,027
310,528	3,285
310,543	3,387
310,558	4,150
310,573	4,111
310,588	4,278
310,603	4,304
310,618	3,207
310,633	3,840
310,648	2,943
310,663	3,802
310,678	4,420
310,693	3,985
310,708	3,554
310,723	3,982
310,738	4,269
310,753	4,069
310,768	4,266
310,783	4,357
310,798	4,554
310,813	3,492
310,828	4,180
310,843	4,447
310,858	3,475
310,873	4,565
310,888	3,628
310,903	3,704
310,918	3,961
310,933	3,591
310,948	4,309
310,963	4,416
310,978	4,241
310,993	4,488
311,008	3,948
311,023	3,593
311,038	4,512
311,053	3,996
311,068	4,338
311,083	4,515
311,098	3,683
311,113	3,985
311,128	4,543
311,143	4,474
311,158	4,631
311,173	3,834
311,188	4,573
311,203	3,546
311,218	3,236
311,233	4,441
311,248	4,517
311,263	4,498
311,278	4,419
311,293	3,357
311,308	4,301
311,323	3,875
311,338	4,584
311,353	4,610
311,368	4,416
311,383	4,703
311,398	3,630
311,413	3,897
311,428	4,781
311,443	4,697
311,458	4,773
311,473	4,779
311,488	3,903
311,503	4,009
311,518	3,439
311,533	4,723
311,548	4,915
311,563	4,119
311,578	4,772
311,593	4,367
311,608	3,490
311,623	4,825
311,638	5,012
311,653	4,797
311,668	4,733
311,683	4,052
311,698	4,119
311,713	3,799
311,728	4,698
311,743	4,313
311,758	4,143
311,773	3,518
311,788	4,206
311,803	3,590
311,818	4,870
311,833	5,032
311,848	4,722
311,863	5,074
311,878	3,851
311,893	4,665
311,908	5,067
311,923	4,125
311,938	5,205
311,954	3,942
311,969	3,913
311,983	4,125
311,998	3,985
312,014	4,894
312,029	5,061
312,043	4,510
312,058	5,213
312,074	4,096
312,089	4,689
312,103	5,031
312,119	4,681
312,134	5,064
312,149	4,654
312,164	4,013
312,179	4,967
312,194	4,446
312,209	5,044
312,224	4,594
312,239	4,625
312,254	5,253
312,269	5,013
312,284	5,150
312,299	5,261
312,314	5,357
312,329	5,439
312,344	5,455
312,359	4,137
312,374	4,796
312,389	4,596
312,404	5,429
312,419	5,340
312,434	5,060
312,449	5,282
312,464	4,652
312,479	4,402
312,494	5,200
312,509	5,377
312,524	5,559
312,539	5,530
312,554	4,247
312,569	5,126
312,584	5,468
312,599	4,827
312,614	5,480
312,629	4,483
312,644	4,223
312,659	5,338
312,674	4,938
312,689	5,245
312,704	5,627
312,719	4,585
312,734	5,860
312,749	5,089
312,764	5,115
312,779	6,014
312,794	5,077
312,809	5,489
312,824	5,736
312,839	4,925
312,854	4,996
312,869	4,440
312,884	5,836
312,899	5,782
312,914	5,277
312,929	5,789
312,944	4,787
312,959	5,039
312,974	5,968
312,989	5,357
313,004	5,770
313,019	5,831
313,034	5,160
313,049	5,131
313,064	4,916
313,079	5,785
313,094	5,470
313,109	5,757
313,124	5,984
313,139	5,243
313,154	5,189
313,169	6,123
313,184	5,938
313,199	6,085
313,214	6,061
313,229	5,350
313,244	5,331
313,259	4,891
313,274	5,458
313,289	6,237
313,304	5,676
313,319	4,975
313,334	5,563
313,349	5,324
313,364	6,187
313,379	6,289
313,394	6,144
313,409	5,744
313,424	5,449
313,439	5,195
313,454	6,284
313,469	5,403
313,484	5,549
313,499	6,277
313,514	5,877
313,529	5,146
313,544	6,270
313,559	5,534
313,574	6,233
313,589	6,304
313,604	6,054
313,619	6,276
313,634	5,816
313,649	5,722
313,664	6,475
313,679	6,346
313,694	6,878
313,709	6,599
313,724	5,817
313,739	6,120
313,754	5,930
313,769	6,463
313,784	6,534
313,799	5,647
313,814	5,488
313,829	5,740
313,844	5,876
313,859	6,780
313,875	6,400
313,889	6,878
313,904	6,412
313,920	5,671
313,935	6,710
313,950	5,663
313,964	6,236
313,979	6,859
313,995	6,715
314,010	5,502
314,024	6,386
314,039	6,197
314,055	6,955
314,070	6,841
314,084	6,872
314,099	6,577
314,115	6,473
314,130	6,238
314,145	7,047
314,160	6,752
314,175	7,014
314,190	6,990
314,205	5,813
314,220	7,007
314,235	6,316
314,250	6,954
314,265	6,900
314,280	6,515
314,295	7,138
314,310	6,302
314,325	7,271
314,340	7,071
314,355	7,017
314,370	7,264
314,385	6,427
314,400	6,353
314,415	7,002
314,430	5,859
314,445	7,074
314,460	7,266
314,475	6,795
314,490	6,932
314,505	6,477
314,520	6,513
314,535	7,346
314,550	6,656
314,565	7,384
314,580	6,934
314,595	6,243
314,610	6,585
314,625	6,736
314,640	7,204
314,655	7,566
314,670	6,584
314,685	7,362
314,700	6,621
314,715	6,607
314,730	7,301
314,745	7,497
314,760	7,423
314,775	7,705
314,790	6,603
314,805	7,567
314,820	6,314
314,835	7,519
314,850	7,520
314,865	7,185
314,880	6,484
314,895	6,626
314,910	6,767
314,925	7,922
314,940	7,833
314,955	7,673
314,970	7,820
314,985	6,682
315,000	7,897
315,011	7,123
315,026	7,089
315,041	6,885
315,056	7,808
315,071	7,208
315,086	7,796
315,101	6,994
315,116	6,529
315,131	6,911
315,146	6,396
315,161	7,586
315,176	8,018
315,191	7,483
315,206	7,088
315,221	7,374
315,236	7,195
315,251	7,983
315,266	7,954
315,281	7,930
315,296	7,937
315,311	6,914
315,326	7,663
315,341	7,875
315,356	7,800
315,371	7,947
315,386	7,547
315,401	6,690
315,416	7,333
315,432	7,259
315,447	8,173
315,462	7,964
315,476	7,568
315,491	7,855
315,507	7,340
315,522	7,276
315,536	8,160
315,551	7,333
315,567	8,172
315,582	6,955
315,597	6,901
315,611	7,699
315,627	6,818
315,642	8,007
315,657	8,048
315,672	7,628
315,687	8,171
315,702	7,069
315,717	7,551
315,732	8,209
315,747	8,286
315,762	8,322
315,777	8,268
315,792	7,151
315,807	8,260
315,822	6,962
315,837	8,357
315,852	8,198
315,867	7,878
315,882	8,180
315,897	7,364
315,912	7,460
315,927	8,178
315,942	8,305
315,957	8,401
315,972	8,137
315,987	7,541
316,002	7,522
316,017	7,127
316,032	8,422
316,047	8,102
316,062	8,093
316,077	7,487
316,092	8,110
316,107	7,826
316,122	8,343
316,137	8,510
316,152	8,526
316,167	7,725
316,182	7,616
316,197	7,827
316,212	7,587
316,227	8,521
316,242	8,673
316,257	7,952
316,272	7,783
316,287	7,508
316,302	7,639
316,317	8,393
316,332	8,825
316,347	8,746
316,362	8,717
316,377	7,459
316,392	8,218
316,407	8,680
316,422	8,476
316,437	8,607
316,452	8,448
316,467	7,486
316,482	8,109
316,497	7,784
316,512	8,673
316,527	8,739
316,542	8,063
316,557	8,636
316,572	7,549
316,587	8,057
316,602	8,765
316,617	8,405
316,632	8,927
316,647	8,562
316,662	7,771
316,677	8,590
316,692	7,503
316,707	8,938
316,722	8,909
316,737	8,158
316,752	9,122
316,767	8,466
316,782	8,201
316,797	9,015
316,812	8,575
316,827	8,922
316,842	8,130
316,857	8,066
316,872	8,820
316,887	8,415
316,902	9,058
316,917	9,420
316,932	8,633
316,947	8,835
316,962	8,902
316,977	8,692
316,992	8,848
317,007	9,100
317,022	9,177
317,037	8,722
317,052	7,960
317,067	8,729
317,082	7,917
317,097	9,142
317,112	9,449
317,127	8,889
317,142	8,373
317,157	8,520
317,172	8,115
317,187	9,119
317,202	9,330
317,217	9,342
317,232	9,087
317,247	8,526
317,262	9,154
317,277	9,231
317,292	9,136
317,307	9,388
317,322	8,868
317,337	8,157
317,352	8,825
317,367	8,525
317,382	9,625
317,397	9,019
317,412	9,547
317,428	9,206
317,442	8,771
317,457	9,304
317,473	9,260
317,488	9,376
317,502	9,438
317,517	8,988
317,533	8,522
317,548	8,864
317,562	8,730
317,577	9,684
317,593	9,926
317,608	9,009
317,623	9,818
317,638	8,766
317,653	8,922
317,668	9,665
317,683	9,005
317,698	9,873
317,713	9,814
317,728	8,737
317,743	9,566
317,758	8,855
317,773	9,774
317,788	9,885
317,803	9,279
317,818	9,897
317,833	9,001
317,848	9,714
317,863	9,755
317,878	9,611
317,893	10,053
317,908	9,864
317,923	8,746
317,938	9,811
317,953	9,225
317,968	9,943
317,983	9,904
317,998	10,071
318,013	9,927
318,028	9,185
318,043	9,287
318,058	10,050
318,073	10,011
318,088	10,178
318,103	10,204
318,118	9,107
318,133	9,740
318,148	8,843
318,163	9,702
318,178	10,320
318,193	9,885
318,208	9,454
318,223	9,882
318,238	10,169
318,253	9,969
318,268	10,166
318,283	10,257
318,298	10,454
318,313	9,392
318,328	10,080
318,343	10,347
318,358	9,375
318,373	10,465
318,388	9,528
318,403	9,604
318,418	9,861
318,433	9,491
318,448	10,209
318,463	10,316
318,478	10,141
318,493	10,388
318,508	9,848
318,523	9,493
318,538	10,412
318,553	9,896
318,568	10,238
318,583	10,415
318,598	9,583
318,613	9,885
318,628	10,443
318,643	10,374
318,658	10,531
318,673	9,734
318,688	10,473
318,703	9,446
318,718	9,136
318,733	10,341
318,748	10,417
318,763	10,398
318,778	10,319
318,793	9,257
318,808	10,201
318,823	9,775
318,838	10,484
318,853	10,510
318,868	10,316
318,883	10,603
318,898	9,530
318,913	9,797
318,928	10,681
318,943	10,597
318,958	10,673
318,973	10,679
318,988	9,803
319,003	9,909
319,018	9,339
319,033	10,623
319,048	10,815
319,063	10,019
319,078	10,672
319,093	10,267
319,108	9,390
319,123	10,725
319,138	10,912
319,153	10,697
319,168	10,633
319,183	9,952
319,198	10,019
319,213	9,699
319,228	10,598
319,243	10,213
319,258	10,043
319,273	9,418
319,288	10,106
319,303	9,490
319,318	10,770
319,333	10,932
319,348	10,622
319,363	10,974
319,378	9,751
319,393	10,565
319,408	10,967
319,423	10,025
319,438	11,105
319,454	9,842
319,469	9,813
319,483	10,025
319,498	9,885
319,514	10,794
319,529	10,961
319,543	10,410
319,558	11,113
319,574	9,996
319,589	10,589
319,603	10,931
319,619	10,581
319,634	10,964
319,649	10,554
319,664	9,913
319,679	10,867
319,694	10,346
319,709	10,944
319,724	10,494
319,739	10,525
319,754	11,153
319,769	10,913
319,784	11,050
319,799	11,161
319,814	11,257
319,829	11,339
319,844	11,355
319,859	10,037
319,874	10,696
319,889	10,496
319,904	11,329
319,919	11,240
319,934	10,960
319,949	11,182
319,964	10,552
319,979	10,302
319,994	11,100
320,009	11,277
320,024	11,459
320,039	11,430
320,054	10,147
320,069	11,026
320,084	11,368
320,099	10,727
320,114	11,380
320,129	10,383
320,144	10,123
320,159	11,238
320,174	10,838
320,189	11,145
320,204	11,527
320,219	10,485
320,234	11,760
320,249	10,989
320,264	11,015
320,279	11,914
320,294	10,977
320,309	11,389
320,324	11,636
320,339	10,825
320,354	10,896
320,369	10,340
320,384	11,736
320,399	11,682
320,414	11,177
320,429	11,689
320,444	10,687
320,459	10,939
320,474	11,868
320,489	11,257
320,504	11,670
320,519	11,731
320,534	11,060
320,549	11,031
320,564	10,816
320,579	11,685
320,594	11,370
320,609	11,657
320,624	11,884
320,639	11,143
320,654	11,089
320,669	12,023
320,684	11,838
320,699	11,985
320,714	11,961
320,729	11,250
320,744	11,231
320,759	10,791
320,774	11,358
320,789	12,137
320,804	11,576
320,819	10,875
320,834	11,463
320,849	11,224
320,864	12,087
320,879	12,189
320,894	12,044
320,909	11,644
320,924	11,349
320,939	11,095
320,954	12,184
320,969	11,303
320,984	11,449
320,999	12,177
321,014	11,777
321,029	11,046
321,044	12,170
321,059	11,434
321,074	12,133
321,089	12,204
321,104	11,954
321,119	12,176
321,134	11,716
321,149	11,622
321,164	12,375
321,179	12,246
321,194	12,778
321,209	12,499
321,224	11,717
321,239	12,020
321,254	11,830
321,269	12,363
321,284	12,434
321,299	11,547
321,314	11,388
321,329	11,640
321,344	11,776
321,359	12,680
321,375	12,300
321,389	12,778
321,404	12,312
321,420	11,571
321,435	12,610
321,450	11,563
321,464	12,136
321,479	12,759
321,495	12,615
321,510	11,402
321,524	12,286
321,539	12,097
321,555	12,855
321,570	12,741
321,584	12,772
321,599	12,477
321,615	12,373
321,630	12,138
321,645	12,947
321,660	12,652
321,675	12,914
321,690	12,890
321,705	11,713
321,720	12,907
321,735	12,216
321,750	12,854
321,765	12,800
321,780	12,415
321,795	13,038
321,810	12,202
321,825	13,171
321,840	12,971
321,855	12,917
321,870	13,164
321,885	12,327
321,900	12,253
321,915	12,902
321,930	11,759
321,945	12,974
321,960	13,166
321,975	12,695
321,990	12,832
322,005	12,377
322,020	12,413
322,035	13,246
322,050	12,556
322,065	13,284
322,080	12,834
322,095	12,143
322,110	12,485
322,125	12,636
322,140	13,104
322,155	13,466
322,170	12,484
322,185	13,262
322,200	12,521
322,215	12,507
322,230	13,201
322,245	13,397
322,260	13,323
322,275	13,605
322,290	12,503
322,305	13,467
322,320	12,214
322,335	13,419
322,350	13,420
322,365	13,085
322,380	12,384
322,395	12,526
322,410	12,667
322,425	13,822
322,440	13,733
322,455	13,573
322,470	13,720
322,485	12,582
322,500	13,797
322,511	13,123
322,526	13,089
322,541	12,885
322,556	13,808
322,571	13,208
322,586	13,796
322,601	12,994
322,616	12,529
322,631	12,911
322,646	12,396
322,661	13,586
322,676	14,018
322,691	13,483
322,706	13,088
322,721	13,374
322,736	13,195
322,751	13,983
322,766	13,954
322,781	13,930
322,796	13,937
322,811	12,914
322,826	13,663
322,841	13,875
322,856	13,800
322,871	13,947
322,886	13,547
322,901	12,690
322,916	13,333
322,932	13,259
322,947	14,173
322,962	13,964
322,976	13,568
322,991	13,855
323,007	13,340
323,022	13,276
323,036	14,160
323,051	13,333
323,067	14,172
323,082	12,955
323,097	12,901
323,111	13,699
323,127	12,818
323,142	14,007
323,157	14,048
323,172	13,628
323,187	14,171
323,202	13,069
323,217	13,551
323,232	14,209
323,247	14,286
323,262	14,322
323,277	14,268
323,292	13,151
323,307	14,260
323,322	12,962
323,337	14,357
323,352	14,198
323,367	13,878
323,382	14,180
323,397	13,364
323,412	13,460
323,427	14,178
323,442	14,305
323,457	14,401
323,472	14,137
323,487	13,541
323,502	13,522
323,517	13,127
323,532	14,422
323,547	14,102
323,562	14,093
323,577	13,487
323,592	14,110
323,607	13,826
323,622	14,343
323,637	14,510
323,652	14,526
323,667	13,725
323,682	13,616
323,697	13,827
323,712	13,587
323,727	14,521
323,742	14,673
323,757	13,952
323,772	13,783
323,787	13,508
323,802	13,639
323,817	14,393
323,832	14,825
323,847	14,746
323,862	14,717
323,877	13,459
323,892	14,218
323,907	14,680
323,922	14,476
323,937	14,607
323,952	14,448
323,967	13,486
323,982	14,109
323,997	13,784
324,012	14,673
324,027	14,739
324,042	14,063
324,057	14,636
324,072	13,549
324,087	14,057
324,102	14,765
324,117	14,405
324,132	14,927
324,147	14,562
324,162	13,771
324,177	14,590
324,192	13,503
324,207	14,938
324,222	14,909
324,237	14,158
324,252	15,122
324,267	14,466
324,282	14,201
324,297	15,015
324,312	14,575
324,327	14,922
324,342	14,130
324,357	14,066
324,372	14,820
324,387	14,415
324,402	15,058
324,417	15,420
324,432	14,633
324,447	14,835
324,462	14,902
324,477	14,692
324,492	14,848
324,507	15,100
324,522	15,177
324,537	14,722
324,552	13,960
324,567	14,729
324,582	13,917
324,597	15,142
324,612	15,449
324,627	14,889
324,642	14,373
324,657	14,520
324,672	14,115
324,687	15,119
324,702	15,330
324,717	15,342
324,732	15,087
324,747	14,526
324,762	15,154
324,777	15,231
324,792	15,136
324,807	15,388
324,822	14,868
324,837	14,157
324,852	14,825
324,867	14,525
324,882	15,625
324,897	15,019
324,912	15,547
324,928	15,206
324,942	14,771
324,957	15,304
324,973	15,260
324,988	15,376
325,002	15,438
325,017	14,988
325,033	14,522
325,048	14,864
325,062	14,730
325,077	15,684
325,093	15,926
325,108	15,009
325,123	15,818
325,138	14,766
325,153	14,922
325,168	15,665
325,183	15,005
325,198	15,873
325,213	15,814
325,228	14,737
325,243	15,566
325,258	14,855
325,273	15,774
325,288	15,885
325,303	15,279
325,318	15,897
325,333	15,001
325,348	15,714
325,363	15,755
325,378	15,611
325,393	16,053
325,408	15,864
325,423	14,746
325,438	15,811
325,453	15,225
325,468	15,943
325,483	15,904
325,498	16,071
325,513	15,927
325,528	15,185
325,543	15,287
325,558	16,050
325,573	16,011
325,588	16,178
325,603	16,204
325,618	15,107
325,633	15,740
325,648	14,843
325,663	15,702
325,678	16,320
325,693	15,885
325,708	15,454
325,723	15,882
325,738	16,169
325,753	15,969
325,768	16,166
325,783	16,257
325,798	16,454
325,813	15,392
325,828	16,080
325,843	16,347
325,858	15,375
325,873	16,465
325,888	15,528
325,903	15,604
325,918	15,861
325,933	15,491
325,948	16,209
325,963	16,316
325,978	16,141
325,993	16,388
326,008	15,848
326,023	15,493
326,038	16,412
326,053	15,896
326,068	16,238
326,083	16,415
326,098	15,583
326,113	15,885
326,128	16,443
326,143	16,374
326,158	16,531
326,173	15,734
326,188	16,473
326,203	15,446
326,218	15,136
326,233	16,341
326,248	16,417
326,263	16,398
326,278	16,319
326,293	15,257
326,308	16,201
326,323	15,775
326,338	16,484
326,353	16,510
326,368	16,316
326,383	16,603
326,398	15,530
326,413	15,797
326,428	16,681
326,443	16,597
326,458	16,673
326,473	16,679
326,488	15,803
326,503	15,909
326,518	15,339
326,533	16,623
326,548	16,815
326,563	16,019
326,578	16,672
326,593	16,267
326,608	15,390
326,623	16,725
326,638	16,912
326,653	16,697
326,668	16,633
326,683	15,952
326,698	16,019
326,713	15,699
326,728	16,598
326,743	16,213
326,758	16,043
326,773	15,418
326,788	16,106
326,803	15,490
326,818	16,770
326,833	16,932
326,848	16,622
326,863	16,974
326,878	15,751
326,893	16,565
326,908	16,967
326,923	16,025
326,938	17,105
326,954	15,842
326,969	15,813
326,983	16,025
326,998	15,885
327,014	16,794
327,029	16,961
327,043	16,410
327,058	17,113
327,074	15,996
327,089	16,589
327,103	16,931
327,119	16,581
327,134	16,964
327,149	16,554
327,164	15,913
327,179	16,867
327,194	16,346
327,209	16,944
327,224	16,494
327,239	16,525
327,254	17,153
327,269	16,913
327,284	17,050
327,299	17,161
327,314	17,257
327,329	17,339
327,344	17,355
327,359	16,037
327,374	16,696
327,389	16,496
327,404	17,329
327,419	17,240
327,434	16,960
327,449	17,182
327,464	16,552
327,479	16,302
327,494	17,100
327,509	17,277
327,524	17,459
327,539	17,430
327,554	16,147
327,569	17,026
327,584	17,368
327,599	16,727
327,614	17,380
327,629	16,383
327,644	16,123
327,659	17,238
327,674	16,838
327,689	17,145
327,704	17,527
327,719	16,485
327,734	17,760
327,749	16,989
327,764	17,015
327,779	17,914
327,794	16,977
327,809	17,389
327,824	17,636
327,839	16,825
327,854	16,896
327,869	16,340
327,884	17,736
327,899	17,682
327,914	17,177
327,929	17,689
327,944	16,687
327,959	16,939
327,974	17,868
327,989	17,257
328,004	17,670
328,019	17,731
328,034	17,060
328,049	17,031
328,064	16,816
328,079	17,685
328,094	17,370
328,109	17,657
328,124	17,884
328,139	17,143
328,154	17,089
328,169	18,023
328,184	17,838
328,199	17,985
328,214	17,961
328,229	17,250
328,244	17,231
328,259	16,791
328,274	17,358
328,289	18,137
328,304	17,576
328,319	16,875
328,334	17,463
328,349	17,224
328,364	18,087
328,379	18,189
328,394	18,044
328,409	17,644
328,424	17,349
328,439	17,095
328,454	18,184
328,469	17,303
328,484	17,449
328,499	18,177
328,514	17,777
328,529	17,046
328,544	18,170
328,559	17,434
328,574	18,133
328,589	18,204
328,604	17,954
328,619	18,176
328,634	17,716
328,649	17,622
328,664	18,375
328,679	18,246
328,694	18,778
328,709	18,499
328,724	17,717
328,739	18,020
328,754	17,830
328,769	18,363
328,784	18,434
328,799	17,547
328,814	17,388
328,829	17,640
328,844	17,776
328,859	18,680
328,875	18,300
328,889	18,778
328,904	18,312
328,920	17,571
328,935	18,610
328,950	17,563
328,964	18,136
328,979	18,759
328,995	18,615
329,010	17,402
329,024	18,286
329,039	18,097
329,055	18,855
329,070	18,741
329,084	18,772
329,099	18,477
329,115	18,373
329,130	18,138
329,145	18,947
329,160	18,652
329,175	18,914
329,190	18,890
329,205	17,713
329,220	18,907
329,235	18,216
329,250	18,854
329,265	18,800
329,280	18,415
329,295	19,038
329,310	18,202
329,325	19,171
329,340	18,971
329,355	18,917
329,370	19,164
329,385	18,327
329,400	18,253
329,415	18,902
329,430	17,759
329,445	18,974
329,460	19,166
329,475	18,695
329,490	18,832
329,505	18,377
329,520	18,413
329,535	19,246
329,550	18,556
329,565	19,284
329,580	18,834
329,595	18,143
329,610	18,485
329,625	18,636
329,640	19,104
329,655	19,466
329,670	18,484
329,685	19,262
329,700	18,521
329,715	18,507
329,730	19,201
329,745	19,397
329,760	19,323
329,775	19,605
329,790	18,503
329,805	19,467
329,820	18,214
329,835	19,419
329,850	19,420
329,865	19,085
329,880	18,384
329,895	18,526
329,910	18,667
329,925	19,822
329,940	19,733
329,955	19,573
329,970	19,720
329,985	18,582
330,000	19,797
