285,000	56,082
285,015	56,033
285,030	55,977
285,045	55,920
285,060	55,868
285,075	55,815
285,090	55,760
285,105	55,700
285,120	55,639
285,135	55,574
285,150	55,504
285,165	55,443
285,180	55,381
285,195	55,315
285,210	55,240
285,225	55,168
285,240	55,097
285,255	55,030
285,270	54,963
285,285	54,893
285,300	54,820
285,315	54,740
285,330	54,666
285,345	54,593
285,360	54,516
285,375	54,438
285,390	54,355
285,405	54,267
285,420	54,182
285,435	54,097
285,450	54,015
285,465	53,934
285,480	53,846
285,495	53,761
285,510	53,671
285,525	53,577
285,540	53,490
285,555	53,399
285,570	53,310
285,585	53,220
285,600	53,119
285,615	53,026
285,630	52,925
285,645	52,831
285,660	52,735
285,675	52,636
285,690	52,539
285,705	52,431
285,720	52,328
285,735	52,230
285,750	52,129
285,765	52,030
285,780	51,927
285,795	51,809
285,810	51,697
285,825	51,577
285,840	51,469
285,855	51,367
285,870	51,260
285,885	51,160
285,901	51,045
285,916	50,927
285,930	50,821
285,945	50,717
285,961	50,614
285,976	50,503
285,990	50,389
286,005	50,279
286,021	50,161
286,036	50,052
286,050	49,958
286,065	49,855
286,080	49,758
286,096	49,643
286,111	49,531
286,125	49,439
286,141	49,335
286,156	49,237
286,171	49,143
286,186	49,030
286,201	48,931
286,216	48,818
286,231	48,715
286,246	48,618
286,261	48,514
286,276	48,408
286,291	48,301
286,306	48,186
286,321	48,092
286,336	47,992
286,351	47,895
286,366	47,803
286,381	47,690
286,396	47,582
286,411	47,479
286,426	47,380
286,441	47,291
286,456	47,190
286,471	47,089
286,486	46,986
286,501	46,886
286,516	46,784
286,531	46,685
286,546	46,583
286,561	46,488
286,576	46,382
286,591	46,281
286,606	46,180
286,621	46,086
286,636	45,993
286,651	45,899
286,666	45,802
286,681	45,707
286,696	45,602
286,711	45,506
286,726	45,419
286,741	45,324
286,756	45,235
286,771	45,132
286,786	45,034
286,801	44,938
286,816	44,841
286,831	44,754
286,846	44,656
286,861	44,554
286,876	44,460
286,891	44,359
286,906	44,269
286,921	44,187
286,936	44,096
286,951	44,008
286,966	43,907
286,981	43,805
286,996	43,716
287,011	43,623
287,026	43,534
287,041	43,449
287,056	43,353
287,071	43,253
287,086	43,155
287,101	43,060
287,116	42,981
287,131	42,884
287,146	42,793
287,161	42,696
287,176	42,601
287,191	42,513
287,206	42,421
287,221	42,340
287,236	42,256
287,251	42,155
287,266	42,063
287,281	41,964
287,296	41,870
287,311	41,789
287,326	41,703
287,341	41,613
287,356	41,518
287,371	41,420
287,386	41,336
287,401	41,247
287,416	41,163
287,431	41,078
287,446	40,974
287,461	40,884
287,476	40,796
287,491	40,710
287,506	40,628
287,521	40,539
287,536	40,451
287,551	40,364
287,566	40,271
287,581	40,185
287,596	40,097
287,611	40,014
287,626	39,935
287,641	39,842
287,656	39,745
287,671	39,659
287,686	39,570
287,701	39,495
287,716	39,408
287,731	39,323
287,746	39,231
287,761	39,139
287,776	39,058
287,791	38,987
287,806	38,903
287,821	38,833
287,836	38,735
287,851	38,646
287,866	38,561
287,881	38,477
287,897	38,404
287,911	38,324
287,926	38,232
287,942	38,151
287,957	38,062
287,971	37,980
287,986	37,902
288,002	37,822
288,017	37,741
288,031	37,651
288,046	37,559
288,062	37,486
288,077	37,407
288,092	37,335
288,107	37,246
288,122	37,158
288,137	37,071
288,152	36,979
288,167	36,903
288,182	36,838
288,197	36,757
288,212	36,675
288,227	36,597
288,242	36,511
288,257	36,441
288,272	36,364
288,287	36,292
288,302	36,214
288,317	36,130
288,332	36,051
288,347	35,966
288,362	35,894
288,377	35,824
288,392	35,748
288,407	35,670
288,422	35,592
288,437	35,510
288,452	35,438
288,467	35,363
288,482	35,298
288,497	35,234
288,512	35,149
288,527	35,077
288,542	35,006
288,557	34,931
288,572	34,862
288,587	34,800
288,602	34,733
288,617	34,657
288,632	34,569
288,647	34,507
288,662	34,444
288,677	34,375
288,692	34,311
288,707	34,232
288,722	34,157
288,737	34,089
288,752	34,017
288,767	33,956
288,782	33,882
288,797	33,809
288,812	33,749
288,827	33,675
288,842	33,606
288,857	33,552
288,872	33,486
288,887	33,425
288,902	33,352
288,917	33,284
288,932	33,220
288,947	33,154
288,962	33,100
288,977	33,031
288,992	32,954
289,007	32,894
289,022	32,816
289,037	32,755
289,052	32,702
289,067	32,636
289,082	32,573
289,097	32,499
289,112	32,431
289,127	32,376
289,142	32,316
289,157	32,260
289,172	32,206
289,187	32,136
289,202	32,069
289,217	31,996
289,232	31,936
289,247	31,880
289,262	31,821
289,277	31,758
289,292	31,687
289,307	31,617
289,322	31,558
289,337	31,495
289,352	31,444
289,367	31,390
289,382	31,325
289,397	31,265
289,412	31,204
289,427	31,149
289,442	31,101
289,457	31,038
289,472	30,974
289,487	30,909
289,502	30,855
289,517	30,804
289,532	30,749
289,547	30,706
289,562	30,659
289,577	30,598
289,592	30,542
289,607	30,488
289,622	30,443
289,637	30,400
289,652	30,351
289,667	30,306
289,682	30,244
289,697	30,173
289,712	30,116
289,727	30,063
289,742	30,003
289,757	29,955
289,772	29,890
289,787	29,830
289,802	29,781
289,817	29,733
289,832	29,697
289,847	29,665
289,862	29,629
289,877	29,595
289,892	29,551
289,907	29,525
289,923	29,509
289,937	29,484
289,952	29,464
289,967	29,433
289,983	29,401
289,998	29,376
290,012	29,339
290,027	29,322
290,043	29,291
290,058	29,247
290,072	29,211
290,088	29,169
290,103	29,131
290,118	29,100
290,133	29,066
290,148	29,046
290,163	29,007
290,178	28,970
290,193	28,950
290,208	28,926
290,223	28,911
290,238	28,900
290,253	28,871
290,268	28,849
290,283	28,826
290,298	28,815
290,313	28,813
290,328	28,796
290,343	28,781
290,358	28,764
290,373	28,746
290,388	28,738
290,403	28,713
290,418	28,703
290,433	28,682
290,448	28,655
290,463	28,637
290,478	28,614
290,493	28,593
290,508	28,579
290,523	28,550
290,538	28,526
290,553	28,495
290,568	28,463
290,583	28,438
290,598	28,412
290,613	28,386
290,628	28,364
290,643	28,329
290,658	28,295
290,673	28,266
290,688	28,234
290,703	28,213
290,718	28,182
290,733	28,155
290,748	28,124
290,763	28,089
290,778	28,060
290,793	28,039
290,808	28,005
290,823	27,980
290,838	27,938
290,853	27,896
290,868	27,861
290,883	27,820
290,898	27,787
290,913	27,752
290,928	27,702
290,943	27,662
290,958	27,618
290,973	27,584
290,988	27,558
291,003	27,518
291,018	27,482
291,033	27,432
291,048	27,383
291,063	27,338
291,078	27,300
291,093	27,263
291,108	27,220
291,123	27,165
291,138	27,118
291,153	27,066
291,168	27,023
291,183	26,982
291,198	26,939
291,213	26,910
291,228	26,861
291,243	26,819
291,258	26,783
291,273	26,741
291,288	26,705
291,303	26,661
291,318	26,604
291,333	26,549
291,348	26,489
291,363	26,433
291,378	26,384
291,393	26,317
291,408	26,267
291,423	26,196
291,438	26,125
291,453	26,061
291,468	25,995
291,483	25,933
291,498	25,870
291,513	25,792
291,528	25,723
291,543	25,659
291,558	25,597
291,573	25,544
291,588	25,483
291,603	25,424
291,618	25,364
291,633	25,301
291,648	25,252
291,663	25,198
291,678	25,140
291,693	25,091
291,708	25,027
291,723	24,960
291,738	24,902
291,753	24,836
291,768	24,781
291,783	24,712
291,798	24,640
291,813	24,565
291,828	24,480
291,843	24,408
291,858	24,342
291,873	24,269
291,889	24,197
291,903	24,119
291,918	24,054
291,933	23,992
291,949	23,929
291,964	23,882
291,978	23,836
291,993	23,783
292,000	23,853
292,015	23,801
292,030	23,746
292,045	23,693
292,060	23,634
292,075	23,584
292,090	23,535
292,105	23,480
292,120	23,419
292,135	23,363
292,150	23,297
292,165	23,242
292,180	23,188
292,195	23,132
292,210	23,074
292,225	23,009
292,240	22,942
292,255	22,882
292,270	22,820
292,285	22,758
292,300	22,695
292,315	22,624
292,330	22,552
292,345	22,478
292,360	22,410
292,375	22,343
292,390	22,276
292,405	22,207
292,420	22,130
292,435	22,053
292,450	21,981
292,465	21,908
292,480	21,834
292,495	21,760
292,510	21,676
292,525	21,592
292,540	21,506
292,555	21,427
292,570	21,346
292,585	21,261
292,600	21,180
292,615	21,090
292,630	20,998
292,645	20,915
292,660	20,823
292,675	20,738
292,690	20,654
292,705	20,562
292,720	20,472
292,735	20,374
292,750	20,282
292,765	20,191
292,780	20,089
292,795	20,000
292,810	19,896
292,825	19,792
292,840	19,693
292,855	19,596
292,870	19,507
292,885	19,415
292,901	19,312
292,916	19,214
292,930	19,107
292,945	19,021
292,961	18,937
292,976	18,836
292,990	18,752
293,005	18,654
293,021	18,557
293,036	18,466
293,050	18,371
293,065	18,292
293,080	18,204
293,096	18,102
293,111	18,016
293,125	17,918
293,141	17,828
293,156	17,749
293,171	17,657
293,186	17,570
293,201	17,480
293,216	17,388
293,231	17,297
293,246	17,209
293,261	17,129
293,276	17,045
293,291	16,953
293,306	16,861
293,321	16,772
293,336	16,683
293,351	16,607
293,366	16,515
293,381	16,429
293,396	16,342
293,411	16,251
293,426	16,173
293,441	16,090
293,456	16,015
293,471	15,940
293,486	15,847
293,501	15,766
293,516	15,683
293,531	15,603
293,546	15,529
293,561	15,446
293,576	15,365
293,591	15,279
293,606	15,190
293,621	15,114
293,636	15,039
293,651	14,956
293,666	14,887
293,681	14,802
293,696	14,720
293,711	14,641
293,726	14,559
293,741	14,487
293,756	14,410
293,771	14,322
293,786	14,244
293,801	14,154
293,816	14,075
293,831	14,005
293,846	13,928
293,861	13,860
293,876	13,780
293,891	13,696
293,906	13,619
293,921	13,542
293,936	13,475
293,951	13,399
293,966	13,315
293,981	13,232
293,996	13,151
294,011	13,076
294,026	13,010
294,041	12,940
294,056	12,876
294,071	12,795
294,086	12,723
294,101	12,656
294,116	12,582
294,131	12,518
294,146	12,455
294,161	12,374
294,176	12,311
294,191	12,229
294,206	12,156
294,221	12,090
294,236	12,017
294,251	11,945
294,266	11,872
294,281	11,801
294,296	11,740
294,311	11,672
294,326	11,607
294,341	11,543
294,356	11,466
294,371	11,392
294,386	11,325
294,401	11,255
294,416	11,194
294,431	11,128
294,446	11,064
294,461	10,988
294,476	10,912
294,491	10,857
294,506	10,789
294,521	10,721
294,536	10,662
294,551	10,592
294,566	10,522
294,581	10,458
294,596	10,390
294,611	10,337
294,626	10,268
294,641	10,202
294,656	10,136
294,671	10,064
294,686	10,008
294,701	9,953
294,716	9,892
294,731	9,833
294,746	9,764
294,761	9,699
294,776	9,640
294,791	9,580
294,806	9,526
294,821	9,470
294,836	9,399
294,851	9,338
294,866	9,271
294,881	9,218
294,897	9,172
294,911	9,114
294,926	9,063
294,942	9,005
294,957	8,943
294,971	8,880
294,986	8,823
295,002	8,775
295,017	8,714
295,031	8,651
295,046	8,596
295,062	8,532
295,077	8,482
295,092	8,439
295,107	8,392
295,122	8,334
295,137	8,274
295,152	8,221
295,167	8,173
295,182	8,119
295,197	8,073
295,212	8,015
295,227	7,950
295,242	7,901
295,257	7,839
295,272	7,793
295,287	7,751
295,302	7,696
295,317	7,649
295,332	7,595
295,347	7,537
295,362	7,494
295,377	7,435
295,392	7,392
295,407	7,350
295,422	7,294
295,437	7,239
295,452	7,189
295,467	7,147
295,482	7,110
295,497	7,064
295,512	7,015
295,527	6,964
295,542	6,909
295,557	6,867
295,572	6,820
295,587	6,778
295,602	6,734
295,617	6,678
295,632	6,628
295,647	6,584
295,662	6,535
295,677	6,498
295,692	6,445
295,707	6,406
295,722	6,362
295,737	6,313
295,752	6,274
295,767	6,241
295,782	6,194
295,797	6,152
295,812	6,104
295,827	6,058
295,842	6,016
295,857	5,973
295,872	5,940
295,887	5,897
295,902	5,847
295,917	5,801
295,932	5,753
295,947	5,716
295,962	5,684
295,977	5,642
295,992	5,613
296,007	5,565
296,022	5,518
296,037	5,487
296,052	5,447
296,067	5,415
296,082	5,381
296,097	5,335
296,112	5,293
296,127	5,246
296,142	5,213
296,157	5,184
296,172	5,146
296,187	5,103
296,202	5,057
296,217	5,014
296,232	4,979
296,247	4,937
296,262	4,906
296,277	4,862
296,292	4,813
296,307	4,775
296,322	4,726
296,337	4,692
296,352	4,665
296,367	4,625
296,382	4,586
296,397	4,546
296,412	4,509
296,427	4,480
296,442	4,441
296,457	4,409
296,472	4,373
296,487	4,335
296,502	4,299
296,517	4,266
296,532	4,234
296,547	4,207
296,562	4,171
296,577	4,135
296,592	4,098
296,607	4,056
296,622	4,018
296,637	3,996
296,652	3,964
296,667	3,935
296,682	3,894
296,697	3,861
296,712	3,828
296,727	3,800
296,742	3,779
296,757	3,748
296,772	3,717
296,787	3,684
296,802	3,647
296,817	3,620
296,832	3,598
296,847	3,565
296,862	3,541
296,877	3,505
296,892	3,476
296,907	3,445
296,923	3,409
296,937	3,387
296,952	3,359
296,967	3,319
296,983	3,286
296,998	3,248
297,012	3,226
297,027	3,205
297,043	3,172
297,058	3,150
297,072	3,109
297,088	3,075
297,103	3,053
297,118	3,025
297,133	3,009
297,148	2,987
297,163	2,948
297,178	2,923
297,193	2,886
297,208	2,868
297,223	2,848
297,238	2,818
297,253	2,785
297,268	2,751
297,283	2,718
297,298	2,703
297,313	2,672
297,328	2,655
297,343	2,630
297,358	2,595
297,373	2,569
297,388	2,544
297,403	2,526
297,418	2,512
297,433	2,490
297,448	2,461
297,463	2,433
297,478	2,402
297,493	2,388
297,508	2,364
297,523	2,347
297,538	2,332
297,553	2,298
297,568	2,268
297,583	2,239
297,598	2,218
297,613	2,203
297,628	2,183
297,643	2,158
297,658	2,131
297,673	2,104
297,688	2,088
297,703	2,081
297,718	2,063
297,733	2,045
297,748	2,020
297,763	1,997
297,778	1,978
297,793	1,968
297,808	1,956
297,823	1,934
297,838	1,916
297,853	1,897
297,868	1,865
297,883	1,852
297,898	1,841
297,913	1,823
297,928	1,804
297,943	1,781
297,958	1,759
297,973	1,739
297,988	1,721
298,003	1,704
298,018	1,683
298,033	1,655
298,048	1,634
298,063	1,605
298,078	1,590
298,093	1,586
298,108	1,567
298,123	1,556
298,138	1,532
298,153	1,506
298,168	1,494
298,183	1,478
298,198	1,468
298,213	1,450
298,228	1,424
298,243	1,401
298,258	1,375
298,273	1,356
298,288	1,347
298,303	1,332
298,318	1,312
298,333	1,288
298,348	1,269
298,363	1,259
298,378	1,234
298,393	1,224
298,408	1,214
298,423	1,189
298,438	1,176
298,453	1,159
298,468	1,146
298,483	1,141
298,498	1,125
298,513	1,108
298,528	1,086
298,543	1,064
298,558	1,057
298,573	1,044
298,588	1,037
298,603	1,028
298,618	1,006
298,633	0,984
298,648	0,968
298,663	0,953
298,678	0,948
298,693	0,935
298,708	0,923
298,723	0,900
298,738	0,880
298,753	0,870
298,768	0,869
298,783	0,856
298,798	0,851
298,813	0,832
298,828	0,817
298,843	0,802
298,858	0,784
298,873	0,780
298,889	0,763
298,903	0,742
298,918	0,725
298,933	0,703
298,949	0,692
298,964	0,690
298,978	0,675
298,993	0,672
299,009	0,654
299,024	0,635
299,038	0,622
299,053	0,606
299,068	0,602
299,084	0,592
299,099	0,577
299,114	0,565
299,129	0,541
299,144	0,533
299,159	0,529
299,174	0,518
299,189	0,512
299,204	0,494
299,219	0,475
299,234	0,469
299,249	0,461
299,264	0,456
299,279	0,443
299,294	0,426
299,309	0,415
299,324	0,398
299,339	0,393
299,354	0,392
299,369	0,376
299,384	0,372
299,399	0,359
299,414	0,344
299,429	0,340
299,444	0,333
299,459	0,328
299,474	0,325
299,489	0,311
299,504	0,304
299,519	0,301
299,534	0,297
299,549	0,292
299,564	0,287
299,579	0,280
299,594	0,271
299,609	0,255
299,624	0,253
299,639	0,247
299,654	0,244
299,669	0,244
299,684	0,232
299,699	0,219
299,714	0,218
299,729	0,217
299,744	0,223
299,759	0,222
299,774	0,220
299,789	0,215
299,804	0,209
299,819	0,209
299,834	0,217
299,849	0,216
299,864	0,220
299,879	0,218
299,894	0,222
299,909	0,225
299,924	0,228
299,939	0,244
299,954	0,244
299,969	0,247
299,984	0,261
299,999	0,269
300,000	-0,018
300,015	-0,067
300,030	-0,123
300,045	-0,180
300,060	-0,232
300,075	-0,285
300,090	-0,340
300,105	-0,400
300,120	-0,460
300,135	-0,526
300,150	-0,596
300,165	-0,657
300,180	-0,719
300,195	-0,785
300,210	-0,860
300,225	-0,932
300,240	-1,003
300,255	-1,070
300,270	-1,137
300,285	-1,207
300,300	-1,280
300,315	-1,360
300,330	-1,434
300,345	-1,507
300,360	-1,584
300,375	-1,662
300,390	-1,745
300,405	-1,833
300,420	-1,918
300,435	-2,003
300,450	-2,085
300,465	-2,166
300,480	-2,254
300,495	-2,339
300,510	-2,429
300,525	-2,523
300,540	-2,610
300,555	-2,701
300,570	-2,790
300,585	-2,880
300,600	-2,981
300,615	-3,074
300,630	-3,175
300,645	-3,269
300,660	-3,365
300,675	-3,464
300,690	-3,561
300,705	-3,669
300,720	-3,772
300,735	-3,870
300,750	-3,971
300,765	-4,070
300,780	-4,173
300,795	-4,291
300,810	-4,403
300,825	-4,523
300,840	-4,631
300,855	-4,732
300,870	-4,840
300,885	-4,940
300,901	-5,055
300,916	-5,173
300,930	-5,279
300,945	-5,383
300,961	-5,486
300,976	-5,597
300,990	-5,711
301,005	-5,821
301,021	-5,939
301,036	-6,048
301,050	-6,142
301,065	-6,245
301,080	-6,342
301,096	-6,457
301,111	-6,569
301,125	-6,661
301,141	-6,765
301,156	-6,863
301,171	-6,957
301,186	-7,070
301,201	-7,169
301,216	-7,282
301,231	-7,385
301,246	-7,482
301,261	-7,586
301,276	-7,692
301,291	-7,799
301,306	-7,914
301,321	-8,008
301,336	-8,108
301,351	-8,205
301,366	-8,297
301,381	-8,410
301,396	-8,518
301,411	-8,621
301,426	-8,720
301,441	-8,809
301,456	-8,910
301,471	-9,011
301,486	-9,114
301,501	-9,214
301,516	-9,316
301,531	-9,415
301,546	-9,517
301,561	-9,612
301,576	-9,718
301,591	-9,819
301,606	-9,920
301,621	-10,014
301,636	-10,107
301,651	-10,201
301,666	-10,298
301,681	-10,393
301,696	-10,498
301,711	-10,594
301,726	-10,681
301,741	-10,776
301,756	-10,865
301,771	-10,968
301,786	-11,066
301,801	-11,162
301,816	-11,259
301,831	-11,346
301,846	-11,444
301,861	-11,546
301,876	-11,640
301,891	-11,741
301,906	-11,831
301,921	-11,913
301,936	-12,004
301,951	-12,092
301,966	-12,193
301,981	-12,295
301,996	-12,384
302,011	-12,477
302,026	-12,566
302,041	-12,651
302,056	-12,747
302,071	-12,847
302,086	-12,945
302,101	-13,040
302,116	-13,119
302,131	-13,216
302,146	-13,307
302,161	-13,404
302,176	-13,499
302,191	-13,587
302,206	-13,679
302,221	-13,760
302,236	-13,844
302,251	-13,945
302,266	-14,037
302,281	-14,136
302,296	-14,230
302,311	-14,311
302,326	-14,397
302,341	-14,487
302,356	-14,582
302,371	-14,680
302,386	-14,764
302,401	-14,853
302,416	-14,937
302,431	-15,022
302,446	-15,126
302,461	-15,216
302,476	-15,304
302,491	-15,390
302,506	-15,472
302,521	-15,561
302,536	-15,649
302,551	-15,736
302,566	-15,829
302,581	-15,915
302,596	-16,003
302,611	-16,086
302,626	-16,165
302,641	-16,258
302,656	-16,355
302,671	-16,441
302,686	-16,530
302,701	-16,605
302,716	-16,692
302,731	-16,777
302,746	-16,869
302,761	-16,961
302,776	-17,042
302,791	-17,113
302,806	-17,197
302,821	-17,267
302,836	-17,365
302,851	-17,454
302,866	-17,539
302,881	-17,623
302,897	-17,696
302,911	-17,776
302,926	-17,868
302,942	-17,949
302,957	-18,038
302,971	-18,120
302,986	-18,198
303,002	-18,278
303,017	-18,359
303,031	-18,449
303,046	-18,541
303,062	-18,614
303,077	-18,693
303,092	-18,765
303,107	-18,854
303,122	-18,942
303,137	-19,029
303,152	-19,121
303,167	-19,197
303,182	-19,262
303,197	-19,343
303,212	-19,425
303,227	-19,503
303,242	-19,589
303,257	-19,659
303,272	-19,736
303,287	-19,808
303,302	-19,886
303,317	-19,970
303,332	-20,049
303,347	-20,134
303,362	-20,206
303,377	-20,276
303,392	-20,352
303,407	-20,430
303,422	-20,508
303,437	-20,590
303,452	-20,662
303,467	-20,737
303,482	-20,802
303,497	-20,866
303,512	-20,951
303,527	-21,023
303,542	-21,094
303,557	-21,169
303,572	-21,238
303,587	-21,300
303,602	-21,367
303,617	-21,443
303,632	-21,531
303,647	-21,593
303,662	-21,656
303,677	-21,725
303,692	-21,789
303,707	-21,868
303,722	-21,943
303,737	-22,011
303,752	-22,083
303,767	-22,144
303,782	-22,218
303,797	-22,291
303,812	-22,351
303,827	-22,425
303,842	-22,494
303,857	-22,548
303,872	-22,614
303,887	-22,675
303,902	-22,748
303,917	-22,816
303,932	-22,880
303,947	-22,946
303,962	-23,000
303,977	-23,069
303,992	-23,146
304,007	-23,206
304,022	-23,284
304,037	-23,345
304,052	-23,398
304,067	-23,463
304,082	-23,527
304,097	-23,601
304,112	-23,669
304,127	-23,724
304,142	-23,784
304,157	-23,840
304,172	-23,894
304,187	-23,964
304,202	-24,031
304,217	-24,104
304,232	-24,164
304,247	-24,220
304,262	-24,279
304,277	-24,342
304,292	-24,413
304,307	-24,483
304,322	-24,542
304,337	-24,605
304,352	-24,656
304,367	-24,710
304,382	-24,775
304,397	-24,835
304,412	-24,896
304,427	-24,951
304,442	-24,999
304,457	-25,062
304,472	-25,126
304,487	-25,191
304,502	-25,245
304,517	-25,296
304,532	-25,351
304,547	-25,394
304,562	-25,441
304,577	-25,502
304,592	-25,558
304,607	-25,612
304,622	-25,657
304,637	-25,700
304,652	-25,749
304,667	-25,794
304,682	-25,856
304,697	-25,927
304,712	-25,984
304,727	-26,037
304,742	-26,097
304,757	-26,145
304,772	-26,210
304,787	-26,270
304,802	-26,319
304,817	-26,367
304,832	-26,403
304,847	-26,435
304,862	-26,471
304,877	-26,505
304,892	-26,549
304,907	-26,575
304,923	-26,591
304,937	-26,616
304,952	-26,636
304,967	-26,667
304,983	-26,698
304,998	-26,724
305,012	-26,761
305,027	-26,778
305,043	-26,809
305,058	-26,853
305,072	-26,889
305,088	-26,931
305,103	-26,969
305,118	-27,000
305,133	-27,034
305,148	-27,054
305,163	-27,093
305,178	-27,130
305,193	-27,150
305,208	-27,174
305,223	-27,189
305,238	-27,200
305,253	-27,229
305,268	-27,251
305,283	-27,274
305,298	-27,285
305,313	-27,287
305,328	-27,304
305,343	-27,319
305,358	-27,336
305,373	-27,354
305,388	-27,362
305,403	-27,387
305,418	-27,397
305,433	-27,418
305,448	-27,445
305,463	-27,462
305,478	-27,486
305,493	-27,507
305,508	-27,521
305,523	-27,550
305,538	-27,574
305,553	-27,605
305,568	-27,637
305,583	-27,662
305,598	-27,688
305,613	-27,714
305,628	-27,736
305,643	-27,771
305,658	-27,805
305,673	-27,834
305,688	-27,866
305,703	-27,887
305,718	-27,918
305,733	-27,945
305,748	-27,976
305,763	-28,011
305,778	-28,040
305,793	-28,061
305,808	-28,095
305,823	-28,120
305,838	-28,162
305,853	-28,204
305,868	-28,239
305,883	-28,280
305,898	-28,313
305,913	-28,348
305,928	-28,398
305,943	-28,438
305,958	-28,482
305,973	-28,516
305,988	-28,542
306,003	-28,582
306,018	-28,618
306,033	-28,668
306,048	-28,717
306,063	-28,762
306,078	-28,800
306,093	-28,837
306,108	-28,880
306,123	-28,935
306,138	-28,982
306,153	-29,034
306,168	-29,077
306,183	-29,118
306,198	-29,161
306,213	-29,190
306,228	-29,239
306,243	-29,281
306,258	-29,317
306,273	-29,359
306,288	-29,395
306,303	-29,439
306,318	-29,496
306,333	-29,551
306,348	-29,611
306,363	-29,667
306,378	-29,716
306,393	-29,783
306,408	-29,833
306,423	-29,904
306,438	-29,975
306,453	-30,039
306,468	-30,105
306,483	-30,167
306,498	-30,230
306,513	-30,308
306,528	-30,377
306,543	-30,441
306,558	-30,503
306,573	-30,556
306,588	-30,617
306,603	-30,676
306,618	-30,736
306,633	-30,799
306,648	-30,848
306,663	-30,902
306,678	-30,960
306,693	-31,009
306,708	-31,073
306,723	-31,140
306,738	-31,198
306,753	-31,264
306,768	-31,319
306,783	-31,388
306,798	-31,460
306,813	-31,535
306,828	-31,620
306,843	-31,692
306,858	-31,758
306,873	-31,831
306,889	-31,903
306,903	-31,981
306,918	-32,046
306,933	-32,108
306,949	-32,171
306,964	-32,218
306,978	-32,264
306,993	-32,317
307,009	-32,360
307,024	-32,409
307,038	-32,438
307,053	-32,456
307,068	-32,485
307,084	-32,507
307,099	-32,538
307,114	-32,568
307,129	-32,588
307,144	-32,619
307,159	-32,644
307,174	-32,672
307,189	-32,714
307,204	-32,749
307,219	-32,792
307,234	-32,815
307,249	-32,838
307,264	-32,868
307,279	-32,899
307,294	-32,926
307,309	-32,950
307,324	-32,961
307,339	-32,973
307,354	-32,972
307,369	-32,971
307,384	-32,978
307,399	-32,977
307,414	-32,979
307,429	-32,974
307,444	-32,954
307,459	-32,948
307,474	-32,945
307,489	-32,941
307,504	-32,948
307,519	-32,939
307,534	-32,939
307,549	-32,931
307,564	-32,935
307,579	-32,951
307,594	-32,961
307,609	-32,963
307,624	-32,963
307,639	-32,953
307,654	-32,948
307,669	-32,945
307,684	-32,943
307,699	-32,941
307,714	-32,917
307,729	-32,899
307,744	-32,879
307,759	-32,847
307,774	-32,831
307,789	-32,815
307,804	-32,788
307,819	-32,758
307,834	-32,725
307,849	-32,702
307,864	-32,687
307,879	-32,670
307,894	-32,663
307,909	-32,648
307,924	-32,639
307,939	-32,631
307,954	-32,621
307,969	-32,624
307,984	-32,626
307,999	-32,623
308,014	-32,615
308,029	-32,602
308,044	-32,582
308,059	-32,584
308,074	-32,574
308,089	-32,562
308,104	-32,538
308,119	-32,515
308,134	-32,499
308,149	-32,477
308,164	-32,469
308,179	-32,460
308,194	-32,438
308,209	-32,431
308,224	-32,418
308,239	-32,408
308,254	-32,416
308,269	-32,418
308,284	-32,424
308,299	-32,417
308,314	-32,405
308,329	-32,399
308,344	-32,391
308,359	-32,392
308,374	-32,386
308,389	-32,373
308,404	-32,358
308,419	-32,336
308,434	-32,311
308,449	-32,308
308,464	-32,289
308,479	-32,281
308,494	-32,268
308,509	-32,246
308,524	-32,237
308,539	-32,224
308,554	-32,225
308,569	-32,236
308,584	-32,236
308,599	-32,243
308,614	-32,246
308,629	-32,256
308,644	-32,273
308,659	-32,287
308,674	-32,293
308,689	-32,299
308,704	-32,294
308,719	-32,294
308,734	-32,294
308,749	-32,301
308,764	-32,304
308,779	-32,292
308,794	-32,270
308,809	-32,263
308,824	-32,248
308,839	-32,241
308,854	-32,232
308,869	-32,227
308,884	-32,227
308,899	-32,216
308,914	-32,212
308,930	-32,216
308,945	-32,224
308,959	-32,239
308,974	-32,245
308,990	-32,247
309,005	-32,260
309,019	-32,262
309,034	-32,271
309,050	-32,283
309,065	-32,287
309,079	-32,281
309,094	-32,265
309,110	-32,259
309,125	-32,262
309,140	-32,257
309,155	-32,253
309,170	-32,235
309,185	-32,211
309,200	-32,196
309,215	-32,178
309,230	-32,179
309,245	-32,174
309,260	-32,161
309,275	-32,159
309,290	-32,149
309,305	-32,142
309,320	-32,154
309,335	-32,161
309,350	-32,177
309,365	-32,176
309,380	-32,169
309,395	-32,179
309,410	-32,181
309,425	-32,179
309,440	-32,181
309,455	-32,165
309,470	-32,152
309,485	-32,130
309,500	-32,109
309,515	-32,094
309,530	-32,075
309,545	-32,047
309,560	-32,023
309,575	-31,991
309,590	-31,969
309,605	-31,948
309,620	-31,934
309,635	-31,920
309,650	-31,898
309,665	-31,882
309,680	-31,862
309,695	-31,847
309,710	-31,847
309,725	-31,837
309,740	-31,829
309,755	-31,819
309,770	-31,800
309,785	-31,792
309,800	-31,786
309,815	-31,786
309,830	-31,781
309,845	-31,768
309,860	-31,754
309,875	-31,750
309,890	-31,743
309,905	-31,747
309,920	-31,750
309,935	-31,753
309,950	-31,762
309,965	-31,761
309,980	-31,775
309,995	-31,792
310,010	-31,811
310,025	-31,842
310,040	-31,865
310,055	-31,884
310,070	-31,913
310,085	-31,931
310,100	-31,966
310,115	-31,993
310,130	-32,018
310,145	-32,038
310,160	-32,053
310,175	-32,078
310,190	-32,116
310,205	-32,144
310,220	-32,182
310,235	-32,208
310,250	-32,234
310,265	-32,268
310,280	-32,302
310,295	-32,359
310,310	-32,416
310,325	-32,463
310,340	-32,523
310,355	-32,580
310,370	-32,651
310,385	-32,729
310,400	-32,794
310,415	-32,870
310,430	-32,943
310,445	-33,006
310,460	-33,082
310,475	-33,160
310,490	-33,239
310,505	-33,313
310,520	-33,380
310,535	-33,446
310,550	-33,517
310,565	-33,585
310,580	-33,668
310,595	-33,743
310,610	-33,819
310,625	-33,891
310,640	-33,960
310,655	-34,040
310,670	-34,126
310,685	-34,220
310,700	-34,317
310,715	-34,405
310,730	-34,500
310,745	-34,596
310,760	-34,695
310,775	-34,804
310,790	-34,910
310,805	-35,011
310,820	-35,109
310,835	-35,198
310,850	-35,298
310,865	-35,391
310,880	-35,494
310,895	-35,594
310,911	-35,673
310,925	-35,753
310,940	-35,842
310,955	-35,921
310,971	-36,011
310,986	-36,103
311,000	-36,190
311,015	-36,278
311,031	-36,360
311,046	-36,456
311,060	-36,563
311,075	-36,665
311,091	-36,774
311,106	-36,876
311,121	-36,978
311,136	-37,085
311,151	-37,184
311,166	-37,299
311,181	-37,408
311,196	-37,508
311,211	-37,614
311,226	-37,700
311,241	-37,788
311,256	-37,882
311,271	-37,964
311,286	-38,048
311,301	-38,116
311,316	-38,176
311,331	-38,243
311,346	-38,303
311,361	-38,378
311,376	-38,448
311,391	-38,500
311,406	-38,570
311,421	-38,630
311,436	-38,700
311,451	-38,781
311,466	-38,853
311,481	-38,932
311,496	-39,000
311,511	-39,061
311,526	-39,136
311,541	-39,200
311,556	-39,276
311,571	-39,348
311,586	-39,400
311,601	-39,453
311,616	-39,495
311,631	-39,547
311,646	-39,599
311,661	-39,643
311,676	-39,680
311,691	-39,709
311,706	-39,727
311,721	-39,759
311,736	-39,786
311,751	-39,818
311,766	-39,845
311,781	-39,871
311,796	-39,906
311,811	-39,935
311,826	-39,966
311,841	-40,010
311,856	-40,045
311,871	-40,080
311,886	-40,107
311,901	-40,127
311,916	-40,154
311,931	-40,183
311,946	-40,211
311,961	-40,239
311,976	-40,254
311,991	-40,258
312,006	-40,269
312,021	-40,278
312,036	-40,290
312,051	-40,298
312,066	-40,297
312,081	-40,295
312,096	-40,288
312,111	-40,288
312,126	-40,307
312,141	-40,314
312,156	-40,331
312,171	-40,341
312,186	-40,347
312,201	-40,363
312,216	-40,375
312,231	-40,396
312,246	-40,414
312,261	-40,423
312,276	-40,440
312,291	-40,441
312,306	-40,441
312,321	-40,451
312,336	-40,450
312,351	-40,456
312,366	-40,447
312,381	-40,432
312,396	-40,423
312,411	-40,415
312,426	-40,421
312,441	-40,423
312,456	-40,420
312,471	-40,422
312,486	-40,427
312,501	-40,439
312,516	-40,464
312,531	-40,481
312,546	-40,510
312,561	-40,525
312,576	-40,534
312,591	-40,556
312,606	-40,572
312,621	-40,590
312,636	-40,601
312,651	-40,608
312,666	-40,615
312,681	-40,608
312,696	-40,612
312,711	-40,626
312,726	-40,621
312,741	-40,622
312,756	-40,625
312,771	-40,620
312,786	-40,629
312,801	-40,638
312,816	-40,656
312,831	-40,672
312,846	-40,680
312,861	-40,707
312,876	-40,728
312,891	-40,748
312,906	-40,788
312,921	-40,817
312,937	-40,847
312,952	-40,871
312,966	-40,887
312,981	-40,920
312,997	-40,941
313,012	-40,960
313,026	-40,983
313,041	-40,991
313,057	-40,997
313,072	-41,003
313,087	-41,009
313,102	-41,029
313,116	-41,044
313,132	-41,059
313,147	-41,073
313,162	-41,082
313,177	-41,106
313,192	-41,145
313,207	-41,174
313,222	-41,215
313,237	-41,250
313,252	-41,287
313,267	-41,326
313,282	-41,367
313,297	-41,417
313,312	-41,451
313,327	-41,483
313,342	-41,516
313,357	-41,537
313,372	-41,567
313,387	-41,609
313,402	-41,636
313,417	-41,669
313,432	-41,694
313,447	-41,712
313,462	-41,736
313,477	-41,763
313,492	-41,797
313,507	-41,830
313,522	-41,853
313,537	-41,884
313,552	-41,915
313,567	-41,956
313,582	-42,014
313,597	-42,061
313,612	-42,113
313,627	-42,161
313,642	-42,198
313,657	-42,251
313,672	-42,299
313,687	-42,349
313,702	-42,391
313,717	-42,425
313,732	-42,467
313,747	-42,493
313,762	-42,528
313,777	-42,567
313,792	-42,592
313,807	-42,626
313,822	-42,655
313,837	-42,677
313,852	-42,713
313,867	-42,738
313,882	-42,779
313,897	-42,824
313,912	-42,856
313,927	-42,892
313,942	-42,931
313,957	-42,975
313,972	-43,028
313,987	-43,072
314,002	-43,114
314,017	-43,151
314,032	-43,174
314,047	-43,210
314,062	-43,238
314,077	-43,264
314,092	-43,293
314,107	-43,307
314,122	-43,314
314,137	-43,335
314,152	-43,352
314,167	-43,370
314,182	-43,386
314,197	-43,398
314,212	-43,404
314,227	-43,406
314,242	-43,427
314,257	-43,455
314,272	-43,481
314,287	-43,519
314,302	-43,543
314,317	-43,563
314,332	-43,595
314,347	-43,622
314,362	-43,660
314,377	-43,684
314,392	-43,703
314,407	-43,722
314,422	-43,729
314,437	-43,736
314,452	-43,757
314,467	-43,763
314,482	-43,772
314,497	-43,764
314,512	-43,761
314,527	-43,770
314,542	-43,771
314,557	-43,789
314,572	-43,799
314,587	-43,806
314,602	-43,813
314,617	-43,820
314,632	-43,835
314,647	-43,864
314,662	-43,885
314,677	-43,906
314,692	-43,924
314,707	-43,935
314,722	-43,960
314,737	-43,979
314,752	-44,004
314,767	-44,010
314,782	-44,015
314,797	-44,021
314,812	-44,008
314,827	-44,008
314,842	-44,011
314,857	-44,000
314,872	-43,990
314,887	-43,979
314,902	-43,961
314,917	-43,952
314,933	-43,946
314,947	-43,947
314,962	-43,945
314,978	-43,938
314,993	-43,934
315,007	-43,931
315,022	-43,931
315,038	-43,945
315,053	-43,949
315,067	-43,949
315,083	-43,943
315,098	-43,925
315,113	-43,918
315,128	-43,906
315,143	-43,886
315,158	-43,868
315,173	-43,836
315,188	-43,798
315,203	-43,764
315,218	-43,730
315,233	-43,699
315,248	-43,664
315,263	-43,630
315,278	-43,592
315,293	-43,550
315,308	-43,520
315,323	-43,494
315,338	-43,472
315,353	-43,452
315,368	-43,427
315,383	-43,408
315,398	-43,379
315,413	-43,350
315,428	-43,325
315,443	-43,298
315,458	-43,264
315,473	-43,228
315,488	-43,185
315,503	-43,152
315,518	-43,117
315,533	-43,079
315,548	-43,046
315,563	-43,007
315,578	-42,969
315,593	-42,941
315,608	-42,907
315,623	-42,883
315,638	-42,863
315,653	-42,833
315,668	-42,811
315,683	-42,789
315,698	-42,773
315,713	-42,765
315,728	-42,757
315,743	-42,749
315,758	-42,733
315,773	-42,714
315,788	-42,698
315,803	-42,669
315,818	-42,651
315,833	-42,631
315,848	-42,602
315,863	-42,581
315,878	-42,549
315,893	-42,522
315,908	-42,497
315,923	-42,474
315,938	-42,452
315,953	-42,432
315,968	-42,402
315,983	-42,386
315,998	-42,367
316,013	-42,355
316,028	-42,342
316,043	-42,207
316,058	-42,073
316,073	-41,938
316,088	-41,804
316,103	-41,669
316,118	-41,535
316,133	-41,400
316,148	-41,266
316,163	-41,131
316,178	-40,997
316,193	-40,766
316,208	-40,440
316,223	-40,107
316,238	-39,654
316,253	-39,142
316,268	-38,514
316,283	-37,805
316,298	-37,067
316,313	-36,228
316,328	-35,245
316,343	-34,138
316,358	-32,804
316,373	-31,430
316,388	-29,825
316,403	-27,984
316,418	-25,922
316,433	-23,479
316,448	-20,799
316,463	-17,750
316,478	-14,338
316,493	-10,621
316,508	-6,419
316,523	-1,803
316,538	3,271
316,553	8,706
316,568	14,497
316,583	20,612
316,598	27,072
316,613	33,870
316,628	40,893
316,643	48,128
316,658	55,405
316,673	62,715
316,688	70,021
316,703	77,306
316,718	84,485
316,733	91,357
316,748	97,943
316,763	104,043
316,778	109,489
316,793	114,322
316,808	118,396
316,823	121,641
316,838	123,921
316,853	125,099
316,868	125,162
316,884	124,321
316,898	122,555
316,913	119,966
316,928	116,628
316,943	112,669
316,959	108,235
316,974	103,304
316,988	98,220
317,003	93,083
317,019	87,942
317,034	82,935
317,048	77,931
317,063	73,011
317,079	68,268
317,094	63,560
317,109	59,086
317,124	54,735
317,139	50,570
317,154	46,535
317,169	42,524
317,184	38,714
317,199	35,060
317,214	31,561
317,229	28,263
317,244	24,960
317,259	21,825
317,274	18,851
317,289	15,966
317,304	13,323
317,319	10,796
317,334	8,400
317,349	6,072
317,364	3,756
317,379	1,623
317,394	-0,373
317,409	-2,238
317,424	-3,975
317,439	-5,734
317,454	-7,472
317,469	-9,180
317,484	-10,745
317,499	-12,223
317,514	-13,614
317,529	-14,988
317,544	-16,370
317,559	-17,739
317,574	-19,051
317,589	-20,260
317,604	-21,383
317,619	-22,457
317,634	-23,459
317,649	-24,556
317,664	-25,539
317,679	-26,518
317,694	-27,327
317,709	-28,095
317,724	-28,872
317,739	-29,652
317,754	-30,447
317,769	-31,187
317,784	-31,794
317,799	-32,392
317,814	-32,955
317,829	-33,541
317,844	-34,178
317,859	-34,746
317,874	-35,351
317,889	-35,842
317,904	-36,295
317,919	-36,770
317,934	-37,271
317,949	-37,717
317,964	-38,228
317,979	-38,627
317,994	-39,013
318,009	-39,320
318,024	-39,670
318,039	-40,033
318,054	-40,355
318,069	-40,638
318,084	-40,877
318,099	-41,079
318,114	-41,413
318,129	-41,714
318,144	-41,960
318,159	-42,279
318,174	-42,502
318,189	-42,832
318,204	-43,049
318,219	-43,365
318,234	-43,740
318,249	-44,057
318,264	-44,304
318,279	-44,511
318,294	-44,638
318,309	-44,905
318,324	-45,098
318,339	-45,234
318,354	-45,338
318,369	-45,437
318,384	-45,543
318,399	-45,568
318,414	-45,639
318,429	-45,788
318,444	-45,872
318,459	-45,945
318,474	-45,951
318,489	-45,942
318,504	-46,149
318,519	-46,284
318,534	-46,284
318,549	-46,373
318,564	-46,462
318,579	-46,551
318,594	-46,640
318,609	-46,730
318,624	-46,819
318,639	-46,908
318,654	-46,997
318,669	-47,086
318,684	-47,175
318,699	-47,181
318,714	-47,191
318,729	-47,193
318,744	-47,208
318,759	-47,209
318,774	-47,212
318,789	-47,228
318,804	-47,244
318,819	-47,268
318,834	-47,290
318,849	-47,309
318,864	-47,334
318,879	-47,358
318,894	-47,391
318,909	-47,426
318,925	-47,459
318,940	-47,488
318,954	-47,515
318,969	-47,540
318,985	-47,570
319,000	-47,600
319,014	-47,626
319,029	-47,651
319,045	-47,663
319,060	-47,679
319,075	-47,701
319,089	-47,713
319,105	-47,738
319,120	-47,757
319,135	-47,775
319,150	-47,796
319,165	-47,822
319,180	-47,856
319,195	-47,892
319,210	-47,927
319,225	-47,972
319,240	-48,011
319,255	-48,053
319,270	-48,105
319,285	-48,145
319,300	-48,196
319,315	-48,243
319,330	-48,281
319,345	-48,319
319,360	-48,353
319,375	-48,391
319,390	-48,431
319,405	-48,458
319,420	-48,488
319,435	-48,507
319,450	-48,528
319,465	-48,549
319,480	-48,579
319,495	-48,612
319,510	-48,644
319,525	-48,672
319,540	-48,718
319,555	-48,752
319,570	-48,800
319,585	-48,859
319,600	-48,909
319,615	-48,966
319,630	-49,007
319,645	-49,046
319,660	-49,096
319,675	-49,136
319,690	-49,179
319,705	-49,210
319,720	-49,233
319,735	-49,259
319,750	-49,285
319,765	-49,316
319,780	-49,349
319,795	-49,380
319,810	-49,410
319,825	-49,440
319,840	-49,472
319,855	-49,527
319,870	-49,573
319,885	-49,632
319,900	-49,685
319,915	-49,727
319,930	-49,786
319,945	-49,835
319,960	-49,890
319,975	-49,952
319,990	-50,006
320,005	-50,056
320,020	-50,103
320,035	-50,137
320,050	-50,178
320,065	-50,218
320,080	-50,264
320,095	-50,303
320,110	-50,329
320,125	-50,359
320,140	-50,389
320,155	-50,426
320,170	-50,468
320,185	-50,509
320,200	-50,554
320,215	-50,600
320,230	-50,642
320,245	-50,701
320,260	-50,747
320,275	-50,809
320,290	-50,877
320,305	-50,929
320,320	-50,984
320,335	-51,033
320,350	-51,085
320,365	-51,148
320,380	-51,193
320,395	-51,237
320,410	-51,274
320,425	-51,302
320,440	-51,337
320,455	-51,371
320,470	-51,400
320,485	-51,436
320,500	-51,457
320,515	-51,479
320,530	-51,510
320,545	-51,541
320,560	-51,593
320,575	-51,635
320,590	-51,677
320,605	-51,728
320,620	-51,765
320,635	-51,815
320,650	-51,878
320,665	-51,929
320,680	-51,981
320,695	-52,021
320,710	-52,057
320,725	-52,102
320,740	-52,136
320,755	-52,174
320,770	-52,201
320,785	-52,218
320,800	-52,245
320,815	-52,257
320,830	-52,273
320,845	-52,301
320,860	-52,322
320,875	-52,345
320,890	-52,364
320,906	-52,395
320,921	-52,432
320,935	-52,473
320,950	-52,518
320,966	-52,560
320,981	-52,594
320,995	-52,640
321,010	-52,692
321,026	-52,734
321,041	-52,786
321,055	-52,815
321,070	-52,850
321,086	-52,876
321,101	-52,895
321,116	-52,927
321,131	-52,954
321,146	-52,982
321,161	-53,009
321,176	-53,020
321,191	-53,034
321,206	-53,053
321,221	-53,079
321,236	-53,115
321,251	-53,141
321,266	-53,172
321,281	-53,200
321,296	-53,231
321,311	-53,268
321,326	-53,318
321,341	-53,356
321,356	-53,405
321,371	-53,435
321,386	-53,465
321,401	-53,500
321,416	-53,538
321,431	-53,582
321,446	-53,612
321,461	-53,645
321,476	-53,675
321,491	-53,696
321,506	-53,734
321,521	-53,772
321,536	-53,803
321,551	-53,836
321,566	-53,864
321,581	-53,884
321,596	-53,917
321,611	-53,951
321,626	-53,998
321,641	-54,036
321,656	-54,065
321,671	-54,100
321,686	-54,136
321,701	-54,182
321,716	-54,233
321,731	-54,269
321,746	-54,315
321,761	-54,344
321,776	-54,381
321,791	-54,413
321,806	-54,443
321,821	-54,481
321,836	-54,509
321,851	-54,531
321,866	-54,556
321,881	-54,569
321,896	-54,595
321,911	-54,630
321,926	-54,653
321,941	-54,680
321,956	-54,704
321,971	-54,733
321,986	-54,773
322,001	-54,803
322,016	-54,852
322,031	-54,888
322,046	-54,919
322,061	-54,955
322,076	-54,990
322,091	-55,030
322,106	-55,064
322,121	-55,092
322,136	-55,121
322,151	-55,146
322,166	-55,157
322,181	-55,184
322,196	-55,205
322,211	-55,237
322,226	-55,266
322,241	-55,281
322,256	-55,300
322,271	-55,325
322,286	-55,352
322,301	-55,382
322,316	-55,406
322,331	-55,433
322,346	-55,458
322,361	-55,481
322,376	-55,516
322,391	-55,545
322,406	-55,575
322,421	-55,597
322,436	-55,616
322,451	-55,635
322,466	-55,658
322,481	-55,677
322,496	-55,707
322,511	-55,720
322,526	-55,724
322,541	-55,735
322,556	-55,733
322,571	-55,752
322,586	-55,765
322,601	-55,775
322,616	-55,789
322,631	-55,791
322,646	-55,790
322,661	-55,799
322,676	-55,808
322,691	-55,829
322,706	-55,841
322,721	-55,848
322,736	-55,865
322,751	-55,865
322,766	-55,881
322,781	-55,897
322,796	-55,914
322,811	-55,927
322,826	-55,936
322,841	-55,938
322,856	-55,959
322,871	-55,966
322,886	-55,985
322,901	-55,993
322,916	-55,990
322,932	-55,994
322,947	-55,979
322,962	-55,984
322,976	-55,979
322,991	-55,962
323,007	-55,945
323,022	-55,914
323,036	-55,886
323,051	-55,869
323,067	-55,855
323,082	-55,848
323,097	-55,838
323,111	-55,819
323,127	-55,809
323,142	-55,801
323,157	-55,802
323,172	-55,813
323,187	-55,812
323,202	-55,813
323,217	-55,806
323,232	-55,793
323,247	-55,801
323,262	-55,795
323,277	-55,787
323,292	-55,772
323,307	-55,753
323,322	-55,727
323,337	-55,703
323,352	-55,669
323,367	-55,651
323,382	-55,617
323,397	-55,589
323,412	-55,556
323,427	-55,518
323,442	-55,499
323,457	-55,478
323,472	-55,457
323,487	-55,446
323,502	-55,424
323,517	-55,413
323,532	-55,399
323,547	-55,391
323,562	-55,394
323,577	-55,386
323,592	-55,363
323,607	-55,349
323,622	-55,325
323,637	-55,312
323,652	-55,298
323,667	-55,270
323,682	-55,247
323,697	-55,212
323,712	-55,176
323,727	-55,137
323,742	-55,103
323,757	-55,080
323,772	-55,047
323,787	-55,015
323,802	-54,991
323,817	-54,966
323,832	-54,954
323,847	-54,950
323,862	-54,947
323,877	-54,946
323,892	-54,940
323,907	-54,939
323,922	-54,945
323,937	-54,947
323,952	-54,952
323,967	-54,944
323,982	-54,925
323,997	-54,913
324,012	-54,888
324,027	-54,873
324,042	-54,860
324,057	-54,835
324,072	-54,812
324,087	-54,781
324,102	-54,756
324,117	-54,740
324,132	-54,725
324,147	-54,716
324,162	-54,707
324,177	-54,696
324,192	-54,688
324,207	-54,690
324,222	-54,699
324,237	-54,714
324,252	-54,718
324,267	-54,730
324,282	-54,741
324,297	-54,750
324,312	-54,763
324,327	-54,770
324,342	-54,769
324,357	-54,773
324,372	-54,757
324,387	-54,743
324,402	-54,731
324,417	-54,720
324,432	-54,719
324,447	-54,702
324,462	-54,693
324,477	-54,679
324,492	-54,670
324,507	-54,682
324,522	-54,699
324,537	-54,716
324,552	-54,738
324,567	-54,756
324,582	-54,770
324,597	-54,794
324,612	-54,817
324,627	-54,844
324,642	-54,866
324,657	-54,876
324,672	-54,890
324,687	-54,887
324,702	-54,898
324,717	-54,904
324,732	-54,904
324,747	-54,906
324,762	-54,891
324,777	-54,880
324,792	-54,884
324,807	-54,888
324,822	-54,904
324,837	-54,914
324,852	-54,916
324,867	-54,941
324,882	-54,956
324,897	-54,992
324,912	-55,025
324,928	-55,059
324,942	-55,096
324,957	-55,123
324,973	-55,157
324,988	-55,195
325,002	-55,222
325,017	-55,258
325,033	-55,280
325,048	-55,288
325,062	-55,302
325,077	-55,301
325,093	-55,313
325,108	-55,331
325,123	-55,333
325,138	-55,342
325,153	-55,346
325,168	-55,354
325,183	-55,387
325,198	-55,411
325,213	-55,447
325,228	-55,476
325,243	-55,509
325,258	-55,541
325,273	-55,578
325,288	-55,622
325,303	-55,670
325,318	-55,706
325,333	-55,741
325,348	-55,764
325,363	-55,791
325,378	-55,812
325,393	-55,830
325,408	-55,841
325,423	-55,853
325,438	-55,851
325,453	-55,846
325,468	-55,847
325,483	-55,854
325,498	-55,867
325,513	-55,868
325,528	-55,879
325,543	-55,895
325,558	-55,907
325,573	-55,940
325,588	-55,976
325,603	-56,007
325,618	-56,047
325,633	-56,076
325,648	-56,110
325,663	-56,150
325,678	-56,184
325,693	-56,225
325,708	-56,248
325,723	-56,257
325,738	-56,273
325,753	-56,278
325,768	-56,287
325,783	-56,296
325,798	-56,293
325,813	-56,299
325,828	-56,284
325,843	-56,274
325,858	-56,282
325,873	-56,282
325,888	-56,298
325,903	-56,313
325,918	-56,315
325,933	-56,335
325,948	-56,345
325,963	-56,377
325,978	-56,416
325,993	-56,444
326,008	-56,474
326,023	-56,495
326,038	-56,516
326,053	-56,543
326,068	-56,563
326,083	-56,585
326,098	-56,599
326,113	-56,596
326,128	-56,597
326,143	-56,599
326,158	-56,593
326,173	-56,596
326,188	-56,585
326,203	-56,580
326,218	-56,573
326,233	-56,570
326,248	-56,584
326,263	-56,587
326,278	-56,608
326,293	-56,624
326,308	-56,633
326,323	-56,653
326,338	-56,676
326,353	-56,701
326,368	-56,736
326,383	-56,754
326,398	-56,772
326,413	-56,779
326,428	-56,786
326,443	-56,796
326,458	-56,797
326,473	-56,794
326,488	-56,788
326,503	-56,769
326,518	-56,751
326,533	-56,737
326,548	-56,728
326,563	-56,725
326,578	-56,717
326,593	-56,714
326,608	-56,712
326,623	-56,708
326,638	-56,722
326,653	-56,739
326,668	-56,754
326,683	-56,778
326,698	-56,782
326,713	-56,798
326,728	-56,817
326,743	-56,833
326,758	-56,854
326,773	-56,866
326,788	-56,861
326,803	-56,862
326,818	-56,846
326,833	-56,843
326,848	-56,840
326,863	-56,829
326,878	-56,814
326,893	-56,794
326,908	-56,775
326,923	-56,773
326,938	-56,773
326,954	-56,778
326,969	-56,784
326,983	-56,784
326,998	-56,791
327,014	-56,797
327,029	-56,823
327,043	-56,849
327,058	-56,862
327,074	-56,883
327,089	-56,892
327,103	-56,902
327,119	-56,921
327,134	-56,929
327,149	-56,950
327,164	-56,951
327,179	-56,942
327,194	-56,942
327,209	-56,938
327,224	-56,941
327,239	-56,946
327,254	-56,938
327,269	-56,936
327,284	-56,931
327,299	-56,925
327,314	-56,939
327,329	-56,945
327,344	-56,969
327,359	-56,987
327,374	-56,997
327,389	-57,012
327,404	-57,032
327,419	-57,046
327,434	-57,072
327,449	-57,088
327,464	-57,103
327,479	-57,111
327,494	-57,112
327,509	-57,124
327,524	-57,135
327,539	-57,136
327,554	-57,136
327,569	-57,129
327,584	-57,123
327,599	-57,123
327,614	-57,121
327,629	-57,121
327,644	-57,121
327,659	-57,114
327,674	-57,129
327,689	-57,129
327,704	-57,144
327,719	-57,164
327,734	-57,177
327,749	-57,195
327,764	-57,200
327,779	-57,220
327,794	-57,235
327,809	-57,253
327,824	-57,275
327,839	-57,279
327,854	-57,277
327,869	-57,284
327,884	-57,278
327,899	-57,286
327,914	-57,299
327,929	-57,303
327,944	-57,314
327,959	-57,316
327,974	-57,328
327,989	-57,349
328,004	-57,363
328,019	-57,393
328,034	-57,414
328,049	-57,430
328,064	-57,450
328,079	-57,468
328,094	-57,496
328,109	-57,527
328,124	-57,545
328,139	-57,563
328,154	-57,578
328,169	-57,593
328,184	-57,619
328,199	-57,631
328,214	-57,649
328,229	-57,655
328,244	-57,649
328,259	-57,662
328,274	-57,665
328,289	-57,665
328,304	-57,683
328,319	-57,679
328,334	-57,686
328,349	-57,688
328,364	-57,690
328,379	-57,714
328,394	-57,723
328,409	-57,742
328,424	-57,760
328,439	-57,767
328,454	-57,775
328,469	-57,792
328,484	-57,809
328,499	-57,830
328,514	-57,840
328,529	-57,857
328,544	-57,858
328,559	-57,852
328,574	-57,863
328,589	-57,870
328,604	-57,871
328,619	-57,866
328,634	-57,854
328,649	-57,844
328,664	-57,833
328,679	-57,822
328,694	-57,816
328,709	-57,803
328,724	-57,780
328,739	-57,770
328,754	-57,753
328,769	-57,757
328,784	-57,757
328,799	-57,752
328,814	-57,754
328,829	-57,744
328,844	-57,742
328,859	-57,739
328,875	-57,742
328,889	-57,750
328,904	-57,746
328,920	-57,729
328,935	-57,730
328,950	-57,716
328,964	-57,712
328,979	-57,704
328,995	-57,688
329,010	-57,678
329,024	-57,653
329,039	-57,628
329,055	-57,617
329,070	-57,604
329,084	-57,596
329,099	-57,576
329,115	-57,553
329,130	-57,536
329,145	-57,523
329,160	-57,521
329,175	-57,510
329,190	-57,494
329,205	-57,487
329,220	-57,479
329,235	-57,468
329,250	-57,472
329,265	-57,471
329,280	-57,475
329,295	-57,470
329,310	-57,461
329,325	-57,453
329,340	-57,443
329,355	-57,441
329,370	-57,436
329,385	-57,427
329,400	-57,421
329,415	-57,411
329,430	-57,397
329,445	-57,392
329,460	-57,384
329,475	-57,380
329,490	-57,374
329,505	-57,362
329,520	-57,359
329,535	-57,347
329,550	-57,343
329,565	-57,340
329,580	-57,334
329,595	-57,333
329,610	-57,325
329,625	-57,316
329,640	-57,312
329,655	-57,310
329,670	-57,304
329,685	-57,297
329,700	-57,281
329,715	-57,269
329,730	-57,255
329,745	-57,248
329,760	-57,242
329,775	-57,228
329,790	-57,213
329,805	-57,209
329,820	-57,195
329,835	-57,195
329,850	-57,195
329,865	-57,195
329,880	-57,197
329,895	-57,187
329,910	-57,189
329,925	-57,192
329,940	-57,194
329,955	-57,198
329,970	-57,199
329,985	-57,195
330,000	-57,191
