285,00000	13,83116
285,01500	13,79316
285,03000	13,76050
285,04500	13,72508
285,06000	13,69063
285,07500	13,65780
285,09000	13,61804
285,10500	13,57533
285,12000	13,53393
285,13500	13,48778
285,15000	13,45037
285,16500	13,41157
285,18000	13,36321
285,19500	13,32484
285,21000	13,27650
285,22500	13,23770
285,24000	13,19942
285,25500	13,15807
285,27000	13,11925
285,28500	13,07247
285,30000	13,02346
285,31500	12,98107
285,33000	12,93196
285,34500	12,88681
285,36000	12,84382
285,37500	12,78992
285,39000	12,73963
285,40500	12,68327
285,42000	12,63382
285,43500	12,58877
285,45000	12,53710
285,46500	12,48614
285,48000	12,43366
285,49500	12,38071
285,51000	12,33196
285,52500	12,27246
285,54000	12,22315
285,55500	12,17332
285,57000	12,11393
285,58500	12,06400
285,60000	12,00575
285,61500	11,95403
285,63000	11,89911
285,64500	11,84501
285,66000	11,79257
285,67500	11,73937
285,69000	11,67948
285,70500	11,62656
285,72000	11,56673
285,73500	11,51258
285,75000	11,45354
285,76500	11,39214
285,78000	11,32642
285,79500	11,25960
285,81000	11,20332
285,82500	11,15661
285,84000	11,10594
285,85500	11,06177
285,87000	11,00738
285,88500	10,94373
285,90100	10,88595
285,91600	10,83476
285,93000	10,79005
285,94500	10,73758
285,96100	10,68329
285,97600	10,63067
285,99000	10,57086
286,00500	10,51433
286,02100	10,47423
286,03600	10,42558
286,05000	10,38796
286,06500	10,33793
286,08000	10,28686
286,09600	10,23668
286,11100	10,18993
286,12500	10,14790
286,14100	10,11097
286,15600	10,06168
286,17100	10,01518
286,18600	9,95894
286,20100	9,91357
286,21600	9,87586
286,23100	9,83829
286,24600	9,80284
286,26100	9,76437
286,27600	9,71150
286,29100	9,66474
286,30600	9,62529
286,32100	9,58737
286,33600	9,55228
286,35100	9,50945
286,36600	9,46344
286,38100	9,42611
286,39600	9,37906
286,41100	9,34764
286,42600	9,31756
286,44100	9,28356
286,45600	9,25131
286,47100	9,20088
286,48600	9,16435
286,50100	9,12951
286,51600	9,09353
286,53100	9,06535
286,54600	9,02375
286,56100	8,98206
286,57600	8,94722
286,59100	8,90775
286,60600	8,87911
286,62100	8,84852
286,63600	8,81486
286,65100	8,79208
286,66600	8,75061
286,68100	8,71873
286,69600	8,69611
286,71100	8,66068
286,72600	8,63888
286,74100	8,60517
286,75600	8,56268
286,77100	8,53152
286,78600	8,49364
286,80100	8,47050
286,81600	8,44703
286,83100	8,41413
286,84600	8,38485
286,86100	8,35521
286,87600	8,32825
286,89100	8,31256
286,90600	8,29404
286,92100	8,28132
286,93600	8,25649
286,95100	8,22490
286,96600	8,20462
286,98100	8,18350
286,99600	8,16616
287,01100	8,14683
287,02600	8,11440
287,04100	8,09393
287,05600	8,06230
287,07100	8,04040
287,08600	8,02917
287,10100	8,00389
287,11600	7,98179
287,13100	7,95786
287,14600	7,93102
287,16100	7,91060
287,17600	7,88895
287,19100	7,87030
287,20600	7,85736
287,22100	7,82880
287,23600	7,81007
287,25100	7,78361
287,26600	7,76997
287,28100	7,75945
287,29600	7,75036
287,31100	7,73264
287,32600	7,71568
287,34100	7,69192
287,35600	7,67624
287,37100	7,66159
287,38600	7,64585
287,40100	7,63990
287,41600	7,62566
287,43100	7,59971
287,44600	7,58284
287,46100	7,56910
287,47600	7,55580
287,49100	7,54649
287,50600	7,53022
287,52100	7,52090
287,53600	7,49743
287,55100	7,48086
287,56600	7,46772
287,58100	7,45567
287,59600	7,44898
287,61100	7,44581
287,62600	7,42219
287,64100	7,41018
287,65600	7,38945
287,67100	7,38271
287,68600	7,37920
287,70100	7,37379
287,71600	7,35999
287,73100	7,33805
287,74600	7,32614
287,76100	7,32094
287,77600	7,31192
287,79100	7,31343
287,80600	7,30133
287,82100	7,28441
287,83600	7,27707
287,85100	7,26353
287,86600	7,26206
287,88100	7,26465
287,89700	7,25160
287,91100	7,24606
287,92600	7,22606
287,94200	7,21888
287,95700	7,21785
287,97100	7,21191
287,98600	7,21937
288,00200	7,20946
288,01700	7,19457
288,03100	7,18695
288,04600	7,17981
288,06200	7,18241
288,07700	7,18891
288,09200	7,17506
288,10700	7,16727
288,12200	7,15387
288,13700	7,15036
288,15200	7,15265
288,16700	7,14512
288,18200	7,14050
288,19700	7,13352
288,21200	7,12673
288,22700	7,12421
288,24200	7,12422
288,25700	7,12418
288,27200	7,13402
288,28700	7,12847
288,30200	7,12753
288,31700	7,11865
288,33200	7,11316
288,34700	7,11758
288,36200	7,12667
288,37700	7,12207
288,39200	7,11701
288,40700	7,10819
288,42200	7,10701
288,43700	7,10707
288,45200	7,11253
288,46700	7,11944
288,48200	7,11429
288,49700	7,10835
288,51200	7,10633
288,52700	7,10004
288,54200	7,11062
288,55700	7,11966
288,57200	7,12320
288,58700	7,12365
288,60200	7,11746
288,61700	7,11970
288,63200	7,13073
288,64700	7,13804
288,66200	7,15148
288,67700	7,15392
288,69200	7,14937
288,70700	7,15303
288,72200	7,15109
288,73700	7,16123
288,75200	7,17271
288,76700	7,17876
288,78200	7,17691
288,79700	7,16871
288,81200	7,17234
288,82700	7,18811
288,84200	7,18750
288,85700	7,19790
288,87200	7,18900
288,88700	7,18522
288,90200	7,18988
288,91700	7,18715
288,93200	7,19911
288,94700	7,21385
288,96200	7,21221
288,97700	7,21776
288,99200	7,21656
289,00700	7,22148
289,02200	7,23998
289,03700	7,24915
289,05200	7,26628
289,06700	7,27366
289,08200	7,27077
289,09700	7,28020
289,11200	7,28773
289,12700	7,29478
289,14200	7,31523
289,15700	7,31333
289,17200	7,31740
289,18700	7,31653
289,20200	7,31776
289,21700	7,33219
289,23200	7,34740
289,24700	7,35956
289,26200	7,36614
289,27700	7,37232
289,29200	7,37919
289,30700	7,38536
289,32200	7,38736
289,33700	7,39219
289,35200	7,38620
289,36700	7,39460
289,38200	7,39338
289,39700	7,39508
289,41200	7,39997
289,42700	7,39825
289,44200	7,40060
289,45700	7,39749
289,47200	7,39080
289,48700	7,38645
289,50200	7,37956
289,51700	7,37173
289,53200	7,37334
289,54700	7,35806
289,56200	7,34810
289,57700	7,33660
289,59200	7,32025
289,60700	7,32061
289,62200	7,31403
289,63700	7,30448
289,65200	7,29397
289,66700	7,27457
289,68200	7,26576
289,69700	7,25934
289,71200	7,24366
289,72700	7,22810
289,74200	7,20453
289,75700	7,17953
289,77200	7,16198
289,78700	7,14606
289,80200	7,13328
289,81700	7,11444
289,83200	7,09415
289,84700	7,07739
289,86200	7,04851
289,87700	7,02223
289,89200	7,00715
289,90700	6,98042
289,92300	6,95542
289,93700	6,91765
289,95200	6,88437
289,96700	6,85653
289,98300	6,82667
289,99800	6,80474
290,00000	6,78276
290,01500	6,74848
290,03000	6,72625
290,04500	6,69331
290,06000	6,66166
290,07500	6,63811
290,09000	6,60150
290,10500	6,56747
290,12000	6,53090
290,13500	6,48595
290,15000	6,44875
290,16500	6,41017
290,18000	6,36575
290,19500	6,33791
290,21000	6,28964
290,22500	6,25750
290,24000	6,22243
290,25500	6,18004
290,27000	6,14765
290,28500	6,10729
290,30000	6,07029
290,31500	6,02905
290,33000	5,98007
290,34500	5,93969
290,36000	5,89609
290,37500	5,85546
290,39000	5,81111
290,40500	5,75515
290,42000	5,71393
290,43500	5,66601
290,45000	5,61343
290,46500	5,57012
290,48000	5,52473
290,49500	5,47999
290,51000	5,43336
290,52500	5,37194
290,54000	5,32145
290,55500	5,26756
290,57000	5,20877
290,58500	5,16701
290,60000	5,10847
290,61500	5,05389
290,63000	4,99599
290,64500	4,93835
290,66000	4,89228
290,67500	4,84777
290,69000	4,79582
290,70500	4,74760
290,72000	4,68401
290,73500	4,62749
290,75000	4,57300
290,76500	4,51159
290,78000	4,44587
290,79500	4,37906
290,81000	4,32277
290,82500	4,27607
290,84000	4,22540
290,85500	4,18123
290,87000	4,12683
290,88500	4,06320
290,90100	4,00543
290,91600	3,95425
290,93000	3,90953
290,94500	3,85707
290,96100	3,80277
290,97600	3,75016
290,99000	3,69035
291,00500	3,63381
291,02100	3,59371
291,03600	3,54507
291,05000	3,50744
291,06500	3,45740
291,08000	3,40632
291,09600	3,35613
291,11100	3,30938
291,12500	3,26735
291,14100	3,23042
291,15600	3,18113
291,17100	3,13462
291,18600	3,07839
291,20100	3,03302
291,21600	2,99531
291,23100	2,95773
291,24600	2,92230
291,26100	2,88383
291,27600	2,83097
291,29100	2,78422
291,30600	2,74476
291,32100	2,70684
291,33600	2,67175
291,35100	2,62892
291,36600	2,58291
291,38100	2,54558
291,39600	2,49853
291,41100	2,46711
291,42600	2,43702
291,44100	2,40301
291,45600	2,37074
291,47100	2,32032
291,48600	2,28378
291,50100	2,24895
291,51600	2,21297
291,53100	2,18478
291,54600	2,14319
291,56100	2,10150
291,57600	2,06665
291,59100	2,02719
291,60600	1,99855
291,62100	1,96798
291,63600	1,93433
291,65100	1,91154
291,66600	1,87009
291,68100	1,83821
291,69600	1,81558
291,71100	1,78016
291,72600	1,75836
291,74100	1,72464
291,75600	1,68216
291,77100	1,65099
291,78600	1,61310
291,80100	1,58995
291,81600	1,56647
291,83100	1,53356
291,84600	1,50429
291,86100	1,47464
291,87600	1,44768
291,89100	1,43200
291,90600	1,41348
291,92100	1,40075
291,93600	1,37592
291,95100	1,34434
291,96600	1,32407
291,98100	1,30296
291,99600	1,28562
292,01100	1,26631
292,02600	1,23388
292,04100	1,21342
292,05600	1,18178
292,07100	1,15988
292,08600	1,14865
292,10100	1,12338
292,11600	1,10128
292,13100	1,07734
292,14600	1,05050
292,16100	1,03007
292,17600	1,00841
292,19100	0,98974
292,20600	0,97680
292,22100	0,94825
292,23600	0,92951
292,25100	0,90306
292,26600	0,88942
292,28100	0,87889
292,29600	0,86980
292,31100	0,85209
292,32600	0,83513
292,34100	0,81137
292,35600	0,79569
292,37100	0,78106
292,38600	0,76533
292,40100	0,75938
292,41600	0,74514
292,43100	0,71919
292,44600	0,70232
292,46100	0,68857
292,47600	0,67528
292,49100	0,66596
292,50600	0,64969
292,52100	0,64037
292,53600	0,61688
292,55100	0,60031
292,56600	0,58717
292,58100	0,57512
292,59600	0,56843
292,61100	0,56526
292,62600	0,54163
292,64100	0,52962
292,65600	0,50889
292,67100	0,50216
292,68600	0,49864
292,70100	0,49324
292,71600	0,47945
292,73100	0,45751
292,74600	0,44561
292,76100	0,44042
292,77600	0,43140
292,79100	0,43290
292,80600	0,42080
292,82100	0,40388
292,83600	0,39654
292,85100	0,38301
292,86600	0,38153
292,88100	0,38412
292,89700	0,37106
292,91100	0,36550
292,92600	0,34550
292,94200	0,33833
292,95700	0,33730
292,97100	0,33136
292,98600	0,33881
293,00200	0,32890
293,01700	0,31402
293,03100	0,30640
293,04600	0,29926
293,06200	0,30185
293,07700	0,30837
293,09200	0,29452
293,10700	0,28674
293,12200	0,27335
293,13700	0,26983
293,15200	0,27321
293,16700	0,27210
293,18200	0,28045
293,19700	0,26898
293,21200	0,26816
293,22700	0,27119
293,24200	0,26595
293,25700	0,26606
293,27200	0,26734
293,28700	0,25585
293,30200	0,25303
293,31700	0,24344
293,33200	0,24441
293,34700	0,24744
293,36200	0,24791
293,37700	0,24877
293,39200	0,23507
293,40700	0,22597
293,42200	0,22246
293,43700	0,21569
293,45200	0,21502
293,46700	0,21254
293,48200	0,20250
293,49700	0,19349
293,51200	0,18049
293,52700	0,18012
293,54200	0,18892
293,55700	0,18142
293,57200	0,18631
293,58700	0,17553
293,60200	0,16562
293,61700	0,16434
293,63200	0,16522
293,64700	0,16579
293,66200	0,17227
293,67700	0,16347
293,69200	0,15583
293,70700	0,14672
293,72200	0,14326
293,73700	0,14948
293,75200	0,14396
293,76700	0,14724
293,78200	0,13839
293,79700	0,12650
293,81200	0,12354
293,82700	0,12968
293,84200	0,12676
293,85700	0,12397
293,87200	0,10950
293,88700	0,09788
293,90200	0,08690
293,91700	0,08320
293,93200	0,08404
293,94700	0,08720
293,96200	0,08312
293,97700	0,08255
293,99200	0,08044
294,00700	0,07850
294,02200	0,08150
294,03700	0,08106
294,05200	0,08414
294,06700	0,07358
294,08200	0,06177
294,09700	0,05040
294,11200	0,04545
294,12700	0,03910
294,14200	0,04410
294,15700	0,02843
294,17200	0,02600
294,18700	0,01971
294,20200	0,01600
294,21700	0,00636
294,23200	0,00763
294,24700	0,01465
294,26200	0,00108
294,27700	-0,00819
294,29200	-0,01150
294,30700	-0,01871
294,32200	-0,01971
294,33700	-0,02542
294,35200	-0,03313
294,36700	-0,04390
294,38200	-0,05876
294,39700	-0,06295
294,41200	-0,06680
294,42700	-0,07510
294,44200	-0,06504
294,45700	-0,08024
294,47200	-0,08764
294,48700	-0,09508
294,50200	-0,10654
294,51700	-0,10607
294,53200	-0,10686
294,54700	-0,12162
294,56200	-0,12686
294,57700	-0,14581
294,59200	-0,15620
294,60700	-0,15474
294,62200	-0,15995
294,63700	-0,15630
294,65200	-0,16676
294,66700	-0,17808
294,68200	-0,18533
294,69700	-0,19574
294,71200	-0,18826
294,72700	-0,19830
294,74200	-0,21657
294,75700	-0,22397
294,77200	-0,23886
294,78700	-0,23786
294,80200	-0,22882
294,81700	-0,22851
294,83200	-0,22682
294,84700	-0,23794
294,86200	-0,25069
294,87700	-0,24940
294,89200	-0,25620
294,90700	-0,24826
294,92300	-0,25258
294,93700	-0,26545
294,95200	-0,26578
294,96700	-0,27550
294,98300	-0,27218
294,99800	-0,26518
295,01200	-0,27282
295,02700	-0,27442
295,04300	-0,28534
295,05800	-0,30251
295,07200	-0,29027
295,08800	-0,28953
295,10300	-0,28452
295,11800	-0,28785
295,13300	-0,29609
295,14800	-0,29688
295,16300	-0,29937
295,17800	-0,29981
295,19300	-0,29370
295,20800	-0,29221
295,22300	-0,29960
295,23800	-0,30333
295,25300	-0,30824
295,26800	-0,29816
295,28300	-0,29607
295,29800	-0,29075
295,31300	-0,28306
295,32800	-0,29245
295,34300	-0,29170
295,35800	-0,29081
295,37300	-0,28694
295,38800	-0,27498
295,40300	-0,27175
295,41800	-0,27269
295,43300	-0,28010
295,44800	-0,28551
295,46300	-0,27892
295,47800	-0,27484
295,49300	-0,27399
295,50800	-0,27200
295,52300	-0,27458
295,53800	-0,27310
295,55300	-0,26852
295,56800	-0,26956
295,58300	-0,25695
295,59800	-0,25053
295,61300	-0,24676
295,62800	-0,24527
295,64300	-0,24596
295,65800	-0,24125
295,67300	-0,22740
295,68800	-0,22325
295,70300	-0,21416
295,71800	-0,21699
295,73300	-0,20497
295,74800	-0,19793
295,76300	-0,19443
295,77800	-0,17953
295,79300	-0,17240
295,80800	-0,17600
295,82300	-0,16873
295,83800	-0,17121
295,85300	-0,16106
295,86800	-0,15368
295,88300	-0,14307
295,89800	-0,12958
295,91300	-0,12851
295,92800	-0,11781
295,94300	-0,10190
295,95800	-0,10251
295,97300	-0,08634
295,98800	-0,07767
296,00300	-0,08171
296,01800	-0,07275
296,03300	-0,07397
296,04800	-0,06460
296,06300	-0,04585
296,07800	-0,05143
296,09300	-0,04355
296,10800	-0,04209
296,12300	-0,03853
296,13800	-0,02608
296,15300	-0,02132
296,16800	-0,01340
296,18300	-0,00455
296,19800	0,00011
296,21300	0,00232
296,22800	0,00258
296,24300	0,00964
296,25800	0,01355
296,27300	0,01596
296,28800	0,01785
296,30300	0,02170
296,31800	0,01929
296,33300	0,01472
296,34800	0,01416
296,36300	0,01373
296,37800	0,00650
296,39300	0,00067
296,40800	-0,01002
296,42300	-0,01304
296,43800	-0,01259
296,45300	-0,01877
296,46800	-0,03014
296,48300	-0,03358
296,49800	-0,04186
296,51300	-0,04683
296,52800	-0,04625
296,54300	-0,04365
296,55800	-0,04553
296,57300	-0,04475
296,58800	-0,05157
296,60300	-0,06169
296,61800	-0,07073
296,63300	-0,07079
296,64800	-0,08041
296,66300	-0,08429
296,67800	-0,10218
296,69300	-0,11230
296,70800	-0,11989
296,72300	-0,13292
296,73800	-0,13886
296,75300	-0,14815
296,76800	-0,16108
296,78300	-0,17352
296,79800	-0,18757
296,81300	-0,19896
296,82800	-0,21577
296,84300	-0,23038
296,85800	-0,24723
296,87300	-0,25868
296,88900	-0,27642
296,90200	-0,28786
296,91700	-0,30364
296,93200	-0,31736
296,94700	-0,32476
296,96200	-0,34098
296,97700	-0,35761
296,99200	-0,37148
297,00700	-0,37941
297,02200	-0,39425
297,03700	-0,41328
297,05200	-0,42864
297,06700	-0,44831
297,08200	-0,46312
297,09700	-0,47929
297,11200	-0,49682
297,12700	-0,51471
297,14200	-0,53355
297,15700	-0,55177
297,17200	-0,56675
297,18700	-0,58346
297,20200	-0,60039
297,21700	-0,61897
297,23200	-0,63939
297,24700	-0,66295
297,26200	-0,68095
297,27700	-0,71049
297,29200	-0,72824
297,30700	-0,75237
297,32200	-0,77597
297,33700	-0,80359
297,35200	-0,82861
297,36700	-0,84719
297,38200	-0,86409
297,39700	-0,88493
297,41200	-0,90341
297,42700	-0,92512
297,44200	-0,95644
297,45700	-0,97943
297,47200	-1,00174
297,48700	-1,02344
297,50200	-1,04662
297,51700	-1,06581
297,53200	-1,08625
297,54700	-1,11341
297,56200	-1,13576
297,57700	-1,15631
297,59200	-1,17102
297,60700	-1,18133
297,62200	-1,19835
297,63700	-1,22249
297,65200	-1,24423
297,66700	-1,26593
297,68200	-1,28039
297,69700	-1,30581
297,71200	-1,33829
297,72700	-1,35800
297,74200	-1,39156
297,75700	-1,41108
297,77200	-1,41893
297,78700	-1,43795
297,80200	-1,45623
297,81700	-1,48334
297,83200	-1,50524
297,84700	-1,51418
297,86200	-1,52987
297,87700	-1,54026
297,89200	-1,54122
297,90700	-1,56248
297,92300	-1,57271
297,93700	-1,58757
297,95200	-1,59644
297,96700	-1,59814
297,98300	-1,60714
297,99800	-1,61668
298,01200	-1,63084
298,02700	-1,64996
298,04300	-1,65519
298,05800	-1,66543
298,07200	-1,67503
298,08800	-1,68075
298,10300	-1,69679
298,11800	-1,70970
298,13300	-1,71632
298,14800	-1,73291
298,16300	-1,73094
298,17800	-1,74276
298,19300	-1,75042
298,20800	-1,76456
298,22300	-1,78047
298,23800	-1,77983
298,25300	-1,77930
298,26800	-1,78824
298,28300	-1,78840
298,29800	-1,79834
298,31300	-1,80407
298,32800	-1,80817
298,34300	-1,81495
298,35800	-1,80623
298,37300	-1,80491
298,38800	-1,82012
298,40300	-1,82380
298,41800	-1,83935
298,43300	-1,83812
298,44800	-1,82816
298,46300	-1,83051
298,47800	-1,82527
298,49300	-1,83163
298,50800	-1,84149
298,52300	-1,84408
298,53800	-1,84519
298,55300	-1,83532
298,56800	-1,82749
298,58300	-1,83817
298,59800	-1,83852
298,61300	-1,84539
298,62800	-1,83835
298,64300	-1,82416
298,65800	-1,81842
298,67300	-1,81129
298,68800	-1,81938
298,70300	-1,82308
298,71800	-1,81480
298,73300	-1,81234
298,74800	-1,79892
298,76300	-1,79056
298,77800	-1,79286
298,79300	-1,78070
298,80800	-1,78515
298,82300	-1,77375
298,83800	-1,75852
298,85300	-1,74267
298,86800	-1,73124
298,88300	-1,73206
298,89800	-1,73681
298,91300	-1,72047
298,92800	-1,71534
298,94300	-1,69904
298,95800	-1,68602
298,97300	-1,68168
298,98800	-1,67343
299,00300	-1,66382
299,01800	-1,65059
299,03300	-1,63122
299,04800	-1,62546
299,06300	-1,61294
299,07800	-1,60609
299,09300	-1,60379
299,10800	-1,58773
299,12300	-1,57640
299,13800	-1,56624
299,15300	-1,54572
299,16800	-1,54442
299,18300	-1,53884
299,19800	-1,52465
299,21300	-1,51359
299,22800	-1,49079
299,24300	-1,47156
299,25800	-1,45242
299,27300	-1,44161
299,28800	-1,43420
299,30300	-1,41349
299,31800	-1,38885
299,33300	-1,37054
299,34800	-1,34917
299,36300	-1,33811
299,37800	-1,32621
299,39300	-1,30795
299,40800	-1,29689
299,42300	-1,26886
299,43800	-1,24580
299,45300	-1,23743
299,46800	-1,21902
299,48300	-1,20643
299,49800	-1,18515
299,51300	-1,16243
299,52800	-1,14422
299,54300	-1,12095
299,55800	-1,10324
299,57300	-1,08507
299,58800	-1,06323
299,60300	-1,03961
299,61800	-1,01351
299,63300	-0,99104
299,64800	-0,97884
299,66300	-0,95334
299,67800	-0,94228
299,69300	-0,92074
299,70800	-0,88547
299,72300	-0,86056
299,73800	-0,83595
299,75300	-0,81763
299,76800	-0,79888
299,78300	-0,76932
299,79800	-0,74417
299,81300	-0,71331
299,82800	-0,69649
299,84300	-0,68085
299,85800	-0,64735
299,87300	-0,63102
299,88900	-0,60560
299,90300	-0,56952
299,91800	-0,54094
299,93300	-0,50918
299,94900	-0,48203
299,96400	-0,45632
299,97800	-0,42365
299,99300	-0,39418
300,00900	-0,36048
300,02400	-0,32250
300,03800	-0,29799
300,05300	-0,26847
300,06800	-0,23909
300,08400	-0,21661
300,09900	-0,17467
300,11400	-0,14157
300,12900	-0,11284
300,14400	-0,08839
300,15900	-0,06213
300,17400	-0,03343
300,18900	-0,00426
300,20400	0,02137
300,21900	0,05375
300,23400	0,08020
300,24900	0,10273
300,26400	0,12733
300,27900	0,14885
300,29400	0,16718
300,30900	0,18873
300,32400	0,21418
300,33900	0,23929
300,35400	0,26620
300,36900	0,28270
300,38400	0,31278
300,39900	0,33254
300,41400	0,35883
300,42900	0,38012
300,44400	0,39929
300,45900	0,41728
300,47400	0,43683
300,48900	0,45422
300,50400	0,47216
300,51900	0,48238
300,53400	0,50249
300,54900	0,52317
300,56400	0,53374
300,57900	0,56038
300,59400	0,57480
300,60900	0,59341
300,62400	0,60910
300,63900	0,62074
300,65400	0,64143
300,66900	0,65728
300,68400	0,67661
300,69900	0,69377
300,71400	0,70179
300,72900	0,72339
300,74400	0,73980
300,75900	0,74432
300,77400	0,76516
300,78900	0,77650
300,80400	0,78761
300,81900	0,79980
300,83400	0,81032
300,84900	0,82792
300,86400	0,83448
300,87900	0,83855
300,89400	0,84822
300,90200	0,84861
300,91700	0,86282
300,93200	0,87150
300,94700	0,88068
300,96200	0,89708
300,97700	0,89816
300,99200	0,91077
301,00700	0,91835
301,02200	0,92097
301,03700	0,93383
301,05200	0,94089
301,06700	0,93928
301,08200	0,93733
301,09700	0,93128
301,11200	0,93378
301,12700	0,93660
301,14200	0,94182
301,15700	0,94388
301,17200	0,94493
301,18700	0,95412
301,20200	0,96015
301,21700	0,94892
301,23200	0,95371
301,24700	0,96136
301,26200	0,95677
301,27700	0,95951
301,29200	0,95976
301,30700	0,95670
301,32200	0,95304
301,33700	0,95582
301,35200	0,95996
301,36700	0,94520
301,38200	0,94360
301,39700	0,94104
301,41200	0,93363
301,42700	0,92545
301,44200	0,93007
301,45700	0,91777
301,47200	0,90823
301,48700	0,89959
301,50200	0,88930
301,51700	0,88273
301,53200	0,87057
301,54700	0,85620
301,56200	0,84869
301,57700	0,82691
301,59200	0,82058
301,60700	0,80865
301,62200	0,79397
301,63700	0,79354
301,65200	0,78049
301,66700	0,76917
301,68200	0,76192
301,69700	0,75150
301,71200	0,75900
301,72700	0,74897
301,74200	0,73070
301,75700	0,72331
301,77200	0,70842
301,78700	0,70942
301,80200	0,71845
301,81700	0,71874
301,83200	0,72043
301,84700	0,70931
301,86200	0,69655
301,87700	0,69785
301,89200	0,69105
301,90700	0,69899
301,92300	0,69466
301,93700	0,68180
301,95200	0,68147
301,96700	0,67174
301,98300	0,67507
301,99800	0,68207
302,01200	0,67443
302,02700	0,67283
302,04300	0,66191
302,05800	0,64473
302,07200	0,65699
302,08800	0,65773
302,10300	0,66275
302,11800	0,65943
302,13300	0,65119
302,14800	0,65040
302,16300	0,64790
302,17800	0,64745
302,19300	0,65354
302,20800	0,65504
302,22300	0,64764
302,23800	0,64392
302,25300	0,63901
302,26800	0,64909
302,28300	0,65118
302,29800	0,65650
302,31300	0,66419
302,32800	0,65480
302,34300	0,65554
302,35800	0,65644
302,37300	0,66031
302,38800	0,67227
302,40300	0,67550
302,41800	0,67455
302,43300	0,66716
302,44800	0,66175
302,46300	0,66836
302,47800	0,67244
302,49300	0,67329
302,50800	0,67528
302,52300	0,67268
302,53800	0,67416
302,55300	0,67872
302,56800	0,67768
302,58300	0,69030
302,59800	0,69671
302,61300	0,70049
302,62800	0,70198
302,64300	0,70129
302,65800	0,70600
302,67300	0,71985
302,68800	0,72400
302,70300	0,73309
302,71800	0,73026
302,73300	0,74228
302,74800	0,74932
302,76300	0,75282
302,77800	0,76771
302,79300	0,77486
302,80800	0,77127
302,82300	0,77854
302,83800	0,77607
302,85300	0,78623
302,86800	0,79360
302,88300	0,80421
302,89800	0,81768
302,91300	0,81874
302,92800	0,82944
302,94300	0,84534
302,95800	0,84472
302,97300	0,86090
302,98800	0,86956
303,00300	0,86552
303,01800	0,87449
303,03300	0,87327
303,04800	0,88263
303,06300	0,90139
303,07800	0,89581
303,09300	0,90368
303,10800	0,90515
303,12300	0,90870
303,13800	0,92116
303,15300	0,92593
303,16800	0,93386
303,18300	0,94271
303,19800	0,94739
303,21300	0,94959
303,22800	0,94985
303,24300	0,95690
303,25800	0,96080
303,27300	0,96320
303,28800	0,96508
303,30300	0,96892
303,31800	0,96650
303,33300	0,96194
303,34800	0,96138
303,36300	0,96095
303,37800	0,95371
303,39300	0,94789
303,40800	0,93720
303,42300	0,93418
303,43800	0,93462
303,45300	0,92845
303,46800	0,91708
303,48300	0,91364
303,49800	0,90538
303,51300	0,90042
303,52800	0,90101
303,54300	0,90361
303,55800	0,90174
303,57300	0,90252
303,58800	0,89569
303,60300	0,88556
303,61800	0,87651
303,63300	0,87645
303,64800	0,86682
303,66300	0,86293
303,67800	0,84504
303,69300	0,83492
303,70800	0,82733
303,72300	0,81430
303,73800	0,80836
303,75300	0,79907
303,76800	0,78614
303,78300	0,77369
303,79800	0,75964
303,81300	0,74826
303,82800	0,73145
303,84300	0,71685
303,85800	0,70001
303,87300	0,68856
303,88900	0,67084
303,90200	0,65941
303,91700	0,64363
303,93200	0,62992
303,94700	0,62250
303,96200	0,60628
303,97700	0,58963
303,99200	0,57576
304,00700	0,56782
304,02200	0,55297
304,03700	0,53394
304,05200	0,51857
304,06700	0,49891
304,08200	0,48410
304,09700	0,46793
304,11200	0,45040
304,12700	0,43250
304,14200	0,41366
304,15700	0,39545
304,17200	0,38047
304,18700	0,36376
304,20200	0,34684
304,21700	0,32827
304,23200	0,30786
304,24700	0,28431
304,26200	0,26632
304,27700	0,23679
304,29200	0,21905
304,30700	0,19492
304,32200	0,17131
304,33700	0,14367
304,35200	0,11864
304,36700	0,10006
304,38200	0,08315
304,39700	0,06231
304,41200	0,04383
304,42700	0,02212
304,44200	-0,00920
304,45700	-0,03219
304,47200	-0,05450
304,48700	-0,07620
304,50200	-0,09939
304,51700	-0,11857
304,53200	-0,13901
304,54700	-0,16617
304,56200	-0,18852
304,57700	-0,20907
304,59200	-0,22377
304,60700	-0,23407
304,62200	-0,25108
304,63700	-0,27521
304,65200	-0,29694
304,66700	-0,31864
304,68200	-0,33311
304,69700	-0,35854
304,71200	-0,39103
304,72700	-0,41074
304,74200	-0,44431
304,75700	-0,46382
304,77200	-0,47167
304,78700	-0,49069
304,80200	-0,50897
304,81700	-0,53608
304,83200	-0,55798
304,84700	-0,56692
304,86200	-0,58261
304,87700	-0,59300
304,89200	-0,59396
304,90700	-0,61522
304,92300	-0,62546
304,93700	-0,64032
304,95200	-0,64917
304,96700	-0,65086
304,98300	-0,65985
304,99800	-0,66940
305,01200	-0,68355
305,02700	-0,70267
305,04300	-0,70791
305,05800	-0,71816
305,07200	-0,72777
305,08800	-0,73350
305,10300	-0,74953
305,11800	-0,76245
305,13300	-0,76906
305,14800	-0,78565
305,16300	-0,78368
305,17800	-0,79550
305,19300	-0,80316
305,20800	-0,81731
305,22300	-0,83321
305,23800	-0,83119
305,25300	-0,82957
305,26800	-0,83774
305,28300	-0,83744
305,29800	-0,84722
305,31300	-0,85309
305,32800	-0,85763
305,34300	-0,86517
305,35800	-0,85751
305,37300	-0,85757
305,38800	-0,87447
305,40300	-0,88014
305,41800	-0,89798
305,43300	-0,89936
305,44800	-0,89230
305,46300	-0,89786
305,47800	-0,89613
305,49300	-0,90632
305,50800	-0,92030
305,52300	-0,92733
305,53800	-0,93318
305,55300	-0,92836
305,56800	-0,92588
305,58300	-0,94223
305,59800	-0,94855
305,61300	-0,96169
305,62800	-0,96124
305,64300	-0,95394
305,65800	-0,95540
305,67300	-0,95576
305,68800	-0,97165
305,70300	-0,98347
305,71800	-0,98361
305,73300	-0,98988
305,74800	-0,98550
305,76300	-0,98650
305,77800	-0,99845
305,79300	-0,99625
305,80800	-1,01096
305,82300	-1,01014
305,83800	-1,00578
305,85300	-1,00111
305,86800	-1,00116
305,88300	-1,01377
305,89800	-1,03062
305,91300	-1,02668
305,92800	-1,03427
305,94300	-1,03099
305,95800	-1,03130
305,97300	-1,04059
305,98800	-1,04628
306,00300	-1,05092
306,01800	-1,05225
306,03300	-1,04772
306,04800	-1,05712
306,06300	-1,06007
306,07800	-1,06899
306,09300	-1,08277
306,10800	-1,08311
306,12300	-1,08848
306,13800	-1,09535
306,15300	-1,09215
306,16800	-1,10847
306,18300	-1,12082
306,19800	-1,12488
306,21300	-1,13238
306,22800	-1,12842
306,24300	-1,12834
306,25800	-1,12866
306,27300	-1,13764
306,28800	-1,15030
306,30300	-1,14996
306,31800	-1,14601
306,33300	-1,14871
306,34800	-1,14865
306,36300	-1,15922
306,37800	-1,16925
306,39300	-1,17323
306,40800	-1,18471
306,42300	-1,17952
306,43800	-1,17961
306,45300	-1,19469
306,46800	-1,20006
306,48300	-1,21154
306,49800	-1,21465
306,51300	-1,21662
306,52800	-1,22342
306,54300	-1,22546
306,55800	-1,23335
306,57300	-1,24109
306,58800	-1,24547
306,60300	-1,24838
306,61800	-1,24911
306,63300	-1,25377
306,64800	-1,26902
306,66300	-1,27127
306,67800	-1,28827
306,69300	-1,29510
306,70800	-1,28850
306,72300	-1,29257
306,73800	-1,29725
306,75300	-1,30991
306,76800	-1,32214
306,78300	-1,32354
306,79800	-1,32937
306,81300	-1,32948
306,82800	-1,34363
306,84300	-1,35898
306,85800	-1,35646
306,87300	-1,37111
306,88900	-1,37667
306,90300	-1,37157
306,91800	-1,37397
306,93300	-1,37319
306,94900	-1,37702
306,96400	-1,38229
306,97800	-1,38060
306,99300	-1,38211
307,00900	-1,37939
307,02400	-1,37240
307,03800	-1,37886
307,05300	-1,38032
307,06800	-1,38192
307,08400	-1,39043
307,09900	-1,37947
307,11400	-1,37735
307,12900	-1,37959
307,14400	-1,38611
307,15900	-1,39228
307,17400	-1,39239
307,18900	-1,39155
307,20400	-1,38789
307,21900	-1,38234
307,23400	-1,39272
307,24900	-1,39681
307,26400	-1,39394
307,27900	-1,39500
307,29400	-1,38771
307,30900	-1,38991
307,32400	-1,39147
307,33900	-1,38859
307,35400	-1,38935
307,36900	-1,38931
307,38400	-1,37715
307,39900	-1,37299
307,41400	-1,35945
307,42900	-1,36497
307,44400	-1,36954
307,45900	-1,36568
307,47400	-1,35859
307,48900	-1,35359
307,50400	-1,34268
307,51900	-1,35193
307,53400	-1,34966
307,54900	-1,35430
307,56400	-1,34200
307,57900	-1,32661
307,59400	-1,31943
307,60900	-1,30535
307,62400	-1,30909
307,63900	-1,31134
307,65400	-1,29953
307,66900	-1,29254
307,68400	-1,27315
307,69900	-1,25822
307,71400	-1,26171
307,72900	-1,24385
307,74400	-1,23945
307,75900	-1,23142
307,77400	-1,21346
307,78900	-1,20716
307,80400	-1,20052
307,81900	-1,19522
307,83400	-1,19235
307,84900	-1,17638
307,86400	-1,16313
307,87900	-1,14622
307,89400	-1,13243
307,90900	-1,13344
307,92400	-1,12417
307,93900	-1,12299
307,95400	-1,11059
307,96900	-1,09293
307,98400	-1,08232
307,99900	-1,07160
308,01400	-1,06888
308,02900	-1,05901
308,04400	-1,04150
308,05900	-1,02602
308,07400	-1,01020
308,08900	-0,99398
308,10400	-0,99151
308,11900	-0,98671
308,13400	-0,97183
308,14900	-0,95527
308,16400	-0,93289
308,17900	-0,91847
308,19400	-0,89341
308,20900	-0,88012
308,22400	-0,87527
308,23900	-0,85617
308,25400	-0,83320
308,26900	-0,81713
308,28400	-0,79436
308,29900	-0,78667
308,31400	-0,77770
308,32900	-0,76536
308,34400	-0,73911
308,35900	-0,71421
308,37400	-0,69615
308,38900	-0,67983
308,40400	-0,66287
308,41900	-0,65236
308,43400	-0,63162
308,44900	-0,60895
308,46400	-0,59199
308,47900	-0,57940
308,49400	-0,57102
308,50900	-0,55861
308,52400	-0,54195
308,53900	-0,53163
308,55400	-0,50791
308,56900	-0,49204
308,58400	-0,47398
308,59900	-0,45116
308,61400	-0,43837
308,62900	-0,42011
308,64400	-0,39118
308,65900	-0,37079
308,67400	-0,34509
308,68900	-0,33548
308,70400	-0,32169
308,71900	-0,29455
308,73400	-0,27094
308,74900	-0,24117
308,76400	-0,21839
308,77900	-0,20857
308,79400	-0,18828
308,80900	-0,17633
308,82400	-0,14517
308,83900	-0,11019
308,85400	-0,08792
308,86900	-0,06679
308,88400	-0,04939
308,89900	-0,02747
308,91400	0,00434
308,93000	0,02641
308,94500	0,05802
308,95900	0,09568
308,97400	0,11051
308,99000	0,12728
309,00500	0,15522
309,01900	0,17675
309,03400	0,21466
309,05000	0,24195
309,06500	0,26556
309,07900	0,28229
309,09400	0,30183
309,11000	0,33170
309,12500	0,35612
309,14000	0,39185
309,15500	0,42604
309,17000	0,44370
309,18500	0,46692
309,20000	0,49163
309,21500	0,51559
309,23000	0,55192
309,24500	0,57156
309,26000	0,59776
309,27500	0,62217
309,29000	0,65069
309,30500	0,68643
309,32000	0,72147
309,33500	0,75084
309,35000	0,78250
309,36500	0,80388
309,38000	0,82631
309,39500	0,85280
309,41000	0,88411
309,42500	0,92238
309,44000	0,95330
309,45500	0,98460
309,47000	1,01209
309,48500	1,03838
309,50000	1,06681
309,51500	1,10393
309,53000	1,13887
309,54500	1,17143
309,56000	1,19657
309,57500	1,22168
309,59000	1,24928
309,60500	1,27741
309,62000	1,31934
309,63500	1,35423
309,65000	1,37318
309,66500	1,40871
309,68000	1,43348
309,69500	1,46851
309,71000	1,49948
309,72500	1,53700
309,74000	1,57863
309,75500	1,60651
309,77000	1,63103
309,78500	1,67062
309,80000	1,70412
309,81500	1,74654
309,83000	1,78645
309,84500	1,81230
309,86000	1,84579
309,87500	1,86772
309,89000	1,89735
309,90500	1,94012
309,92000	1,96920
309,93500	1,99688
309,95000	2,02864
309,96500	2,05588
309,98000	2,09529
309,99500	2,13404
310,01000	2,17627
310,02500	2,21249
310,04000	2,23615
310,05500	2,27540
310,07000	2,31097
310,08500	2,34968
310,10000	2,38536
310,11500	2,41860
310,13000	2,44818
310,14500	2,48083
310,16000	2,50470
310,17500	2,54555
310,19000	2,57890
310,20500	2,62684
310,22000	2,67290
310,23500	2,70218
310,25000	2,73050
310,26500	2,76827
310,28000	2,80900
310,29500	2,85546
310,31000	2,89162
310,32500	2,92785
310,34000	2,95782
310,35500	2,98611
310,37000	3,02308
310,38500	3,06641
310,40000	3,10685
310,41500	3,14084
310,43000	3,16694
310,44500	3,19945
310,46000	3,23586
310,47500	3,26048
310,49000	3,30588
310,50500	3,35145
310,52000	3,38047
310,53500	3,42110
310,55000	3,44764
310,56500	3,48491
310,58000	3,53450
310,59500	3,57260
310,61000	3,61538
310,62500	3,64192
310,64000	3,67830
310,65500	3,71646
310,67000	3,75074
310,68500	3,79834
310,70000	3,84008
310,71500	3,86911
310,73000	3,90837
310,74500	3,94008
310,76000	3,98256
310,77500	4,03075
310,79000	4,06851
310,80500	4,10713
310,82000	4,13814
310,83500	4,17243
310,85000	4,21645
310,86500	4,25913
310,88000	4,30498
310,89500	4,33713
310,91100	4,36427
310,92500	4,39831
310,94000	4,42500
310,95500	4,47080
310,97100	4,51854
310,98600	4,55945
311,00000	4,59791
311,01500	4,63050
311,03100	4,66231
311,04600	4,70672
311,06000	4,74622
311,07500	4,78979
311,09100	4,82522
311,10600	4,85786
311,12100	4,89523
311,13600	4,93727
311,15100	4,98009
311,16600	5,03225
311,18100	5,06743
311,19600	5,11278
311,21100	5,14812
311,22600	5,19064
311,24100	5,23034
311,25600	5,26523
311,27100	5,30434
311,28600	5,35491
311,30100	5,38290
311,31600	5,42275
311,33100	5,46394
311,34600	5,50602
311,36100	5,55768
311,37600	5,59416
311,39100	5,64001
311,40600	5,67966
311,42100	5,71564
311,43600	5,76304
311,45100	5,81724
311,46600	5,85639
311,48100	5,90467
311,49600	5,93464
311,51100	5,97156
311,52600	6,01534
311,54100	6,06308
311,55600	6,11838
311,57100	6,15928
311,58600	6,19030
311,60100	6,23094
311,61600	6,26628
311,63100	6,31333
311,64600	6,36787
311,66100	6,41616
311,67600	6,47089
311,69100	6,50984
311,70600	6,55391
311,72100	6,59460
311,73600	6,63107
311,75100	6,68363
311,76600	6,72900
311,78100	6,76458
311,79600	6,80885
311,81100	6,84547
311,82600	6,89614
311,84100	6,95162
311,85600	6,99579
311,87100	7,04050
311,88600	7,07961
311,90100	7,11762
311,91600	7,16462
311,93100	7,21426
311,94600	7,26915
311,96100	7,31753
311,97600	7,35536
311,99100	7,40399
312,00600	7,43729
312,02100	7,48245
312,03600	7,53779
312,05100	7,57924
312,06600	7,63055
312,08100	7,67200
312,09600	7,70752
312,11100	7,76003
312,12600	7,80718
312,14100	7,86470
312,15600	7,91587
312,17100	7,95835
312,18600	8,00540
312,20100	8,05240
312,21600	8,09939
312,23100	8,15929
312,24600	8,20564
312,26100	8,25637
312,27600	8,30108
312,29100	8,33676
312,30600	8,38804
312,32100	8,43573
312,33600	8,48313
312,35100	8,53743
312,36600	8,57568
312,38100	8,62457
312,39600	8,67277
312,41100	8,72727
312,42600	8,78787
312,44100	8,83750
312,45600	8,88986
312,47100	8,93731
312,48600	8,98009
312,50100	9,03111
312,51600	9,08898
312,53100	9,14392
312,54600	9,19882
312,56100	9,24036
312,57600	9,28622
312,59100	9,34042
312,60600	9,40018
312,62100	9,46192
312,63600	9,51940
312,65100	9,56625
312,66600	9,61643
312,68100	9,66020
312,69600	9,71514
312,71100	9,77107
312,72600	9,82045
312,74100	9,86750
312,75600	9,91603
312,77100	9,97038
312,78600	10,02905
312,80100	10,08126
312,81600	10,14379
312,83100	10,19109
312,84600	10,23621
312,86100	10,28777
312,87600	10,33154
312,89100	10,38966
312,90600	10,45141
312,92100	10,50044
312,93700	10,55037
312,95200	10,59656
312,96600	10,64441
312,98100	10,70277
312,99700	10,76069
313,01200	10,82611
313,02600	10,88959
313,04100	10,93366
313,05700	10,98821
313,07200	11,03266
313,08700	11,09316
313,10200	11,16334
313,11600	11,21233
313,13200	11,26975
313,14700	11,32202
313,16200	11,37428
313,17700	11,43006
313,19200	11,48918
313,20700	11,55256
313,22200	11,61108
313,23700	11,66289
313,25200	11,72305
313,26700	11,78236
313,28200	11,84792
313,29700	11,91670
313,31200	11,97085
313,32700	12,03369
313,34200	12,08809
313,35700	12,14150
313,37200	12,21088
313,38700	12,28364
313,40200	12,34847
313,41700	12,41940
313,43200	12,47643
313,44700	12,54006
313,46200	12,60567
313,47700	12,67402
313,49200	12,74658
313,50700	12,81254
313,52200	12,88035
313,53700	12,94650
313,55200	13,00502
313,56700	13,07381
313,58200	13,14772
313,59700	13,21750
313,61200	13,29330
313,62700	13,35474
313,64200	13,41971
313,65700	13,48836
313,67200	13,55600
313,68700	13,63046
313,70200	13,69974
313,71700	13,75935
313,73200	13,83380
313,74700	13,89838
313,76200	13,97501
313,77700	14,05154
313,79200	14,12044
313,80700	14,20422
313,82200	14,27285
313,83700	14,34115
313,85200	14,42354
313,86700	14,49835
313,88200	14,58124
313,89700	14,65553
313,91200	14,72244
313,92700	14,79813
313,94200	14,87030
313,95700	14,95041
313,97200	15,03946
313,98700	15,11505
314,00200	15,19020
314,01700	15,26817
314,03200	15,34248
314,04700	15,42547
314,06200	15,51251
314,07700	15,60608
314,09200	15,69398
314,10700	15,77201
314,12200	15,85360
314,13700	15,93720
314,15200	16,02113
314,16700	16,10888
314,18200	16,19381
314,19700	16,27863
314,21200	16,35889
314,22700	16,43960
314,24200	16,53669
314,25700	16,63076
314,27200	16,72264
314,28700	16,81472
314,30200	16,89900
314,31700	16,97980
314,33200	17,07149
314,34700	17,16827
314,36200	17,26719
314,37700	17,35848
314,39200	17,45323
314,40700	17,54391
314,42200	17,62904
314,43700	17,73501
314,45200	17,83870
314,46700	17,93480
314,48200	18,03650
314,49700	18,12282
314,51200	18,21474
314,52700	18,30999
314,54200	18,40285
314,55700	18,51150
314,57200	18,60393
314,58700	18,70733
314,60200	18,80144
314,61700	18,89113
314,63200	19,00003
314,64700	19,10630
314,66200	19,20443
314,67700	19,31229
314,69200	19,41076
314,70700	19,50278
314,72200	19,60126
314,73700	19,70360
314,75200	19,81405
314,76700	19,91149
314,78200	20,00401
314,79700	20,10392
314,81200	20,19555
314,82700	20,30456
314,84200	20,41138
314,85700	20,51770
314,87200	20,62596
314,88700	20,71595
314,90200	20,81075
314,91700	20,91618
314,93300	21,01326
314,94700	21,12211
314,96200	21,21869
314,97800	21,30650
314,99300	21,40418
315,00700	21,49456
315,02200	21,59737
315,03800	21,70691
315,05300	21,80157
315,06700	21,90273
315,08300	21,99431
315,09800	22,08603
315,11300	22,18793
315,12800	22,28641
315,14300	22,39323
315,15800	22,48962
315,17300	22,57966
315,18800	22,67547
315,20300	22,77033
315,21800	22,86906
315,23300	22,97553
315,24800	23,06210
315,26300	23,15303
315,27800	23,24078
315,29300	23,32565
315,30800	23,42577
315,32300	23,51710
315,33800	23,61414
315,35300	23,70556
315,36800	23,78121
315,38300	23,86931
315,39800	23,95691
315,41300	24,04129
315,42800	24,13564
315,44300	24,21417
315,45800	24,29026
315,47300	24,36332
315,48800	24,43354
315,50300	24,51797
315,51800	24,60577
315,53300	24,68077
315,54800	24,76237
315,56300	24,82977
315,57800	24,89365
315,59300	24,96562
315,60800	25,03641
315,62300	25,10927
315,63800	25,17539
315,65300	25,23246
315,66800	25,29350
315,68300	25,35157
315,69800	25,41739
315,71300	25,48687
315,72800	25,54425
315,74300	25,60956
315,75800	25,65879
315,77300	25,71591
315,78800	25,77329
315,80300	25,82599
315,81800	25,88783
315,83300	25,94506
315,84800	25,98913
315,86300	26,03688
315,87800	26,08016
315,89300	26,12840
315,90800	26,18041
315,92300	26,21911
315,93800	26,27161
315,95300	26,29921
315,96800	26,33484
315,98300	26,38472
315,99800	26,42443
316,01300	26,47689
316,02800	26,51297
316,04300	26,53703
316,05800	26,57395
316,07300	26,59946
316,08800	26,63557
316,10300	26,67026
316,11800	26,69779
316,13300	26,72379
316,14800	26,73847
316,16300	26,76402
316,17800	26,79766
316,19300	26,82049
316,20800	26,84991
316,22300	26,87542
316,23800	26,88811
316,25300	26,90969
316,26800	26,92716
316,28300	26,95133
316,29800	26,97638
316,31300	26,98739
316,32800	27,00545
316,34300	27,01327
316,35800	27,02070
316,37300	27,03677
316,38800	27,05060
316,40300	27,06494
316,41800	27,07447
316,43300	27,07455
316,44800	27,08750
316,46300	27,09717
316,47800	27,10749
316,49300	27,12951
316,50800	27,13343
316,52300	27,13709
316,53800	27,13499
316,55300	27,13339
316,56800	27,14320
316,58300	27,15396
316,59800	27,15738
316,61300	27,16694
316,62800	27,16266
316,64300	27,16057
316,65800	27,16106
316,67300	27,16422
316,68800	27,17210
316,70300	27,16954
316,71800	27,16411
316,73300	27,16374
316,74800	27,15226
316,76300	27,15800
316,77800	27,16142
316,79300	27,16170
316,80800	27,16929
316,82300	27,15925
316,83800	27,15616
316,85300	27,15272
316,86800	27,15445
316,88400	27,16609
316,89800	27,16205
316,91300	27,15166
316,92800	27,15383
316,94300	27,14623
316,95900	27,15689
316,97400	27,16641
316,98800	27,17076
317,00300	27,16877
317,01900	27,15665
317,03400	27,15813
317,04800	27,16224
317,06300	27,16243
317,07900	27,16966
317,09400	27,17228
317,10900	27,16153
317,12400	27,16415
317,13900	27,16125
317,15400	27,16833
317,16900	27,18092
317,18400	27,17833
317,19900	27,18025
317,21400	27,18033
317,22900	27,18007
317,24400	27,19510
317,25900	27,20084
317,27400	27,21538
317,28900	27,22370
317,30400	27,22334
317,31900	27,23181
317,33400	27,24113
317,34900	27,25382
317,36400	27,26835
317,37900	27,27732
317,39400	27,28708
317,40900	27,29109
317,42400	27,29668
317,43900	27,31946
317,45400	27,33175
317,46900	27,35079
317,48400	27,36730
317,49900	27,36822
317,51400	27,37997
317,52900	27,39107
317,54400	27,40794
317,55900	27,43633
317,57400	27,44486
317,58900	27,45875
317,60400	27,47765
317,61900	27,48861
317,63400	27,51303
317,64900	27,53088
317,66400	27,55703
317,67900	27,57171
317,69400	27,57909
317,70900	27,59590
317,72400	27,61426
317,73900	27,64075
317,75400	27,67341
317,76900	27,68670
317,78400	27,69806
317,79900	27,72385
317,81400	27,74181
317,82900	27,77064
317,84400	27,80289
317,85900	27,82304
317,87400	27,85410
317,88900	27,87086
317,90400	27,89448
317,91900	27,93059
317,93400	27,95872
317,94900	27,99395
317,96400	28,01801
317,97900	28,03449
317,99400	28,06371
318,00900	28,07978
318,02400	28,11382
318,03900	28,15272
318,05400	28,18696
318,06900	28,21838
318,08400	28,24006
318,09900	28,26779
318,11400	28,30844
318,12900	28,33801
318,14400	28,37642
318,15900	28,40405
318,17400	28,42712
318,18900	28,46107
318,20400	28,48047
318,21900	28,51814
318,23400	28,56077
318,24900	28,59263
318,26400	28,63194
318,27900	28,65506
318,29400	28,68850
318,30900	28,72930
318,32400	28,76424
318,33900	28,80897
318,35400	28,84494
318,36900	28,88093
318,38400	28,91630
318,39900	28,95079
318,41400	28,98863
318,42900	29,03195
318,44400	29,06606
318,45900	29,10678
318,47400	29,14013
318,48900	29,17583
318,50400	29,21498
318,51900	29,26015
318,53400	29,30484
318,54900	29,33725
318,56400	29,37146
318,57900	29,40509
318,59400	29,43899
318,60900	29,47679
318,62400	29,51938
318,63900	29,55126
318,65400	29,58917
318,66900	29,62104
318,68400	29,65258
318,69900	29,69214
318,71400	29,73186
318,72900	29,76709
318,74400	29,80343
318,75900	29,83288
318,77400	29,86241
318,78900	29,89146
318,80400	29,91705
318,81900	29,95324
318,83400	29,98210
318,84900	30,00731
318,86400	30,03303
318,87900	30,06180
318,89400	30,09114
318,90900	30,12298
318,92500	30,15687
318,94000	30,18855
318,95400	30,21271
318,96900	30,23719
318,98500	30,26750
319,00000	30,29484
319,01400	30,32926
319,02900	30,42627
319,04500	30,52974
319,06000	30,62675
319,07500	30,72376
319,08900	30,81430
319,10500	30,91778
319,12000	31,01479
319,13500	31,11180
319,15000	31,20881
319,16500	31,30582
319,18000	31,34800
319,19500	31,45491
319,21000	31,48845
319,22500	31,48336
319,24000	31,44718
319,25500	31,41873
319,27000	31,50464
319,28500	31,60291
319,30000	31,73718
319,31500	31,79764
319,33000	31,82164
319,34500	31,86164
319,36000	31,83045
319,37500	31,97427
319,39000	32,08073
319,40500	32,14800
319,42000	32,25182
319,43500	32,21982
319,45000	32,23600
319,46500	32,31200
319,48000	32,39291
319,49500	32,53036
319,51000	32,49100
319,52500	32,55236
319,54000	32,59227
319,55500	32,61209
319,57000	32,76191
319,58500	32,84873
319,60000	32,94509
319,61500	33,06073
319,63000	33,03545
319,64500	33,11964
319,66000	33,20155
319,67500	33,36591
319,69000	33,51755
319,70500	33,57027
319,72000	33,70364
319,73500	33,73482
319,75000	33,73327
319,76500	33,84209
319,78000	33,90345
319,79500	33,98036
319,81000	33,99982
319,82500	33,97418
319,84000	34,02455
319,85500	34,08955
319,87000	34,17464
319,88500	34,24291
319,90000	34,25282
319,91500	34,29964
319,93000	34,34682
319,94500	34,42227
319,96000	34,56745
319,97500	34,70582
319,99000	34,80673
320,00500	34,86627
320,02000	34,85882
320,03500	34,92609
320,05000	35,00564
320,06500	35,18418
320,08000	35,38227
320,09500	35,47418
320,11000	35,48591
320,12500	35,53764
320,14000	35,62127
320,15500	35,77200
320,17000	35,89582
320,18500	36,04009
320,20000	36,04855
320,21500	36,02555
320,23000	36,06818
320,24500	36,16100
320,26000	36,28527
320,27500	36,39809
320,29000	36,55336
320,30500	36,64573
320,32000	36,70936
320,33500	36,84455
320,35000	36,97245
320,36500	37,13182
320,38000	37,28527
320,39500	37,37309
320,41000	37,45673
320,42500	37,49209
320,44000	37,65700
320,45500	37,78500
320,47000	37,84318
320,48500	37,99709
320,50000	37,99145
320,51500	38,08291
320,53000	38,26055
320,54500	38,45727
320,56000	38,67627
320,57500	38,79873
320,59000	38,88382
320,60500	39,03355
320,62000	39,08982
320,63500	39,30164
320,65000	39,44509
320,66500	39,65236
320,68000	39,81673
320,69500	39,87582
320,71000	40,01291
320,72500	40,08891
320,74000	40,28018
320,75500	40,55936
320,77000	40,68682
320,78500	40,80745
320,80000	40,94855
320,81500	41,01436
320,83000	41,21064
320,84500	41,40782
320,86000	41,59727
320,87500	41,68464
320,89000	41,85855
320,90600	41,93727
320,92100	42,10582
320,93500	42,30482
320,95000	42,60500
320,96600	42,81582
320,98100	43,08318
320,99500	43,27800
321,01000	43,51255
321,02600	43,81091
321,04100	44,10327
321,05500	44,34609
321,07000	44,72282
321,08600	44,92045
321,10100	45,21564
321,11600	45,60336
321,13100	46,01709
321,14600	46,51427
321,16100	47,04427
321,17600	47,53964
321,19100	48,18345
321,20600	49,01836
321,22100	49,99227
321,23600	51,03000
321,25100	52,29745
321,26600	53,67573
321,28100	55,21027
321,29600	57,02382
321,31100	59,15045
321,32600	61,58700
321,34100	64,33673
321,35600	67,36045
321,37100	70,59655
321,38600	74,21727
321,40100	78,20455
321,41600	82,56327
321,43100	87,21327
321,44600	92,10673
321,46100	97,21618
321,47600	102,54900
321,49100	107,99991
321,50600	113,75482
321,52100	119,63418
321,53600	125,62391
321,55100	131,62227
321,56600	137,55955
321,58100	143,54609
321,59600	149,49518
321,61100	155,33536
321,62600	161,10400
321,64100	166,58000
321,65600	171,92518
321,67100	176,96045
321,68600	181,67618
321,70100	186,15709
321,71600	190,29300
321,73100	194,04873
321,74600	197,36045
321,76100	200,19636
321,77600	202,70636
321,79100	204,82164
321,80600	206,61009
321,82100	207,97827
321,83600	208,87873
321,85100	209,41227
321,86600	209,55655
321,88100	209,29745
321,89600	208,78582
321,91100	207,89545
321,92600	206,65773
321,94100	205,00473
321,95600	202,91600
321,97100	200,54145
321,98600	197,84882
322,00100	194,89409
322,01600	191,66627
322,03100	188,14173
322,04600	184,34055
322,06100	180,34427
322,07600	176,27864
322,09100	172,16973
322,10600	167,99200
322,12100	163,78973
322,13600	159,54636
322,15100	155,31436
322,16600	151,18409
322,18100	147,18645
322,19600	143,31827
322,21100	139,57264
322,22600	135,93509
322,24100	132,27845
322,25600	128,85973
322,27100	125,57409
322,28600	122,45018
322,30100	119,41209
322,31600	116,49291
322,33100	113,61918
322,34600	110,83445
322,36100	108,15591
322,37600	105,71300
322,39100	103,32845
322,40600	101,05055
322,42100	98,82736
322,43600	96,63064
322,45100	94,55018
322,46600	92,62236
322,48100	90,78436
322,49600	89,06900
322,51100	87,36636
322,52600	85,71936
322,54100	84,13118
322,55600	82,55664
322,57100	81,15391
322,58600	79,72155
322,60100	78,35891
322,61600	77,08691
322,63100	75,73973
322,64600	74,47736
322,66100	73,33855
322,67600	72,23982
322,69100	71,23864
322,70600	70,16545
322,72100	69,18027
322,73600	68,21700
322,75100	67,28245
322,76600	66,52791
322,78100	65,73509
322,79600	64,98700
322,81100	64,26527
322,82600	63,46655
322,84100	62,77264
322,85600	62,09791
322,87100	61,51200
322,88600	60,98118
322,90100	60,40073
322,91600	59,84582
322,93200	59,30091
322,94700	58,72645
322,96200	58,29136
322,97600	57,87091
322,99100	57,43864
323,00700	56,96527
323,02200	56,47418
323,03600	56,08064
323,05100	55,71809
323,06700	55,37700
323,08200	55,08918
323,09700	54,71482
323,11100	54,39373
323,12700	54,09045
323,14200	53,83364
323,15700	53,62191
323,17200	53,46173
323,18700	53,21855
323,20200	52,92482
323,21700	52,62709
323,23200	52,42545
323,24700	52,22336
323,26200	52,06918
323,27700	51,86300
323,29200	51,70245
323,30700	51,45709
323,32200	51,29736
323,33700	51,15000
323,35200	51,07964
323,36700	51,01155
323,38200	50,89782
323,39700	50,70027
323,41200	50,60436
323,42700	50,46100
323,44200	50,44355
323,45700	50,34264
323,47200	50,20755
323,48700	50,07436
323,50200	49,92973
323,51700	49,84209
323,53200	49,77400
323,54700	49,74100
323,56200	49,77409
323,57700	49,67591
323,59200	49,55773
323,60700	49,51873
323,62200	49,38582
323,63700	49,45127
323,65200	49,46109
323,66700	49,38709
323,68200	49,38782
323,69700	49,32664
323,71200	49,30736
323,72700	49,29527
323,74200	49,28645
323,75700	49,39655
323,77200	49,33800
323,78700	49,36109
323,80200	49,36000
323,81700	49,30509
323,83200	49,41927
323,84700	49,39355
323,86200	49,36873
323,87700	49,38445
323,89200	49,28173
323,90700	49,27836
323,92200	49,28455
323,93700	49,29127
323,95200	49,33664
323,96700	49,31964
323,98200	49,30900
323,99700	49,30836
324,01200	49,26945
324,02700	49,33264
324,04200	49,33155
324,05700	49,32545
324,07200	49,32345
324,08700	49,24764
324,10200	49,23555
324,11700	49,27555
324,13200	49,27991
324,14700	49,36682
324,16200	49,29509
324,17700	49,31082
324,19200	49,32291
324,20700	49,36327
324,22200	49,50027
324,23700	49,57536
324,25200	49,60982
324,26700	49,62655
324,28200	49,57482
324,29700	49,56236
324,31200	49,58400
324,32700	49,65718
324,34200	49,70809
324,35700	49,75855
324,37200	49,70873
324,38700	49,72136
324,40200	49,76255
324,41700	49,85264
324,43200	49,93682
324,44700	49,99273
324,46200	50,07636
324,47700	50,12773
324,49200	50,16727
324,50700	50,25827
324,52200	50,21064
324,53700	50,23600
324,55200	50,26082
324,56700	50,19273
324,58200	50,19982
324,59700	50,26018
324,61200	50,33836
324,62700	50,39064
324,64200	50,36309
324,65700	50,34882
324,67200	50,35509
324,68700	50,40418
324,70200	50,52664
324,71700	50,54745
324,73200	50,62391
324,74700	50,67936
324,76200	50,64455
324,77700	50,69682
324,79200	50,73627
324,80700	50,77809
324,82200	50,91191
324,83700	50,94127
324,85200	50,97664
324,86700	50,99555
324,88200	51,02091
324,89700	51,11782
324,91200	51,16827
324,92800	51,18000
324,94200	51,16982
324,95700	51,12727
324,97300	51,17718
324,98800	51,18836
325,00200	51,17909
325,01700	51,28418
325,03300	51,31500
325,04800	51,39918
325,06200	51,43045
325,07700	51,48582
325,09300	51,62964
325,10800	51,71327
325,12300	51,80109
325,13800	51,80045
325,15300	51,79391
325,16800	51,87900
325,18300	51,94082
325,19800	51,99082
325,21300	52,04664
325,22800	52,02636
325,24300	51,99800
325,25800	52,04027
325,27300	52,08118
325,28800	52,17673
325,30300	52,32700
325,31800	52,39609
325,33300	52,45282
325,34800	52,44627
325,36300	52,47255
325,37800	52,53718
325,39300	52,67155
325,40800	52,71555
325,42300	52,75091
325,43800	52,71427
325,45300	52,74509
325,46800	52,79464
325,48300	52,91845
325,49800	53,03364
325,51300	53,11600
325,52800	53,22018
325,54300	53,27509
325,55800	53,25345
325,57300	53,38636
325,58800	53,47464
325,60300	53,56236
325,61800	53,59864
325,63300	53,53736
325,64800	53,54264
325,66300	53,59355
325,67800	53,62073
325,69300	53,68482
325,70800	53,68518
325,72300	53,74382
325,73800	53,80836
325,75300	53,79764
325,76800	53,92645
325,78300	53,98645
325,79800	54,09064
325,81300	54,18209
325,82800	54,15000
325,84300	54,20955
325,85800	54,22582
325,87300	54,28300
325,88800	54,42727
325,90300	54,42727
325,91800	54,51324
325,93300	54,59921
325,94800	54,68518
325,96300	54,77116
325,97800	54,85713
325,99300	54,94310
326,00800	55,02907
326,02300	55,11504
326,03800	55,20101
326,05300	55,28698
326,06800	55,32231
326,08300	55,36387
326,09800	55,39633
326,11300	55,43289
326,12800	55,47733
326,14300	55,51598
326,15800	55,56216
326,17300	55,60375
326,18800	55,63852
326,20300	55,68147
326,21800	55,71704
326,23300	55,76735
326,24800	55,81599
326,26300	55,86035
326,27800	55,91083
326,29300	55,95897
326,30800	56,00465
326,32300	56,05638
326,33800	56,10271
326,35300	56,15305
326,36800	56,20586
326,38300	56,25503
326,39800	56,30497
326,41300	56,34943
326,42800	56,40012
326,44300	56,45555
326,45800	56,50501
326,47300	56,56289
326,48800	56,61906
326,50300	56,67198
326,51800	56,72970
326,53300	56,78467
326,54800	56,84602
326,56300	56,90879
326,57800	56,96500
326,59300	57,01538
326,60800	57,07035
326,62300	57,13264
326,63800	57,19721
326,65300	57,26165
326,66800	57,31853
326,68300	57,38085
326,69800	57,43720
326,71300	57,50544
326,72800	57,57341
326,74300	57,64452
326,75800	57,71058
326,77300	57,75972
326,78800	57,81725
326,80300	57,86420
326,81800	57,91908
326,83300	57,98856
326,84800	58,04624
326,86300	58,10912
326,87800	58,17155
326,89300	58,21835
326,90800	58,27746
326,92300	58,33850
326,93800	58,39916
326,95400	58,46646
326,96900	58,52150
326,98300	58,58405
326,99800	58,64421
327,01400	58,70153
327,02900	58,76824
327,04300	58,83122
327,05800	58,88810
327,07400	58,95024
327,08900	58,99803
327,10300	59,06254
327,11900	59,11446
327,13400	59,18096
327,14900	59,24822
327,16400	59,30232
327,17900	59,35518
327,19400	59,41817
327,20900	59,47956
327,22400	59,54429
327,23900	59,61189
327,25400	59,67825
327,26900	59,73080
327,28400	59,77934
327,29900	59,83621
327,31400	59,90768
327,32900	59,96829
327,34400	60,04065
327,35900	60,09589
327,37400	60,15148
327,38900	60,21029
327,40400	60,26563
327,41900	60,33656
327,43400	60,39796
327,44900	60,44501
327,46400	60,50992
327,47900	60,56020
327,49400	60,61687
327,50900	60,69023
327,52400	60,74512
327,53900	60,81172
327,55400	60,87535
327,56900	60,92915
327,58400	60,99551
327,59900	61,05800
327,61400	61,13112
327,62900	61,20065
327,64400	61,25579
327,65900	61,31873
327,67400	61,37055
327,68900	61,43969
327,70400	61,51325
327,71900	61,57370
327,73400	61,63882
327,74900	61,69365
327,76400	61,74835
327,77900	61,81749
327,79400	61,87993
327,80900	61,94515
327,82400	62,01127
327,83900	62,06968
327,85400	62,13034
327,86900	62,19730
327,88400	62,25858
327,89900	62,32682
327,91400	62,39412
327,92900	62,45854
327,94400	62,52673
327,95900	62,58763
327,97400	62,65683
327,98900	62,71247
328,00400	62,77541
328,01900	62,84395
328,03400	62,90296
328,04900	62,96381
328,06400	63,02487
328,07900	63,08250
328,09400	63,14920
328,10900	63,22558
328,12400	63,28996
328,13900	63,34917
328,15400	63,40003
328,16900	63,46008
328,18400	63,53095
328,19900	63,59319
328,21400	63,66546
328,22900	63,71633
328,24400	63,77048
328,25900	63,83078
328,27400	63,88533
328,28900	63,95541
328,30400	64,02469
328,31900	64,08688
328,33400	64,15215
328,34900	64,20386
328,36400	64,27275
328,37900	64,34383
328,39400	64,39997
328,40900	64,47522
328,42400	64,53368
328,43900	64,59011
328,45400	64,65070
328,46900	64,71061
328,48400	64,77925
328,49900	64,84197
328,51400	64,89665
328,52900	64,95542
328,54400	65,01065
328,55900	65,07846
328,57400	65,15479
328,58900	65,21370
328,60400	65,28836
328,61900	65,34682
328,63400	65,40950
328,64900	65,47690
328,66400	65,54033
328,67900	65,61036
328,69400	65,68202
328,70900	65,73869
328,72400	65,80331
328,73900	65,85655
328,75400	65,92003
328,76900	65,98887
328,78400	66,05479
328,79900	66,12050
328,81400	66,18330
328,82900	66,23943
328,84400	66,30832
328,85900	66,37125
328,87500	66,44500
328,88900	66,51315
328,90400	66,56997
328,92000	66,63091
328,93500	66,69358
328,95000	66,76074
328,96400	66,83723
328,97900	66,90270
328,99500	66,96550
329,01000	67,03430
329,02400	67,09316
329,03900	67,16548
329,05500	67,23115
329,07000	67,29776
329,08400	67,35851
329,09900	67,41936
329,11500	67,47757
329,13000	67,54224
329,14500	67,60046
329,16000	67,67213
329,17500	67,73923
329,19000	67,80583
329,20500	67,86757
329,22000	67,92654
329,23500	67,99593
329,25000	68,07034
329,26500	68,14030
329,28000	68,21206
329,29500	68,27366
329,31000	68,33583
329,32500	68,39757
329,34000	68,46087
329,35500	68,52583
329,37000	68,59394
329,38500	68,65174
329,40000	68,71274
329,41500	68,77044
329,43000	68,82830
329,44500	68,89451
329,46000	68,95073
329,47500	69,00950
329,49000	69,06594
329,50500	69,12752
329,52000	69,18351
329,53500	69,23715
329,55000	69,29551
329,56500	69,35479
329,58000	69,40749
329,59500	69,46219
329,61000	69,51438
329,62500	69,56271
329,64000	69,61847
329,65500	69,67206
329,67000	69,73173
329,68500	69,78234
329,70000	69,82968
329,71500	69,88023
329,73000	69,92671
329,74500	69,98270
329,76000	70,03568
329,77500	70,07936
329,79000	70,12915
329,80500	70,17415
329,82000	70,21530
329,83500	70,26744
329,85000	70,31047
329,86500	70,35992
329,88000	70,40169
329,89500	70,44080
329,91000	70,48336
329,92500	70,52023
329,94000	70,56451
329,95500	70,60495
329,97000	70,64163
329,98500	70,67689
330,00000	70,71029
