285,00000	10,65719
285,01500	10,62040
285,03000	10,58267
285,04500	10,54405
285,06000	10,50458
285,07500	10,46428
285,09000	10,42300
285,10500	10,38078
285,12000	10,33768
285,13500	10,29363
285,15000	10,24871
285,16500	10,20298
285,18000	10,15641
285,19500	10,10898
285,21000	10,06055
285,22500	10,01130
285,24000	9,96119
285,25500	9,91025
285,27000	9,85847
285,28500	9,80582
285,30000	9,75227
285,31500	9,69790
285,33000	9,64262
285,34500	9,58658
285,36000	9,52975
285,37500	9,47214
285,39000	9,41370
285,40500	9,35440
285,42000	9,29437
285,43500	9,23364
285,45000	9,17210
285,46500	9,10991
285,48000	9,04686
285,49500	8,98298
285,51000	8,91830
285,52500	8,85286
285,54000	8,78672
285,55500	8,71986
285,57000	8,65215
285,58500	8,58368
285,60000	8,51438
285,61500	8,44436
285,63000	8,37373
285,64500	8,30240
285,66000	8,23050
285,67500	8,15786
285,69000	8,08443
285,70500	8,01031
285,72000	7,93551
285,73500	7,86009
285,75000	7,78396
285,76500	7,70702
285,78000	7,62996
285,79500	7,55262
285,81000	7,47501
285,82500	7,39745
285,84000	7,31979
285,85500	7,24193
285,87000	7,16404
285,88500	7,08603
285,90100	7,00813
285,91600	6,93017
285,93000	6,85238
285,94500	6,77476
285,96100	6,69704
285,97600	6,61948
285,99000	6,54179
286,00500	6,46412
286,02100	6,38669
286,03600	6,30930
286,05000	6,23208
286,06500	6,15498
286,08000	6,07802
286,09600	6,00144
286,11100	5,92506
286,12500	5,84898
286,14100	5,77325
286,15600	5,69767
286,17100	5,62227
286,18600	5,54709
286,20100	5,47216
286,21600	5,39758
286,23100	5,32335
286,24600	5,24954
286,26100	5,17604
286,27600	5,10271
286,29100	5,02974
286,30600	4,95708
286,32100	4,88486
286,33600	4,81318
286,35100	4,74186
286,36600	4,67090
286,38100	4,60035
286,39600	4,53020
286,41100	4,46063
286,42600	4,39163
286,44100	4,32316
286,45600	4,25520
286,47100	4,18764
286,48600	4,12065
286,50100	4,05436
286,51600	3,98862
286,53100	3,92359
286,54600	3,85911
286,56100	3,79507
286,57600	3,73156
286,59100	3,66848
286,60600	3,60613
286,62100	3,54445
286,63600	3,48320
286,65100	3,42259
286,66600	3,36246
286,68100	3,30283
286,69600	3,24381
286,71100	3,18540
286,72600	3,12781
286,74100	3,07076
286,75600	3,01416
286,77100	2,95814
286,78600	2,90270
286,80100	2,84789
286,81600	2,79377
286,83100	2,74011
286,84600	2,68717
286,86100	2,63465
286,87600	2,58271
286,89100	2,53140
286,90600	2,48072
286,92100	2,43073
286,93600	2,38123
286,95100	2,33209
286,96600	2,28363
286,98100	2,23562
286,99600	2,18835
287,01100	2,14176
287,02600	2,09570
287,04100	2,05014
287,05600	2,00503
287,07100	1,96049
287,08600	1,91674
287,10100	1,87363
287,11600	1,83132
287,13100	1,78954
287,14600	1,74816
287,16100	1,70734
287,17600	1,66698
287,19100	1,62730
287,20600	1,58840
287,22100	1,55005
287,23600	1,51220
287,25100	1,47487
287,26600	1,43819
287,28100	1,40237
287,29600	1,36717
287,31100	1,33266
287,32600	1,29884
287,34100	1,26547
287,35600	1,23275
287,37100	1,20078
287,38600	1,16939
287,40100	1,13860
287,41600	1,10823
287,43100	1,07845
287,44600	1,04915
287,46100	1,02027
287,47600	0,99217
287,49100	0,96459
287,50600	0,93774
287,52100	0,91145
287,53600	0,88552
287,55100	0,86026
287,56600	0,83566
287,58100	0,81161
287,59600	0,78812
287,61100	0,76502
287,62600	0,74229
287,64100	0,72001
287,65600	0,69806
287,67100	0,67688
287,68600	0,65628
287,70100	0,63611
287,71600	0,61644
287,73100	0,59723
287,74600	0,57849
287,76100	0,56040
287,77600	0,54279
287,79100	0,52599
287,80600	0,50970
287,82100	0,49397
287,83600	0,47887
287,85100	0,46419
287,86600	0,45009
287,88100	0,43661
287,89700	0,42355
287,91100	0,41110
287,92600	0,39904
287,94200	0,38748
287,95700	0,37658
287,97100	0,36621
287,98600	0,35648
288,00200	0,34726
288,01700	0,33838
288,03100	0,33000
288,04600	0,32205
288,06200	0,31473
288,07700	0,30811
288,09200	0,30189
288,10700	0,29621
288,12200	0,29093
288,13700	0,28601
288,15200	0,28180
288,16700	0,27811
288,18200	0,27494
288,19700	0,27217
288,21200	0,26962
288,22700	0,26743
288,24200	0,26555
288,25700	0,26408
288,27200	0,26321
288,28700	0,26264
288,30200	0,26236
288,31700	0,26242
288,33200	0,26275
288,34700	0,26362
288,36200	0,26472
288,37700	0,26626
288,39200	0,26802
288,40700	0,26994
288,42200	0,27212
288,43700	0,27449
288,45200	0,27713
288,46700	0,28025
288,48200	0,28346
288,49700	0,28681
288,51200	0,29028
288,52700	0,29393
288,54200	0,29795
288,55700	0,30233
288,57200	0,30690
288,58700	0,31162
288,60200	0,31628
288,61700	0,32104
288,63200	0,32579
288,64700	0,33074
288,66200	0,33596
288,67700	0,34120
288,69200	0,34642
288,70700	0,35160
288,72200	0,35673
288,73700	0,36196
288,75200	0,36734
288,76700	0,37261
288,78200	0,37784
288,79700	0,38280
288,81200	0,38764
288,82700	0,39251
288,84200	0,39726
288,85700	0,40200
288,87200	0,40657
288,88700	0,41098
288,90200	0,41530
288,91700	0,41950
288,93200	0,42372
288,94700	0,42781
288,96200	0,43164
288,97700	0,43541
288,99200	0,43878
289,00700	0,44195
289,02200	0,44502
289,03700	0,44794
289,05200	0,45075
289,06700	0,45322
289,08200	0,45538
289,09700	0,45739
289,11200	0,45917
289,12700	0,46081
289,14200	0,46247
289,15700	0,46382
289,17200	0,46510
289,18700	0,46597
289,20200	0,46654
289,21700	0,46700
289,23200	0,46727
289,24700	0,46722
289,26200	0,46688
289,27700	0,46592
289,29200	0,46470
289,30700	0,46293
289,32200	0,46075
289,33700	0,45825
289,35200	0,45520
289,36700	0,45174
289,38200	0,44788
289,39700	0,44349
289,41200	0,43884
289,42700	0,43367
289,44200	0,42811
289,45700	0,42200
289,47200	0,41518
289,48700	0,40794
289,50100	0,40024
289,51600	0,39203
289,53100	0,38349
289,54600	0,37438
289,56100	0,36464
289,57600	0,35436
289,59100	0,34343
289,60600	0,33217
289,62100	0,32050
289,63600	0,30822
289,65100	0,29554
289,66600	0,28221
289,68100	0,26836
289,69600	0,25415
289,71100	0,23961
289,72600	0,22490
289,74100	0,20978
289,75600	0,19415
289,77100	0,17812
289,78600	0,16164
289,80100	0,14487
289,81600	0,12786
289,83100	0,11039
289,84600	0,09269
289,86100	0,07445
289,87600	0,05595
289,89100	0,03722
289,90600	0,01827
289,92100	-0,00085
289,93600	-0,02028
289,95100	-0,04007
289,96600	-0,06001
289,98100	-0,08031
289,99600	-0,10067
290,01100	-0,12112
290,02600	-0,14184
290,04100	-0,16287
290,05600	-0,18424
290,07100	-0,20584
290,08600	-0,22746
290,10100	-0,24921
290,11600	-0,27086
290,13100	-0,29267
290,14600	-0,31465
290,16100	-0,33678
290,17600	-0,35909
290,19100	-0,38136
290,20600	-0,40347
290,22100	-0,42563
290,23600	-0,44791
290,25100	-0,47027
290,26600	-0,49265
290,28100	-0,51476
290,29600	-0,53680
290,31100	-0,55869
290,32600	-0,58047
290,34100	-0,60230
290,35600	-0,62400
290,37100	-0,64552
290,38600	-0,66691
290,40100	-0,68821
290,41600	-0,70949
290,43100	-0,73064
290,44600	-0,75171
290,46100	-0,77272
290,47600	-0,79334
290,49100	-0,81383
290,50600	-0,83399
290,52100	-0,85399
290,53600	-0,87401
290,55100	-0,89377
290,56600	-0,91322
290,58100	-0,93239
290,59600	-0,95134
290,61100	-0,97016
290,62600	-0,98889
290,64100	-1,00745
290,65600	-1,02601
290,67100	-1,04408
290,68600	-1,06194
290,70100	-1,07963
290,71600	-1,09705
290,73100	-1,11430
290,74600	-1,13131
290,76100	-1,14783
290,77600	-1,16408
290,79100	-1,17968
290,80600	-1,19497
290,82100	-1,20985
290,83600	-1,22421
290,85100	-1,23824
290,86600	-1,25179
290,88100	-1,26485
290,89700	-1,27761
290,91100	-1,28984
290,92600	-1,30177
290,94200	-1,31319
290,95700	-1,32404
290,97100	-1,33434
290,98600	-1,34401
291,00200	-1,35325
291,01700	-1,36211
291,03100	-1,37042
291,04600	-1,37833
291,06200	-1,38555
291,07700	-1,39209
291,09200	-1,39820
291,10700	-1,40371
291,12200	-1,40872
291,13700	-1,41326
291,15200	-1,41698
291,16700	-1,42011
291,18200	-1,42264
291,19700	-1,42459
291,21200	-1,42615
291,22700	-1,42715
291,24200	-1,42768
291,25700	-1,42759
291,27200	-1,42671
291,28700	-1,42538
291,30200	-1,42352
291,31700	-1,42113
291,33200	-1,41823
291,34700	-1,41453
291,36200	-1,41039
291,37700	-1,40559
291,39200	-1,40033
291,40700	-1,39462
291,42200	-1,38837
291,43700	-1,38162
291,45200	-1,37428
291,46700	-1,36614
291,48200	-1,35759
291,49700	-1,34855
291,51200	-1,33902
291,52700	-1,32905
291,54200	-1,31831
291,55700	-1,30688
291,57200	-1,29486
291,58700	-1,28237
291,60200	-1,26955
291,61700	-1,25621
291,63200	-1,24243
291,64700	-1,22810
291,66200	-1,21304
291,67700	-1,19751
291,69200	-1,18153
291,70700	-1,16511
291,72200	-1,14829
291,73700	-1,13087
291,75200	-1,11278
291,76700	-1,09426
291,78200	-1,07525
291,79700	-1,05604
291,81200	-1,03641
291,82700	-1,01624
291,84200	-0,99569
291,85700	-0,97460
291,87200	-0,95321
291,88700	-0,93161
291,90200	-0,90967
291,91700	-0,88741
291,93200	-0,86470
291,94700	-0,84174
291,96200	-0,81864
291,97700	-0,79522
291,99200	-0,77180
292,00700	-0,74817
292,02200	-0,72425
292,03700	-0,70010
292,05200	-0,67568
292,06700	-0,65125
292,08200	-0,62681
292,09700	-0,60215
292,11200	-0,57737
292,12700	-0,55239
292,14200	-0,52703
292,15700	-0,50164
292,17200	-0,47602
292,18700	-0,45050
292,20200	-0,42492
292,21700	-0,39911
292,23200	-0,37322
292,24700	-0,34729
292,26200	-0,32140
292,27700	-0,29576
292,29200	-0,27009
292,30700	-0,24464
292,32200	-0,21929
292,33700	-0,19401
292,35200	-0,16902
292,36700	-0,14422
292,38200	-0,11958
292,39700	-0,09527
292,41200	-0,07097
292,42700	-0,04698
292,44200	-0,02317
292,45700	0,00030
292,47200	0,02328
292,48700	0,04604
292,50200	0,06852
292,51700	0,09066
292,53200	0,11255
292,54700	0,13400
292,56200	0,15509
292,57700	0,17569
292,59200	0,19581
292,60700	0,21571
292,62200	0,23520
292,63700	0,25407
292,65200	0,27246
292,66700	0,29007
292,68200	0,30714
292,69700	0,32381
292,71200	0,33989
292,72700	0,35554
292,74200	0,37049
292,75700	0,38469
292,77200	0,39817
292,78700	0,41087
292,80200	0,42308
292,81700	0,43469
292,83200	0,44547
292,84700	0,45551
292,86200	0,46459
292,87700	0,47301
292,89200	0,48077
292,90700	0,48782
292,92300	0,49414
292,93700	0,49950
292,95200	0,50394
292,96700	0,50756
292,98300	0,51015
292,99800	0,51201
293,01200	0,51306
293,02700	0,51308
293,04300	0,51228
293,05800	0,51029
293,07200	0,50731
293,08800	0,50346
293,10300	0,49873
293,11800	0,49313
293,13300	0,48640
293,14800	0,47847
293,16300	0,46956
293,17800	0,45940
293,19300	0,44827
293,20800	0,43615
293,22300	0,42284
293,23800	0,40840
293,25300	0,39272
293,26800	0,37582
293,28300	0,35793
293,29800	0,33879
293,31300	0,31866
293,32800	0,29734
293,34300	0,27471
293,35800	0,25102
293,37300	0,22614
293,38800	0,20019
293,40300	0,17333
293,41800	0,14530
293,43300	0,11616
293,44800	0,08595
293,46300	0,05475
293,47800	0,02277
293,49300	-0,01014
293,50800	-0,04382
293,52300	-0,07849
293,53800	-0,11427
293,55300	-0,15091
293,56800	-0,18837
293,58300	-0,22659
293,59800	-0,26560
293,61300	-0,30560
293,62800	-0,34650
293,64300	-0,38827
293,65800	-0,43108
293,67300	-0,47452
293,68800	-0,51876
293,70300	-0,56386
293,71800	-0,60977
293,73300	-0,65661
293,74800	-0,70421
293,76300	-0,75252
293,77800	-0,80154
293,79300	-0,85114
293,80800	-0,90151
293,82300	-0,95257
293,83800	-1,00428
293,85300	-1,05665
293,86800	-1,10953
293,88300	-1,16298
293,89800	-1,21714
293,91300	-1,27177
293,92800	-1,32718
293,94300	-1,38311
293,95800	-1,43945
293,97300	-1,49623
293,98800	-1,55342
294,00300	-1,61122
294,01800	-1,66963
294,03300	-1,72841
294,04800	-1,78768
294,06300	-1,84729
294,07800	-1,90739
294,09300	-1,96799
294,10800	-2,02888
294,12300	-2,09036
294,13800	-2,15226
294,15300	-2,21429
294,16800	-2,27662
294,18300	-2,33910
294,19800	-2,40191
294,21300	-2,46514
294,22800	-2,52859
294,24300	-2,59234
294,25800	-2,65623
294,27300	-2,72017
294,28800	-2,78433
294,30300	-2,84868
294,31800	-2,91331
294,33300	-2,97824
294,34800	-3,04309
294,36300	-3,10804
294,37800	-3,17304
294,39300	-3,23827
294,40800	-3,30377
294,42300	-3,36938
294,43800	-3,43509
294,45300	-3,50072
294,46800	-3,56626
294,48300	-3,63198
294,49800	-3,69775
294,51300	-3,76358
294,52800	-3,82945
294,54300	-3,89517
294,55800	-3,96094
294,57300	-4,02659
294,58800	-4,09221
294,60300	-4,15785
294,61800	-4,22351
294,63300	-4,28901
294,64800	-4,35428
294,66300	-4,41918
294,67800	-4,48409
294,69300	-4,54887
294,70800	-4,61354
294,72300	-4,67802
294,73800	-4,74223
294,75300	-4,80612
294,76800	-4,86991
294,78300	-4,93350
294,79800	-4,99702
294,81300	-5,06017
294,82800	-5,12298
294,84300	-5,18548
294,85800	-5,24756
294,87300	-5,30953
294,88900	-5,37133
294,90300	-5,43281
294,91800	-5,49411
294,93300	-5,55492
294,94900	-5,61534
294,96400	-5,67563
294,97800	-5,73554
294,99300	-5,79533
295,00900	-5,85492
295,02400	-5,91422
295,03800	-5,97325
295,05300	-6,03199
295,06800	-6,09057
295,08400	-6,14906
295,09900	-6,20727
295,11400	-6,26525
295,12900	-6,32287
295,14400	-6,38016
295,15900	-6,43733
295,17400	-6,49422
295,18900	-6,55107
295,20400	-6,60771
295,21900	-6,66396
295,23400	-6,71997
295,24900	-6,77570
295,26400	-6,83130
295,27900	-6,88673
295,29400	-6,94186
295,30900	-6,99675
295,32400	-7,05136
295,33900	-7,10568
295,35400	-7,15989
295,36900	-7,21397
295,38400	-7,26786
295,39900	-7,32150
295,41400	-7,37474
295,42900	-7,42777
295,44400	-7,48037
295,45900	-7,53273
295,47400	-7,58509
295,48900	-7,63721
295,50400	-7,68903
295,51900	-7,74056
295,53400	-7,79175
295,54900	-7,84285
295,56400	-7,89381
295,57900	-7,94464
295,59400	-7,99507
295,60900	-8,04510
295,62400	-8,09498
295,63900	-8,14455
295,65400	-8,19389
295,66900	-8,24319
295,68400	-8,29225
295,69900	-8,34110
295,71400	-8,38975
295,72900	-8,43821
295,74400	-8,48661
295,75900	-8,53487
295,77400	-8,58299
295,78900	-8,63108
295,80400	-8,67887
295,81900	-8,72649
295,83400	-8,77392
295,84900	-8,82106
295,86400	-8,86814
295,87900	-8,91502
295,89400	-8,96165
295,90900	-9,00795
295,92400	-9,05397
295,93900	-9,09988
295,95400	-9,14565
295,96900	-9,19131
295,98400	-9,23684
295,99900	-9,28195
296,01400	-9,32679
296,02900	-9,37148
296,04400	-9,41594
296,05900	-9,46036
296,07400	-9,50447
296,08900	-9,54824
296,10400	-9,59182
296,11900	-9,63511
296,13400	-9,67829
296,14900	-9,72142
296,16400	-9,76444
296,17900	-9,80745
296,19400	-9,85013
296,20900	-9,89248
296,22400	-9,93466
296,23900	-9,97678
296,25400	-10,01878
296,26900	-10,06072
296,28400	-10,10223
296,29900	-10,14358
296,31400	-10,18460
296,32900	-10,22569
296,34400	-10,26682
296,35900	-10,30789
296,37400	-10,34899
296,38900	-10,38979
296,40400	-10,43032
296,41900	-10,47091
296,43400	-10,51144
296,44900	-10,55199
296,46400	-10,59249
296,47900	-10,63267
296,49400	-10,67288
296,50900	-10,71291
296,52400	-10,75294
296,53900	-10,79307
296,55400	-10,83300
296,56900	-10,87279
296,58400	-10,91246
296,59900	-10,95191
296,61400	-10,99146
296,62900	-11,03108
296,64400	-11,07082
296,65900	-11,11059
296,67400	-11,15010
296,68900	-11,18952
296,70400	-11,22869
296,71900	-11,26790
296,73400	-11,30720
296,74900	-11,34646
296,76400	-11,38567
296,77900	-11,42465
296,79400	-11,46356
296,80900	-11,50257
296,82400	-11,54161
296,83900	-11,58073
296,85400	-11,61989
296,86900	-11,65882
296,88400	-11,69762
296,89900	-11,73641
296,91400	-11,77526
296,93000	-11,81417
296,94500	-11,85304
296,95900	-11,89209
296,97400	-11,93106
296,99000	-11,96985
297,00500	-12,00876
297,01900	-12,04779
297,03400	-12,08687
297,05000	-12,12606
297,06500	-12,16510
297,07900	-12,20405
297,09400	-12,24293
297,11000	-12,28197
297,12500	-12,32118
297,14000	-12,36045
297,15500	-12,39964
297,17000	-12,43883
297,18500	-12,47796
297,20000	-12,51721
297,21500	-12,55661
297,23000	-12,59609
297,24500	-12,63553
297,26000	-12,67484
297,27500	-12,71408
297,29000	-12,75343
297,30500	-12,79272
297,32000	-12,83219
297,33500	-12,87165
297,34100	-12,91115
297,35600	-12,95067
297,37100	-12,99020
297,38600	-13,02988
297,40100	-13,06963
297,41600	-13,10958
297,43100	-13,14961
297,44600	-13,18952
297,46100	-13,22939
297,47600	-13,26916
297,49100	-13,30893
297,50600	-13,34898
297,52100	-13,38912
297,53600	-13,42928
297,55100	-13,46948
297,56600	-13,50954
297,58100	-13,54985
297,59600	-13,59039
297,61100	-13,63102
297,62600	-13,67183
297,64100	-13,71247
297,65600	-13,75312
297,67100	-13,79374
297,68600	-13,83432
297,70100	-13,87513
297,71600	-13,91613
297,73100	-13,95715
297,74600	-13,99813
297,76100	-14,03903
297,77600	-14,07994
297,79100	-14,12110
297,80600	-14,16224
297,82100	-14,20352
297,83600	-14,24453
297,85100	-14,28540
297,86600	-14,32613
297,88100	-14,36673
297,89700	-14,40749
297,91100	-14,44825
297,92600	-14,48878
297,94200	-14,52922
297,95700	-14,56965
297,97100	-14,61009
297,98600	-14,65068
298,00200	-14,69122
298,01700	-14,73182
298,03100	-14,77220
298,04600	-14,81237
298,06200	-14,85265
298,07700	-14,89290
298,09200	-14,93319
298,10700	-14,97347
298,12200	-15,01348
298,13700	-15,05326
298,15200	-15,09274
298,16700	-15,13208
298,18200	-15,17153
298,19700	-15,21086
298,21200	-15,25021
298,22700	-15,28929
298,24200	-15,32817
298,25700	-15,36700
298,27200	-15,40567
298,28700	-15,44442
298,30200	-15,48307
298,31700	-15,52148
298,33200	-15,55970
298,34700	-15,59777
298,36200	-15,63572
298,37700	-15,67364
298,39200	-15,71148
298,40700	-15,74923
298,42200	-15,78673
298,43700	-15,82416
298,45200	-15,86156
298,46700	-15,89868
298,48200	-15,93582
298,49700	-15,97294
298,51200	-16,00978
298,52700	-16,04646
298,54200	-16,08296
298,55700	-16,11930
298,57200	-16,15569
298,58700	-16,19197
298,60200	-16,22817
298,61700	-16,26414
298,63200	-16,29979
298,64700	-16,33536
298,66200	-16,37096
298,67700	-16,40645
298,69200	-16,44185
298,70700	-16,47696
298,72200	-16,51184
298,73700	-16,54653
298,75200	-16,58104
298,76700	-16,61552
298,78200	-16,64989
298,79700	-16,68389
298,81200	-16,71774
298,82700	-16,75123
298,84200	-16,78466
298,85700	-16,81796
298,87200	-16,85113
298,88700	-16,88418
298,90200	-16,91696
298,91700	-16,94954
298,93200	-16,98193
298,94700	-17,01417
298,96200	-17,04641
298,97700	-17,07851
298,99200	-17,11055
299,00700	-17,14250
299,02200	-17,17403
299,03700	-17,20544
299,05200	-17,23670
299,06700	-17,26781
299,08200	-17,29885
299,09700	-17,32948
299,11200	-17,35978
299,12700	-17,38996
299,14200	-17,41990
299,15700	-17,44989
299,17200	-17,47974
299,18700	-17,50936
299,20200	-17,53880
299,21700	-17,56781
299,23200	-17,59657
299,24700	-17,62527
299,26200	-17,65375
299,27700	-17,68211
299,29200	-17,71024
299,30700	-17,73800
299,32200	-17,76567
299,33700	-17,79311
299,35200	-17,82060
299,36700	-17,84800
299,38200	-17,87532
299,39700	-17,90246
299,41200	-17,92931
299,42700	-17,95608
299,44200	-17,98287
299,45700	-18,00940
299,47200	-18,03572
299,48700	-18,06182
299,50200	-18,08762
299,51700	-18,11327
299,53200	-18,13867
299,54700	-18,16401
299,56200	-18,18934
299,57700	-18,21436
299,59200	-18,23917
299,60700	-18,26373
299,62200	-18,28819
299,63700	-18,31269
299,65200	-18,33709
299,66700	-18,36148
299,68200	-18,38566
299,69700	-18,40951
299,71200	-18,43333
299,72700	-18,45701
299,74200	-18,48060
299,75700	-18,50412
299,77200	-18,52733
299,78700	-18,55049
299,80200	-18,57345
299,81700	-18,59633
299,83200	-18,61917
299,84700	-18,64193
299,86200	-18,66444
299,87700	-18,68677
299,89200	-18,70897
299,90700	-18,73105
299,92300	-18,75303
299,93700	-18,77501
299,95200	-18,79680
299,96700	-18,81835
299,98300	-18,83984
299,99800	-18,86109
300,01200	-18,88223
300,02700	-18,90337
300,04300	-18,92432
300,05800	-18,94501
300,07200	-18,96558
300,08800	-18,98579
300,10300	-19,00590
300,11800	-19,02591
300,13300	-19,04582
300,14800	-19,06569
300,16300	-19,08522
300,17800	-19,10455
300,19300	-19,12377
300,20800	-19,14273
300,22300	-19,16166
300,23800	-19,18042
300,25300	-19,19891
300,26800	-19,21730
300,28300	-19,23544
300,29800	-19,25347
300,31300	-19,27159
300,32800	-19,28958
300,34300	-19,30750
300,35800	-19,32516
300,37300	-19,34262
300,38800	-19,36007
300,40300	-19,37738
300,41800	-19,39462
300,43300	-19,41180
300,44800	-19,42872
300,46300	-19,44547
300,47800	-19,46199
300,49300	-19,47842
300,50800	-19,49474
300,52300	-19,51084
300,53800	-19,52697
300,55300	-19,54284
300,56800	-19,55855
300,58300	-19,57419
300,59800	-19,58972
300,61300	-19,60529
300,62800	-19,62087
300,64300	-19,63614
300,65800	-19,65139
300,67300	-19,66635
300,68800	-19,68113
300,70300	-19,69586
300,71800	-19,71043
300,73300	-19,72504
300,74800	-19,73945
300,76300	-19,75357
300,77800	-19,76771
300,79300	-19,78180
300,80800	-19,79578
300,82300	-19,80981
300,83800	-19,82364
300,85300	-19,83729
300,86800	-19,85070
300,88300	-19,86401
300,89800	-19,87722
300,91300	-19,89039
300,92800	-19,90346
300,94300	-19,91635
300,95800	-19,92899
300,97300	-19,94167
300,98800	-19,95435
301,00300	-19,96697
301,01800	-19,97959
301,03300	-19,99201
301,04800	-20,00429
301,06300	-20,01653
301,07800	-20,02854
301,09300	-20,04058
301,10800	-20,05260
301,12300	-20,06444
301,13800	-20,07615
301,15300	-20,08759
301,16800	-20,09898
301,18300	-20,11023
301,19800	-20,12147
301,21300	-20,13266
301,22800	-20,14365
301,24300	-20,15452
301,25800	-20,16538
301,27300	-20,17613
301,28800	-20,18699
301,30300	-20,19769
301,31800	-20,20817
301,33300	-20,21843
301,34800	-20,22846
301,36300	-20,23840
301,37800	-20,24838
301,39300	-20,25824
301,40800	-20,26798
301,42300	-20,27752
301,43800	-20,28683
301,45300	-20,29603
301,46800	-20,30516
301,48300	-20,31436
301,49800	-20,32346
301,51300	-20,33234
301,52800	-20,34103
301,54300	-20,34952
301,55800	-20,35804
301,57300	-20,36670
301,58800	-20,37520
301,60300	-20,38372
301,61800	-20,39206
301,63300	-20,40019
301,64800	-20,40831
301,66300	-20,41643
301,67800	-20,42453
301,69300	-20,43252
301,70800	-20,44027
301,72300	-20,44804
301,73800	-20,45569
301,75300	-20,46336
301,76800	-20,47112
301,78300	-20,47881
301,79800	-20,48648
301,81300	-20,49399
301,82800	-20,50118
301,84300	-20,50838
301,85800	-20,51554
301,87300	-20,52265
301,88900	-20,52970
301,90300	-20,53643
301,91800	-20,54294
301,93300	-20,54926
301,94900	-20,55541
301,96400	-20,56153
301,97800	-20,56751
301,99300	-20,57329
302,00900	-20,57894
302,02400	-20,58443
302,03800	-20,58986
302,05300	-20,59515
302,06800	-20,60039
302,08400	-20,60553
302,09900	-20,61048
302,11400	-20,61526
302,12900	-20,61998
302,14400	-20,62448
302,15900	-20,62904
302,17400	-20,63330
302,18900	-20,63737
302,20400	-20,64139
302,21900	-20,64530
302,23400	-20,64914
302,24900	-20,65291
302,26400	-20,65667
302,27900	-20,66048
302,29400	-20,66403
302,30900	-20,66738
302,32400	-20,67066
302,33900	-20,67372
302,35400	-20,67683
302,36900	-20,67998
302,38400	-20,68314
302,39900	-20,68619
302,41400	-20,68910
302,42900	-20,69190
302,44400	-20,69476
302,45900	-20,69756
302,47400	-20,70044
302,48900	-20,70317
302,50400	-20,70566
302,51900	-20,70808
302,53400	-20,71037
302,54900	-20,71274
302,56400	-20,71517
302,57900	-20,71748
302,59400	-20,71979
302,60900	-20,72194
302,62400	-20,72402
302,63900	-20,72623
302,65400	-20,72836
302,66900	-20,73062
302,68400	-20,73275
302,69900	-20,73478
302,71400	-20,73677
302,72900	-20,73874
302,74400	-20,74079
302,75900	-20,74292
302,77400	-20,74494
302,78900	-20,74698
302,80400	-20,74881
302,81900	-20,75066
302,83400	-20,75267
302,84900	-20,75477
302,86400	-20,75705
302,87900	-20,75932
302,89400	-20,76148
302,90900	-20,76368
302,92400	-20,76596
302,93900	-20,76836
302,95400	-20,77097
302,96900	-20,77343
302,98400	-20,77591
302,99900	-20,77821
303,01400	-20,78054
303,02900	-20,78307
303,04400	-20,78576
303,05900	-20,78859
303,07400	-20,79132
303,08900	-20,79386
303,10400	-20,79657
303,11900	-20,79930
303,13400	-20,80231
303,14900	-20,80552
303,16400	-20,80861
303,17900	-20,81173
303,19400	-20,81492
303,20900	-20,81820
303,22400	-20,82171
303,23900	-20,82537
303,25400	-20,82909
303,26900	-20,83282
303,28400	-20,83650
303,29900	-20,84026
303,31400	-20,84405
303,32900	-20,84803
303,34400	-20,85234
303,35900	-20,85660
303,37400	-20,86090
303,38900	-20,86535
303,40400	-20,86981
303,41900	-20,87460
303,43400	-20,87977
303,44900	-20,88519
303,46400	-20,89081
303,47900	-20,89656
303,49400	-20,90254
303,50900	-20,90890
303,52400	-20,91531
303,53900	-20,92204
303,55400	-20,92888
303,56900	-20,93587
303,58400	-20,94304
303,59900	-20,95034
303,61400	-20,95788
303,62900	-20,96565
303,64400	-20,97344
303,65900	-20,98150
303,67400	-20,98958
303,68900	-20,99797
303,70400	-21,00681
303,71900	-21,01586
303,73400	-21,02517
303,74900	-21,03474
303,75200	-21,04437
303,76700	-21,05412
303,78200	-21,06396
303,79700	-21,07406
303,81200	-21,08446
303,82700	-21,09506
303,84200	-21,10598
303,85700	-21,11686
303,87200	-21,12777
303,88700	-21,13880
303,90200	-21,14997
303,91700	-21,16144
303,93200	-21,17299
303,94700	-21,18450
303,96200	-21,19611
303,97700	-21,20773
303,99200	-21,21960
304,00700	-21,23178
304,02200	-21,24409
304,03700	-21,25668
304,05200	-21,26925
304,06700	-21,28182
304,08200	-21,29450
304,09700	-21,30725
304,11200	-21,32029
304,12700	-21,33355
304,14200	-21,34678
304,15700	-21,36014
304,17200	-21,37344
304,18700	-21,38699
304,20200	-21,40077
304,21700	-21,41470
304,23200	-21,42881
304,24700	-21,44288
304,26200	-21,45686
304,27700	-21,47103
304,29200	-21,48516
304,30700	-21,49955
304,32200	-21,51406
304,33700	-21,52849
304,35200	-21,54299
304,36700	-21,55739
304,38200	-21,57185
304,39700	-21,58642
304,41200	-21,60108
304,42700	-21,61577
304,44200	-21,63043
304,45700	-21,64491
304,47200	-21,65963
304,48700	-21,67437
304,50200	-21,68928
304,51700	-21,70430
304,53200	-21,71921
304,54700	-21,73406
304,56200	-21,74882
304,57700	-21,76369
304,59200	-21,77878
304,60700	-21,79378
304,62200	-21,80879
304,63700	-21,82352
304,65200	-21,83809
304,66700	-21,85283
304,68200	-21,86753
304,69700	-21,88225
304,71200	-21,89705
304,72700	-21,91167
304,74200	-21,92612
304,75700	-21,94051
304,77200	-21,95492
304,78700	-21,96942
304,80200	-21,98391
304,81700	-21,99841
304,83200	-22,01283
304,84700	-22,02698
304,86200	-22,04120
304,87700	-22,05554
304,89200	-22,06978
304,90700	-22,08411
304,92300	-22,09819
304,93700	-22,11198
304,95200	-22,12560
304,96700	-22,13909
304,98300	-22,15253
304,99800	-22,16586
305,01200	-22,17893
305,02700	-22,19201
305,04300	-22,20475
305,05800	-22,21748
305,07200	-22,23024
305,08800	-22,24292
305,10300	-22,25562
305,11800	-22,26817
305,13300	-22,28050
305,14800	-22,29289
305,16300	-22,30516
305,17800	-22,31751
305,19300	-22,32975
305,20800	-22,34162
305,22300	-22,35333
305,23800	-22,36479
305,25300	-22,37608
305,26800	-22,38743
305,28300	-22,39873
305,29800	-22,40993
305,31300	-22,42098
305,32800	-22,43180
305,34300	-22,44256
305,35800	-22,45314
305,37300	-22,46386
305,38800	-22,47458
305,40300	-22,48510
305,41800	-22,49554
305,43300	-22,50573
305,44800	-22,51596
305,46300	-22,52624
305,47800	-22,53648
305,49300	-22,54671
305,50800	-22,55665
305,52300	-22,56633
305,53800	-22,57599
305,55300	-22,58545
305,56800	-22,59499
305,58300	-22,60463
305,59800	-22,61416
305,61300	-22,62361
305,62800	-22,63281
305,64300	-22,64184
305,65800	-22,65091
305,67300	-22,65987
305,68800	-22,66880
305,70300	-22,67750
305,71800	-22,68609
305,73300	-22,69459
305,74800	-22,70294
305,76300	-22,71130
305,77800	-22,71968
305,79300	-22,72786
305,80800	-22,73603
305,82300	-22,74403
305,83800	-22,75194
305,85300	-22,75995
305,86800	-22,76784
305,88300	-22,77570
305,89800	-22,78350
305,91300	-22,79123
305,92800	-22,79891
305,94300	-22,80659
305,95800	-22,81424
305,97300	-22,82202
305,98800	-22,82962
306,00300	-22,83707
306,01800	-22,84447
306,03300	-22,85173
306,04800	-22,85910
306,06300	-22,86644
306,07800	-22,87371
306,09300	-22,88090
306,10800	-22,88782
306,12300	-22,89480
306,13800	-22,90182
306,15300	-22,90895
306,16800	-22,91617
306,18300	-22,92315
306,19800	-22,93005
306,21300	-22,93696
306,22800	-22,94374
306,24300	-22,95063
306,25800	-22,95754
306,27300	-22,96436
306,28800	-22,97112
306,30300	-22,97768
306,31800	-22,98423
306,33300	-22,99081
306,34800	-22,99729
306,36300	-23,00386
306,37800	-23,01030
306,39300	-23,01644
306,40800	-23,02264
306,42300	-23,02871
306,43800	-23,03488
306,45300	-23,04107
306,46800	-23,04722
306,48300	-23,05336
306,49800	-23,05945
306,51300	-23,06556
306,52800	-23,07174
306,54300	-23,07785
306,55800	-23,08407
306,57300	-23,09020
306,58800	-23,09617
306,60300	-23,10212
306,61800	-23,10792
306,63300	-23,11373
306,64800	-23,11966
306,66300	-23,12543
306,67800	-23,13117
306,69300	-23,13671
306,70800	-23,14222
306,72300	-23,14783
306,73800	-23,15343
306,75300	-23,15908
306,76800	-23,16470
306,78300	-23,17012
306,79800	-23,17547
306,81300	-23,18085
306,82800	-23,18625
306,84300	-23,19169
306,85800	-23,19697
306,87300	-23,20217
306,88900	-23,20715
306,90300	-23,21207
306,91800	-23,21709
306,93300	-23,22204
306,94900	-23,22704
306,96400	-23,23192
306,97800	-23,23668
306,99300	-23,24142
307,00900	-23,24612
307,02400	-23,25093
307,03800	-23,25582
307,05300	-23,26057
307,06800	-23,26523
307,08400	-23,26969
307,09900	-23,27393
307,11400	-23,27820
307,12900	-23,28233
307,14400	-23,28632
307,15900	-23,29027
307,17400	-23,29408
307,18900	-23,29787
307,20400	-23,30162
307,21900	-23,30537
307,23400	-23,30902
307,24900	-23,31259
307,26400	-23,31609
307,27900	-23,31952
307,29400	-23,32288
307,30900	-23,32624
307,32400	-23,32957
307,33900	-23,33283
307,35400	-23,33601
307,36900	-23,33905
307,38400	-23,34207
307,39900	-23,34505
307,41400	-23,34797
307,42900	-23,35084
307,44400	-23,35361
307,45900	-23,35626
307,47400	-23,35884
307,48900	-23,36130
307,50400	-23,36376
307,51900	-23,36624
307,53400	-23,36863
307,54900	-23,37097
307,56400	-23,37317
307,57900	-23,37531
307,59400	-23,37747
307,60900	-23,37956
307,62400	-23,38172
307,63900	-23,38376
307,65400	-23,38567
307,66900	-23,38751
307,68400	-23,38925
307,69900	-23,39102
307,71400	-23,39279
307,72900	-23,39443
307,74400	-23,39602
307,75900	-23,39751
307,77400	-23,39895
307,78900	-23,40041
307,80400	-23,40183
307,81900	-23,40329
307,83400	-23,40466
307,84900	-23,40030
307,86400	-23,39594
307,87900	-23,39159
307,89400	-23,38723
307,90900	-23,38287
307,92400	-23,37852
307,93900	-23,37416
307,95400	-23,36980
307,96900	-23,36545
307,98400	-23,36109
307,99900	-23,35446
308,01400	-23,33821
308,02900	-23,32010
308,04400	-23,30050
308,05900	-23,28297
308,07400	-23,27767
308,08900	-23,27702
308,10400	-23,27268
308,11900	-23,26445
308,13400	-23,25511
308,14900	-23,23641
308,16400	-23,22288
308,17900	-23,22035
308,19400	-23,22146
308,20900	-23,22395
308,22400	-23,22337
308,23900	-23,20969
308,25400	-23,18773
308,26900	-23,17902
308,28400	-23,17759
308,29900	-23,17665
308,31400	-23,17733
308,32900	-23,16545
308,34400	-23,15764
308,35900	-23,14900
308,37400	-23,13969
308,38900	-23,12855
308,40400	-23,10980
308,41900	-23,09250
308,43400	-23,06534
308,44900	-23,03931
308,46400	-23,02130
308,47900	-22,99818
308,49400	-22,98493
308,50900	-22,96238
308,52400	-22,93316
308,53900	-22,90729
308,55400	-22,88867
308,56900	-22,87560
308,58400	-22,86763
308,59900	-22,85016
308,61400	-22,82602
308,62900	-22,79210
308,64400	-22,76836
308,65900	-22,74973
308,67400	-22,73176
308,68900	-22,71737
308,70400	-22,69980
308,71900	-22,67101
308,73400	-22,64875
308,74900	-22,62323
308,76400	-22,60723
308,77900	-22,59674
308,79400	-22,58107
308,80900	-22,55298
308,82400	-22,51646
308,83900	-22,48952
308,85400	-22,47446
308,86900	-22,45373
308,88400	-22,43841
308,89900	-22,41283
308,91400	-22,39090
308,93000	-22,37212
308,94500	-22,35691
308,95900	-22,34726
308,97400	-22,34349
308,99000	-22,33537
309,00500	-22,31166
309,01900	-22,27481
309,03400	-22,24558
309,05000	-22,22459
309,06500	-22,21252
309,07900	-22,18586
309,09400	-22,15007
309,11000	-22,10504
309,12500	-22,06179
309,14000	-22,02373
309,15500	-21,98803
309,17000	-21,96871
309,18500	-21,94360
309,20000	-21,91218
309,21500	-21,86672
309,23000	-21,82046
309,24500	-21,78423
309,26000	-21,75770
309,27500	-21,72579
309,29000	-21,68955
309,30500	-21,65221
309,32000	-21,61912
309,33500	-21,57179
309,35000	-21,53074
309,36500	-21,49453
309,38000	-21,46177
309,39500	-21,41745
309,41000	-21,37664
309,42500	-21,33054
309,44000	-21,28995
309,45500	-21,25455
309,47000	-21,20322
309,48500	-21,14375
309,50000	-21,08893
309,51500	-21,03599
309,53000	-20,98231
309,54500	-20,92863
309,56000	-20,88278
309,57500	-20,82786
309,59000	-20,76321
309,60500	-20,70058
309,62000	-20,63364
309,63500	-20,57599
309,65000	-20,52843
309,66500	-20,47263
309,68000	-20,40861
309,69500	-20,34103
309,71000	-20,27063
309,72500	-20,20379
309,74000	-20,13745
309,75500	-20,07690
309,77000	-20,01735
309,78500	-19,95097
309,80000	-19,88822
309,81500	-19,81868
309,83000	-19,75533
309,84500	-19,69589
309,86000	-19,62956
309,87500	-19,56294
309,89000	-19,48890
309,90500	-19,41540
309,92000	-19,35040
309,93500	-19,27760
309,95000	-19,20952
309,96500	-19,13635
309,98000	-19,06222
309,99500	-18,98898
310,01000	-18,92391
310,02500	-18,86368
310,04000	-18,80490
310,05500	-18,73971
310,07000	-18,67166
310,08500	-18,59637
310,10000	-18,52804
310,11500	-18,45802
310,13000	-18,38387
310,14500	-18,30092
310,16000	-18,21338
310,17500	-18,11858
310,19000	-18,02714
310,20500	-17,94340
310,22000	-17,86907
310,23500	-17,80062
310,25000	-17,72092
310,26500	-17,63029
310,28000	-17,54814
310,29500	-17,47514
310,31000	-17,41208
310,32500	-17,35557
310,34000	-17,28907
310,35500	-17,21901
310,37000	-17,14050
310,38500	-17,06020
310,40000	-16,98128
310,41500	-16,91434
310,43000	-16,85631
310,44500	-16,78857
310,46000	-16,71275
310,47500	-16,64092
310,49000	-16,56449
310,50500	-16,49626
310,52000	-16,43417
310,53500	-16,36805
310,55000	-16,30471
310,56500	-16,23974
310,58000	-16,17793
310,59500	-16,12239
310,61000	-16,07199
310,62500	-16,02645
310,64000	-15,97594
310,65500	-15,92406
310,67000	-15,88204
310,68500	-15,83699
310,70000	-15,79546
310,71500	-15,75347
310,73000	-15,70556
310,74500	-15,65155
310,76000	-15,59389
310,77500	-15,53229
310,79000	-15,47421
310,80500	-15,41550
310,82000	-15,36263
310,83500	-15,29799
310,85000	-15,22835
310,86500	-15,16816
310,88000	-15,10193
310,89500	-15,04141
310,91100	-14,98435
310,92500	-14,92053
310,94000	-14,86380
310,95500	-14,81208
310,97100	-14,77023
310,98600	-14,73683
311,00000	-14,70845
311,01500	-14,68878
311,03100	-14,66678
311,04600	-14,66508
311,06000	-14,66819
311,07500	-14,68128
311,09100	-14,70415
311,10600	-14,73157
311,12100	-14,74959
311,13600	-14,76272
311,15100	-14,77232
311,16600	-14,79738
311,18100	-14,82802
311,19600	-14,86037
311,21100	-14,87444
311,22600	-14,89521
311,24100	-14,91503
311,25600	-14,94214
311,27100	-14,97803
311,28600	-15,02362
311,30100	-15,07409
311,31600	-15,12006
311,33100	-15,15301
311,34600	-15,19185
311,36100	-15,23694
311,37600	-15,29592
311,39100	-15,34877
311,40600	-15,39889
311,42100	-15,44563
311,43600	-15,47956
311,45100	-15,51511
311,46600	-15,56388
311,48100	-15,62155
311,49600	-15,68868
311,51100	-15,75132
311,52600	-15,80929
311,54100	-15,87227
311,55600	-15,94603
311,57100	-16,02284
311,58600	-16,10430
311,60100	-16,18960
311,61600	-16,28199
311,63100	-16,36540
311,64600	-16,45059
311,66100	-16,54489
311,67600	-16,63983
311,69100	-16,74003
311,70600	-16,83148
311,72100	-16,91298
311,73600	-17,00344
311,75100	-17,09336
311,76600	-17,18767
311,78100	-17,27055
311,79600	-17,34584
311,81100	-17,42055
311,82600	-17,47842
311,84100	-17,53679
311,85600	-17,59680
311,87100	-17,66369
311,88600	-17,73553
311,90100	-17,79563
311,91600	-17,84781
311,93100	-17,90463
311,94600	-17,97304
311,96100	-18,04876
311,97600	-18,12055
311,99100	-18,19678
312,00600	-18,26699
312,02100	-18,33766
312,03600	-18,40580
312,05100	-18,47799
312,06600	-18,55525
312,08100	-18,63678
312,09600	-18,70633
312,11100	-18,76831
312,12600	-18,83077
312,14100	-18,90462
312,15600	-18,97951
312,17100	-19,05818
312,18600	-19,12294
312,20100	-19,18918
312,21600	-19,25009
312,23100	-19,31017
312,24600	-19,36978
312,26100	-19,43888
312,27600	-19,50221
312,29100	-19,56269
312,30600	-19,61206
312,32100	-19,66131
312,33600	-19,71544
312,35100	-19,77964
312,36600	-19,83136
312,38100	-19,88268
312,39600	-19,92629
312,41100	-19,98010
312,42600	-20,03006
312,44100	-20,08388
312,45600	-20,13978
312,47100	-20,18569
312,48600	-20,22707
312,50100	-20,26545
312,51600	-20,30668
312,53100	-20,36833
312,54600	-20,42431
312,56100	-20,48484
312,57600	-20,53024
312,59100	-20,56881
312,60600	-20,61810
312,62100	-20,66486
312,63600	-20,72439
312,65100	-20,79031
312,66600	-20,84731
312,68100	-20,89432
312,69600	-20,92188
312,71100	-20,95747
312,72600	-20,99854
312,74100	-21,03861
312,75600	-21,08051
312,77100	-21,10306
312,78600	-21,11820
312,80100	-21,13391
312,81600	-21,14762
312,83100	-21,16332
312,84600	-21,18275
312,86100	-21,20479
312,87600	-21,21903
312,89100	-21,23053
312,90600	-21,24824
312,92100	-21,27524
312,93700	-21,31040
312,95200	-21,35107
312,96600	-21,38039
312,98100	-21,40976
312,99700	-21,44526
313,01200	-21,48467
313,02600	-21,52540
313,04100	-21,56641
313,05700	-21,59504
313,07200	-21,61958
313,08700	-21,63532
313,10200	-21,65231
313,11600	-21,67952
313,13200	-21,71232
313,14700	-21,73187
313,16200	-21,74798
313,17700	-21,76329
313,19200	-21,78241
313,20700	-21,80448
313,22200	-21,83408
313,23700	-21,86322
313,25200	-21,88557
313,26700	-21,90212
313,28200	-21,90396
313,29700	-21,90859
313,31200	-21,92436
313,32700	-21,93552
313,34200	-21,93044
313,35700	-21,92400
313,37200	-21,92345
313,38700	-21,92833
313,40200	-21,94295
313,41700	-21,96512
313,43200	-21,98907
313,44700	-22,01454
313,46200	-22,03312
313,47700	-22,05349
313,49200	-22,07979
313,50700	-22,11910
313,52200	-22,15853
313,53700	-22,18255
313,55200	-22,19756
313,56700	-22,20446
313,58200	-22,21491
313,59700	-22,23357
313,61200	-22,25141
313,62700	-22,27378
313,64200	-22,29325
313,65700	-22,30650
313,67200	-22,32082
313,68700	-22,32917
313,70200	-22,34418
313,71700	-22,36218
313,73200	-22,36988
313,74700	-22,37327
313,76200	-22,37073
313,77700	-22,37394
313,79200	-22,38288
313,80700	-22,38576
313,82200	-22,39002
313,83700	-22,38864
313,85200	-22,38824
313,86700	-22,39259
313,88200	-22,40018
313,89700	-22,41902
313,91200	-22,43239
313,92700	-22,43456
313,94200	-22,43064
313,95700	-22,41731
313,97200	-22,41240
313,98700	-22,41742
314,00200	-22,42331
314,01700	-22,43006
314,03200	-22,42807
314,04700	-22,42486
314,06200	-22,42307
314,07700	-22,43031
314,09200	-22,44464
314,10700	-22,45890
314,12200	-22,46864
314,13700	-22,47204
314,15200	-22,46603
314,16700	-22,46526
314,18200	-22,47376
314,19700	-22,48864
314,21200	-22,49129
314,22700	-22,48394
314,24200	-22,47485
314,25700	-22,46854
314,27200	-22,46302
314,28700	-22,46226
314,30200	-22,45888
314,31700	-22,44992
314,33200	-22,43842
314,34700	-22,41806
314,36200	-22,39446
314,37700	-22,38223
314,39200	-22,37729
314,40700	-22,35978
314,42200	-22,34571
314,43700	-22,34192
314,45200	-22,34499
314,46700	-22,36614
314,48200	-22,38920
314,49700	-22,40119
314,51200	-22,41463
314,52700	-22,42297
314,54200	-22,43101
314,55700	-22,43918
314,57200	-22,45603
314,58700	-22,46332
314,60200	-22,45110
314,61700	-22,42911
314,63200	-22,38710
314,64700	-22,35267
314,66200	-22,33465
314,67700	-22,30448
314,69200	-22,27874
314,70700	-22,25347
314,72200	-22,22103
314,73700	-22,19461
314,75200	-22,17660
314,76700	-22,16642
314,78200	-22,16379
314,79700	-22,15659
314,81200	-22,14388
314,82700	-22,12064
314,84200	-22,11051
314,85700	-22,10453
314,87200	-22,08818
314,88700	-22,07594
314,90200	-22,04933
314,91700	-22,01244
314,93300	-21,98002
314,94700	-21,93848
314,96200	-21,90651
314,97800	-21,86912
314,99300	-21,82515
315,00700	-21,77350
315,02200	-21,71984
315,03800	-21,67260
315,05300	-21,63189
315,06700	-21,59736
315,08300	-21,56562
315,09800	-21,53059
315,11300	-21,50031
315,12800	-21,47171
315,14300	-21,45471
315,15800	-21,44632
315,17300	-21,43781
315,18800	-21,41545
315,20300	-21,38731
315,21800	-21,34908
315,23300	-21,31350
315,24800	-21,27945
315,26300	-21,23953
315,27800	-21,19160
315,29300	-21,13920
315,30800	-21,08050
315,32300	-21,02364
315,33800	-20,97796
315,35300	-20,94182
315,36800	-20,91298
315,38300	-20,87820
315,39800	-20,83294
315,41300	-20,79009
315,42800	-20,75345
315,44300	-20,71933
315,45800	-20,68440
315,47300	-20,63802
315,48800	-20,58460
315,50300	-20,51783
315,51800	-20,45375
315,53300	-20,39129
315,54800	-20,33327
315,56300	-20,28899
315,57800	-20,23594
315,59300	-20,17165
315,60800	-20,11413
315,62300	-20,05589
315,63800	-20,00357
315,65300	-19,95184
315,66800	-19,89186
315,68300	-19,82177
315,69800	-19,73917
315,71300	-19,65695
315,72800	-19,56366
315,74300	-19,46743
315,75800	-19,37513
315,77300	-19,27078
315,78800	-19,15672
315,80300	-19,04988
315,81800	-18,93943
315,83300	-18,83743
315,84800	-18,74181
315,86300	-18,64237
315,87800	-18,54306
315,89300	-18,43890
315,90800	-18,33893
315,92300	-18,24384
315,93800	-18,14776
315,95300	-18,05894
315,96800	-17,95500
315,98300	-17,84559
315,99800	-17,73917
316,01300	-17,62637
316,02800	-17,52079
316,04300	-17,40339
316,05800	-17,28168
316,07300	-17,15595
316,08800	-17,02094
316,10300	-16,88296
316,11800	-16,74688
316,13300	-16,60636
316,14800	-16,46740
316,16300	-16,31312
316,17800	-16,14793
316,19300	-15,96956
316,20800	-15,78805
316,22300	-15,59212
316,23800	-15,36973
316,25300	-15,10945
316,26800	-14,81926
316,28300	-14,47243
316,29800	-14,07753
316,31300	-13,61020
316,32800	-13,05937
316,34300	-12,40457
316,35800	-11,62661
316,37300	-10,70391
316,38800	-9,62079
316,40300	-8,35459
316,41800	-6,88141
316,43300	-5,15786
316,44800	-3,16342
316,46300	-0,87337
316,47800	1,71851
316,49300	4,63017
316,50800	7,86956
316,52300	11,44331
316,53800	15,35727
316,55300	19,59474
316,56800	24,14337
316,58300	28,96819
316,59800	34,03513
316,61300	39,31382
316,62800	44,77604
316,64300	50,39825
316,65800	56,13428
316,67300	61,93516
316,68800	67,76645
316,70300	73,58638
316,71800	79,36664
316,73300	85,06956
316,74800	90,67095
316,76300	96,13061
316,77800	101,41404
316,79300	106,48460
316,80800	111,32030
316,82300	115,89702
316,83800	120,19888
316,85300	124,20509
316,86800	127,88237
316,88400	131,22629
316,89800	134,21902
316,91300	136,85196
316,92800	139,13396
316,94300	141,04835
316,95900	142,58736
316,97400	143,73598
316,98800	144,48741
317,00300	144,85086
317,01900	144,81625
317,03400	144,39940
317,04800	143,58817
317,06300	142,38636
317,07900	140,79135
317,09400	138,81326
317,10900	136,47960
317,12400	133,82749
317,13900	130,86848
317,15400	127,64076
317,16900	124,16400
317,18400	120,47026
317,19900	116,60724
317,21400	112,61331
317,22900	108,52578
317,24400	104,38934
317,25900	100,23155
317,27400	96,07530
317,28900	91,94354
317,30400	87,87729
317,31900	83,89212
317,33400	79,99730
317,34900	76,21270
317,36400	72,53167
317,37900	68,96347
317,39400	65,52107
317,40900	62,20817
317,42400	59,01457
317,43900	55,94292
317,45400	52,97490
317,46900	50,10506
317,48400	47,33401
317,49900	44,66912
317,51400	42,11450
317,52900	39,66464
317,54400	37,29826
317,55900	35,01240
317,57400	32,80358
317,58900	30,68102
317,60400	28,64354
317,61900	26,69507
317,63400	24,82554
317,64900	23,02690
317,66400	21,29389
317,67900	19,61848
317,69400	17,99909
317,70900	16,45557
317,72400	14,98196
317,73900	13,55969
317,75400	12,18449
317,76900	10,85748
317,78400	9,58293
317,79900	8,36852
317,81400	7,20660
317,82900	6,09056
317,84400	5,01592
317,85900	3,97861
317,87400	2,98442
317,88900	2,02328
317,90400	1,10351
317,91900	0,22937
317,93400	-0,61601
317,94900	-1,43500
317,96400	-2,23026
317,97900	-2,99347
317,99400	-3,71802
318,00900	-4,41306
318,02400	-5,07060
318,03900	-5,71097
318,05400	-6,33144
318,06900	-6,91404
318,08400	-7,47593
318,09900	-8,00807
318,11400	-8,51464
318,12900	-9,00263
318,14400	-9,47645
318,15900	-9,93835
318,17400	-10,37447
318,18900	-10,78734
318,20400	-11,18080
318,21900	-11,55189
318,23400	-11,92050
318,24900	-12,28586
318,26400	-12,63469
318,27900	-12,96564
318,29400	-13,28023
318,30900	-13,58284
318,32400	-13,87817
318,33900	-14,17487
318,35400	-14,47141
318,36900	-14,75319
318,38400	-15,02192
318,39900	-15,27788
318,41400	-15,51562
318,42900	-15,74858
318,44400	-15,97903
318,45900	-16,20356
318,47400	-16,41206
318,48900	-16,60269
318,50400	-16,78134
318,51900	-16,95187
318,53400	-17,12730
318,54900	-17,29680
318,56400	-17,46154
318,57900	-17,61409
318,59400	-17,75915
318,60900	-17,89497
318,62400	-18,02620
318,63900	-18,15795
318,65400	-18,28787
318,66900	-18,40333
318,68400	-18,51236
318,69900	-18,61057
318,71400	-18,70994
318,72900	-18,81139
318,74400	-18,91048
318,75900	-19,00693
318,77400	-19,10860
318,78900	-19,19983
318,80400	-19,29244
318,81900	-19,38378
318,83400	-19,47926
318,84900	-19,57413
318,86400	-19,65521
318,87900	-19,73014
318,89400	-19,79758
318,90900	-19,86766
318,92500	-19,94209
318,94000	-20,00226
318,95400	-20,06716
318,96900	-20,12085
318,98500	-20,17060
319,00000	-20,22156
319,01400	-20,26821
319,02900	-20,31879
319,04500	-20,36635
319,06000	-20,40122
319,07500	-20,43747
319,08900	-20,46588
319,10500	-20,50432
319,12000	-20,54624
319,13500	-20,58795
319,15000	-20,62962
319,16500	-20,66564
319,18000	-20,70267
319,19500	-20,74807
319,21000	-20,79972
319,22500	-20,86036
319,24000	-20,90935
319,25500	-20,95135
319,27000	-20,98207
319,28500	-21,00094
319,30000	-21,02500
319,31500	-21,05676
319,33000	-21,08898
319,34500	-21,10973
319,36000	-21,12504
319,37500	-21,13608
319,39000	-21,15098
319,40500	-21,17774
319,42000	-21,20823
319,43500	-21,23918
319,45000	-21,26603
319,46500	-21,29146
319,48000	-21,30953
319,49500	-21,32764
319,51000	-21,35738
319,52500	-21,37755
319,54000	-21,38774
319,55500	-21,38947
319,57000	-21,38722
319,58500	-21,39047
319,60000	-21,40160
319,61500	-21,41955
319,63000	-21,42524
319,64500	-21,42646
319,66000	-21,42675
319,67500	-21,42346
319,69000	-21,43027
319,70500	-21,44582
319,72000	-21,46071
319,73500	-21,46177
319,75000	-21,45665
319,76500	-21,44971
319,78000	-21,44621
319,79500	-21,46203
319,81000	-21,47383
319,82500	-21,48401
319,84000	-21,50082
319,85500	-21,51776
319,87000	-21,53271
319,88500	-21,55222
319,90000	-21,58661
319,91500	-21,62141
319,93000	-21,64602
319,94500	-21,66686
319,96000	-21,67833
319,97500	-21,69937
319,99000	-21,73289
320,00500	-21,75011
320,02000	-21,76268
320,03500	-21,78308
320,05000	-21,80088
320,06500	-21,81908
320,08000	-21,84243
320,09500	-21,87196
320,11000	-21,89963
320,12500	-21,91552
320,14000	-21,92794
320,15500	-21,92636
320,17000	-21,93788
320,18500	-21,95667
320,20000	-21,96273
320,21500	-21,97322
320,23000	-21,97406
320,24500	-21,97085
320,26000	-21,97219
320,27500	-21,98107
320,29000	-21,99998
320,30500	-22,01607
320,32000	-22,02445
320,33500	-22,02581
320,35000	-22,02116
320,36500	-22,02795
320,38000	-22,02496
320,39500	-22,02412
320,41000	-22,01606
320,42500	-21,99896
320,44000	-21,98087
320,45500	-21,96766
320,47000	-21,96312
320,48500	-21,97089
320,50000	-21,98860
320,51500	-21,99931
320,53000	-21,99861
320,54500	-22,00927
320,56000	-22,02557
320,57500	-22,04866
320,59000	-22,07553
320,60500	-22,08669
320,62000	-22,08814
320,63500	-22,08698
320,65000	-22,08437
320,66500	-22,06697
320,68000	-22,05798
320,69500	-22,05164
320,71000	-22,04302
320,72500	-22,03014
320,74000	-22,02285
320,75500	-22,01958
320,77000	-22,02688
320,78500	-22,04002
320,80000	-22,04081
320,81500	-22,04289
320,83000	-22,05827
320,84500	-22,06935
320,86000	-22,08751
320,87500	-22,09450
320,89000	-22,09970
320,90600	-22,09574
320,92100	-22,08421
320,93500	-22,08160
320,95000	-22,08173
320,96600	-22,09156
320,98100	-22,09767
320,99500	-22,08998
321,01000	-22,08599
321,02600	-22,07554
321,04100	-22,07486
321,05500	-22,08305
321,07000	-22,08970
321,08600	-22,10243
321,10100	-22,10462
321,11600	-22,09583
321,13100	-22,08951
321,14600	-22,08386
321,16100	-22,08562
321,17600	-22,08854
321,19100	-22,08842
321,20600	-22,08751
321,22100	-22,08064
321,23600	-22,08236
321,25100	-22,08906
321,26600	-22,09194
321,28100	-22,10431
321,29600	-22,11623
321,31100	-22,13498
321,32600	-22,16131
321,34100	-22,18748
321,35600	-22,21688
321,37100	-22,24621
321,38600	-22,26803
321,40100	-22,28098
321,41600	-22,28495
321,43100	-22,29286
321,44600	-22,29674
321,46100	-22,29069
321,47600	-22,26926
321,49100	-22,23523
321,50600	-22,19744
321,52100	-22,16395
321,53600	-22,13004
321,55100	-22,10509
321,56600	-22,08403
321,58100	-22,05356
321,59600	-22,02293
321,61100	-22,00001
321,62600	-21,98314
321,64100	-21,97667
321,65600	-21,97543
321,67100	-21,97605
321,68600	-21,97390
321,70100	-21,96964
321,71600	-21,96340
321,73100	-21,96941
321,74600	-21,98683
321,76100	-22,00508
321,77600	-22,01325
321,79100	-22,02004
321,80600	-22,03102
321,82100	-22,03102
321,83600	-22,02144
321,85100	-22,01185
321,86600	-22,00227
321,88100	-21,99269
321,89600	-21,98310
321,91100	-21,97352
321,92600	-21,96393
321,94100	-21,95435
321,95600	-21,94476
321,97100	-21,93518
321,98600	-21,92859
322,00100	-21,92281
322,01600	-21,91714
322,03100	-21,91134
322,04600	-21,90498
322,06100	-21,89769
322,07600	-21,89077
322,09100	-21,88385
322,10600	-21,87722
322,12100	-21,87088
322,13600	-21,86483
322,15100	-21,85908
322,16600	-21,85362
322,18100	-21,84845
322,19600	-21,84357
322,21100	-21,83898
322,22600	-21,83469
322,24100	-21,83069
322,25600	-21,82646
322,27100	-21,82207
322,28600	-21,81758
322,30100	-21,81295
322,31600	-21,80812
322,33100	-21,80306
322,34600	-21,79781
322,36100	-21,79242
322,37600	-21,78680
322,39100	-21,78108
322,40600	-21,77515
322,42100	-21,76902
322,43600	-21,76275
322,45100	-21,75628
322,46600	-21,74966
322,48100	-21,74292
322,49600	-21,73608
322,51100	-21,72911
322,52600	-21,72193
322,54100	-21,71452
322,55600	-21,70694
322,57100	-21,69914
322,58600	-21,69117
322,60100	-21,68307
322,61600	-21,67474
322,63100	-21,66619
322,64600	-21,65746
322,66100	-21,64857
322,67600	-21,64018
322,69100	-21,63188
322,70600	-21,62411
322,72100	-21,61645
322,73600	-21,60871
322,75100	-21,60084
322,76600	-21,59207
322,78100	-21,58376
322,79600	-21,57546
322,81100	-21,56708
322,82600	-21,55938
322,84100	-21,55065
322,85600	-21,54144
322,87100	-21,53247
322,88600	-21,52329
322,90100	-21,51484
322,91600	-21,50564
322,93200	-21,49638
322,94700	-21,48658
322,96200	-21,47588
322,97600	-21,46595
322,99100	-21,45619
323,00700	-21,44679
323,02200	-21,43813
323,03600	-21,42864
323,05100	-21,41863
323,06700	-21,40907
323,08200	-21,39973
323,09700	-21,39108
323,11100	-21,38233
323,12700	-21,37321
323,14200	-21,36371
323,15700	-21,35343
323,17200	-21,34334
323,18700	-21,33328
323,20200	-21,32302
323,21700	-21,31269
323,23200	-21,30180
323,24700	-21,29019
323,26200	-21,27872
323,27700	-21,26752
323,29200	-21,25743
323,30700	-21,24726
323,32200	-21,23652
323,33700	-21,22566
323,35200	-21,21498
323,36700	-21,20471
323,38200	-21,19489
323,39700	-21,18510
323,41200	-21,17515
323,42700	-21,16495
323,44200	-21,15432
323,45700	-21,14359
323,47200	-21,13320
323,48700	-21,12342
323,50200	-21,11397
323,51700	-21,10348
323,53200	-21,09275
323,54700	-21,08204
323,56200	-21,07178
323,57700	-21,06241
323,59200	-21,05244
323,60700	-21,04231
323,62200	-21,03177
323,63700	-21,02076
323,65200	-21,00943
323,66700	-20,99773
323,68200	-20,98562
323,69700	-20,97310
323,71200	-20,96007
323,72700	-20,94662
323,74200	-20,93288
323,75700	-20,91872
323,77200	-20,90478
323,78700	-20,89089
323,80200	-20,87687
323,81700	-20,86291
323,83200	-20,84900
323,84700	-20,83532
323,86200	-20,82174
323,87700	-20,80812
323,89200	-20,79461
323,90700	-20,78100
323,92200	-20,76748
323,93700	-20,75413
323,95200	-20,74073
323,96700	-20,72748
323,98200	-20,71425
323,99700	-20,70088
324,01200	-20,68744
324,02700	-20,67396
324,04200	-20,66068
324,05700	-20,64757
324,07200	-20,63444
324,08700	-20,62143
324,10200	-20,60840
324,11700	-20,59530
324,13200	-20,58237
324,14700	-20,56953
324,16200	-20,55668
324,17700	-20,54380
324,19200	-20,53080
324,20700	-20,51783
324,22200	-20,50488
324,23700	-20,49204
324,25200	-20,47924
324,26700	-20,46640
324,28200	-20,45357
324,29700	-20,44071
324,31200	-20,42784
324,32700	-20,41519
324,34200	-20,40244
324,35700	-20,38984
324,37200	-20,37717
324,38700	-20,36446
324,40200	-20,35188
324,41700	-20,33934
324,43200	-20,32702
324,44700	-20,31491
324,46200	-20,30266
324,47700	-20,29032
324,49200	-20,27778
324,50700	-20,26511
324,52200	-20,25259
324,53700	-20,23986
324,55200	-20,22722
324,56700	-20,21458
324,58200	-20,20167
324,59700	-20,18885
324,61200	-20,17591
324,62700	-20,16297
324,64200	-20,15013
324,65700	-20,13723
324,67200	-20,12428
324,68700	-20,11127
324,70200	-20,09808
324,71700	-20,08502
324,73200	-20,07204
324,74700	-20,05914
324,76200	-20,04624
324,77700	-20,03316
324,79200	-20,02008
324,80700	-20,00709
324,82200	-19,99420
324,83700	-19,98141
324,85200	-19,96849
324,86700	-19,95548
324,88200	-19,94234
324,89700	-19,92903
324,91200	-19,91580
324,92800	-19,90267
324,94200	-19,88943
324,95700	-19,87614
324,97300	-19,86259
324,98800	-19,84890
325,00200	-19,83521
325,01700	-19,82143
325,03300	-19,80778
325,04800	-19,79410
325,06200	-19,78030
325,07700	-19,76651
325,09300	-19,75263
325,10800	-19,73892
325,12300	-19,72526
325,13800	-19,71153
325,15300	-19,69780
325,16800	-19,68386
325,18300	-19,66981
325,19800	-19,65580
325,21300	-19,64174
325,22800	-19,62777
325,24300	-19,61374
325,25800	-19,59946
325,27300	-19,58521
325,28800	-19,57073
325,30300	-19,55628
325,31800	-19,54195
325,33300	-19,52749
325,34800	-19,51314
325,36300	-19,49858
325,37800	-19,48396
325,39300	-19,46946
325,40800	-19,45494
325,42300	-19,44049
325,43800	-19,42599
325,45300	-19,41129
325,46800	-19,39667
325,48300	-19,38194
325,49800	-19,36729
325,51300	-19,35284
325,52800	-19,33839
325,54300	-19,32389
325,55800	-19,30924
325,57300	-19,29445
325,58800	-19,27982
325,60300	-19,26517
325,61800	-19,25055
325,63300	-19,23601
325,64800	-19,22132
325,66300	-19,20666
325,67800	-19,19215
325,69300	-19,17768
325,70800	-19,16334
325,72300	-19,14892
325,73800	-19,13440
325,75300	-19,11987
325,76800	-19,10536
325,78300	-19,09102
325,79800	-19,07676
325,81300	-19,06255
325,82800	-19,04835
325,84300	-19,03394
325,85800	-19,01955
325,87300	-19,00517
325,88800	-18,99083
325,90300	-18,97661
325,91800	-18,96226
325,93300	-18,94782
325,94800	-18,93322
325,96300	-18,91852
325,97800	-18,90398
325,99300	-18,88954
326,00800	-18,87503
326,02300	-18,86056
326,03800	-18,84587
326,05300	-18,83126
326,06800	-18,81671
326,08300	-18,80214
326,09800	-18,78771
326,11300	-18,77313
326,12800	-18,75846
326,14300	-18,74388
326,15800	-18,72921
326,17300	-18,71463
326,18800	-18,70007
326,20300	-18,68541
326,21800	-18,67079
326,23300	-18,65592
326,24800	-18,64093
326,26300	-18,62599
326,27800	-18,61104
326,29300	-18,59610
326,30800	-18,58102
326,32300	-18,56567
326,33800	-18,55026
326,35300	-18,53481
326,36800	-18,51948
326,38300	-18,50424
326,39800	-18,48891
326,41300	-18,47362
326,42800	-18,45820
326,44300	-18,44260
326,45800	-18,42710
326,47300	-18,41156
326,48800	-18,39609
326,50300	-18,38068
326,51800	-18,36512
326,53300	-18,34958
326,54800	-18,33395
326,56300	-18,31836
326,57800	-18,30288
326,59300	-18,28727
326,60800	-18,27151
326,62300	-18,25569
326,63800	-18,23976
326,65300	-18,22392
326,66800	-18,20812
326,68300	-18,19242
326,69800	-18,17677
326,71300	-18,16092
326,72800	-18,14513
326,74300	-18,12941
326,75800	-18,11371
326,77300	-18,09815
326,78800	-18,08245
326,80300	-18,06680
326,81800	-18,05104
326,83300	-18,03515
326,84800	-18,01941
326,86300	-18,00340
326,87800	-17,98743
326,89300	-17,97138
326,90800	-17,95513
326,92300	-17,93884
326,93800	-17,92261
326,95400	-17,90635
326,96900	-17,89019
326,98300	-17,87391
326,99800	-17,85745
327,01400	-17,84087
327,02900	-17,82408
327,04300	-17,80738
327,05800	-17,79070
327,07400	-17,77398
327,08900	-17,75723
327,10300	-17,74022
327,11900	-17,72310
327,13400	-17,70605
327,14900	-17,68895
327,16400	-17,67194
327,17900	-17,65479
327,19400	-17,63741
327,20900	-17,62005
327,22400	-17,60255
327,23900	-17,58510
327,25400	-17,56770
327,26900	-17,55013
327,28400	-17,53256
327,29900	-17,51471
327,31400	-17,49678
327,32900	-17,47891
327,34400	-17,46099
327,35900	-17,44310
327,37400	-17,42517
327,38900	-17,40707
327,40400	-17,38903
327,41900	-17,37093
327,43400	-17,35296
327,44900	-17,33505
327,46400	-17,31709
327,47900	-17,29905
327,49400	-17,28089
327,50900	-17,26258
327,52400	-17,24436
327,53900	-17,22610
327,55400	-17,20794
327,56900	-17,18972
327,58400	-17,17129
327,59900	-17,15290
327,61400	-17,13449
327,62900	-17,11618
327,64400	-17,09798
327,65900	-17,07952
327,67400	-17,06096
327,68900	-17,04223
327,70400	-17,02354
327,71900	-17,00497
327,73400	-16,98645
327,74900	-16,96800
327,76400	-16,94958
327,77900	-16,93091
327,79400	-16,91221
327,80900	-16,89361
327,82400	-16,87509
327,83900	-16,85670
327,85400	-16,83817
327,86900	-16,81956
327,88400	-16,80081
327,89900	-16,78194
327,91400	-16,76312
327,92900	-16,74433
327,94400	-16,72547
327,95900	-16,70667
327,97400	-16,68768
327,98900	-16,66863
328,00400	-16,64963
328,01900	-16,63054
328,03400	-16,61144
328,04900	-16,59224
328,06400	-16,57295
328,07900	-16,55359
328,09400	-16,53416
328,10900	-16,51479
328,12400	-16,49551
328,13900	-16,47603
328,15400	-16,45651
328,16900	-16,43678
328,18400	-16,41694
328,19900	-16,39703
328,21400	-16,37700
328,22900	-16,35712
328,24400	-16,33702
328,25900	-16,31664
328,27400	-16,29627
328,28900	-16,27579
328,30400	-16,25543
328,31900	-16,23506
328,33400	-16,21459
328,34900	-16,19417
328,36400	-16,17351
328,37900	-16,15293
328,39400	-16,13243
328,40900	-16,11188
328,42400	-16,09138
328,43900	-16,07080
328,45400	-16,04998
328,46900	-16,02915
328,48400	-16,00828
328,49900	-15,98751
328,51400	-15,96689
328,52900	-15,94626
328,54400	-15,92566
328,55900	-15,90491
328,57400	-15,88416
328,58900	-15,86344
328,60400	-15,84280
328,61900	-15,82232
328,63400	-15,80188
328,64900	-15,78128
328,66400	-15,76070
328,67900	-15,74001
328,69400	-15,71944
328,70900	-15,69891
328,72400	-15,67835
328,73900	-15,65790
328,75400	-15,63744
328,76900	-15,61701
328,78400	-15,59670
328,79900	-15,57637
328,81400	-15,55622
328,82900	-15,53608
328,84400	-15,51581
328,85900	-15,49563
328,87500	-15,47554
328,88900	-15,45557
328,90400	-15,43574
328,92000	-15,41583
328,93500	-15,39583
328,95000	-15,37573
328,96400	-15,35563
328,97900	-15,33565
328,99500	-15,31583
329,01000	-15,29599
329,02400	-15,27632
329,03900	-15,25669
329,05500	-15,23710
329,07000	-15,21758
329,08400	-15,19818
329,09900	-15,17896
329,11500	-15,15971
329,13000	-15,14035
329,14500	-15,12099
329,16000	-15,10161
329,17500	-15,08246
329,19000	-15,06350
329,20500	-15,04468
329,22000	-15,02585
329,23500	-15,00695
329,25000	-14,98806
329,26500	-14,96935
329,28000	-14,95083
329,29500	-14,93265
329,31000	-14,91461
329,32500	-14,89667
329,34000	-14,87890
329,35500	-14,86127
329,37000	-14,84393
329,38500	-14,82678
329,40000	-14,80985
329,41500	-14,79318
329,43000	-14,77671
329,44500	-14,76038
329,46000	-14,74431
329,47500	-14,72843
329,49000	-14,71285
329,50500	-14,69750
329,52000	-14,68227
329,53500	-14,66728
329,55000	-14,65249
329,56500	-14,63797
329,58000	-14,62372
329,59500	-14,60965
329,61000	-14,59580
329,62500	-14,58210
329,64000	-14,56858
329,65500	-14,55540
329,67000	-14,54247
329,68500	-14,52985
329,70000	-14,51749
329,71500	-14,50532
329,73000	-14,49342
329,74500	-14,48165
329,76000	-14,47020
329,77500	-14,45910
329,79000	-14,44815
329,80500	-14,43742
329,82000	-14,42680
329,83500	-14,41638
329,85000	-14,40625
329,86500	-14,39630
329,88000	-14,38668
329,89500	-14,37727
329,91000	-14,36796
329,92500	-14,35891
329,94000	-14,35009
329,95500	-14,34152
329,97000	-14,33328
329,98500	-14,32522
330,00000	-14,31734
