285,000	17,242
285,015	17,404
285,030	17,230
285,045	17,246
285,060	16,365
285,075	16,467
285,090	15,897
285,105	16,716
285,120	16,587
285,135	16,438
285,150	16,445
285,165	15,634
285,180	15,400
285,195	16,078
285,210	15,473
285,225	15,906
285,240	15,712
285,255	14,936
285,270	15,585
285,285	14,368
285,300	15,091
285,315	15,073
285,330	14,658
285,345	15,051
285,360	14,626
285,375	14,122
285,390	14,499
285,405	13,979
285,420	14,643
285,435	14,143
285,450	13,768
285,465	13,735
285,480	13,044
285,495	13,492
285,510	13,970
285,525	14,267
285,540	13,833
285,555	13,233
285,570	12,938
285,585	13,346
285,600	12,811
285,615	13,199
285,630	13,280
285,645	12,515
285,660	12,316
285,675	11,846
285,690	12,364
285,705	12,907
285,720	12,578
285,735	12,604
285,750	12,475
285,765	11,825
285,780	12,333
285,795	12,024
285,810	12,091
285,825	12,223
285,840	11,492
285,855	11,163
285,870	11,265
285,885	10,755
285,901	11,603
285,916	11,434
285,930	10,438
285,945	11,417
285,961	10,376
285,976	11,310
285,990	11,332
286,005	10,992
286,021	11,214
286,036	10,379
286,050	10,125
286,065	10,763
286,080	10,053
286,096	10,420
286,111	10,607
286,125	9,476
286,141	9,808
286,156	9,163
286,171	9,831
286,186	10,244
286,201	9,544
286,216	9,585
286,231	9,401
286,246	9,322
286,261	9,715
286,276	8,599
286,291	9,598
286,306	9,514
286,321	8,518
286,336	9,442
286,351	8,571
286,366	9,199
286,381	8,845
286,396	8,897
286,411	9,034
286,426	8,925
286,441	8,219
286,456	8,893
286,471	8,163
286,486	8,706
286,501	8,181
286,516	7,911
286,531	7,637
286,546	7,353
286,561	8,432
286,576	8,519
286,591	8,220
286,606	8,307
286,621	8,093
286,636	7,031
286,651	7,474
286,666	8,147
286,681	7,989
286,696	6,972
286,711	7,465
286,726	7,030
286,741	6,736
286,756	6,873
286,771	7,757
286,786	7,543
286,801	7,439
286,816	6,909
286,831	6,786
286,846	6,461
286,861	7,200
286,876	7,252
286,891	7,263
286,906	6,392
286,921	6,153
286,936	5,834
286,951	6,432
286,966	6,830
286,981	6,811
286,996	6,336
287,011	6,478
287,026	5,502
287,041	6,416
287,056	6,719
287,071	6,274
287,086	6,265
287,101	5,891
287,116	5,035
287,131	6,300
287,146	5,399
287,161	6,213
287,176	6,149
287,191	5,283
287,206	5,977
287,221	4,685
287,236	5,759
287,251	5,957
287,266	5,712
287,281	5,849
287,296	5,003
287,311	4,684
287,326	5,443
287,341	5,108
287,356	5,471
287,371	4,946
287,386	4,737
287,401	5,325
287,416	4,289
287,431	5,087
287,446	5,024
287,461	4,710
287,476	5,047
287,491	4,778
287,506	3,912
287,521	4,716
287,536	4,261
287,551	4,915
287,566	4,625
287,581	4,311
287,596	3,967
287,611	4,299
287,626	4,757
287,641	4,763
287,656	4,810
287,671	4,751
287,686	4,196
287,701	3,927
287,716	4,370
287,731	4,326
287,746	4,523
287,761	4,244
287,776	3,313
287,791	3,405
287,806	3,276
287,821	4,175
287,836	4,257
287,851	3,762
287,866	3,212
287,881	3,655
287,897	3,005
287,911	3,708
287,926	3,720
287,942	3,912
287,957	3,783
287,971	2,882
287,986	3,144
288,002	2,905
288,017	3,674
288,031	3,721
288,046	3,592
288,062	2,435
288,077	3,590
288,092	2,990
288,107	3,508
288,122	3,700
288,137	3,375
288,152	3,301
288,167	2,907
288,182	2,397
288,197	3,156
288,212	2,455
288,227	2,993
288,242	2,960
288,257	1,964
288,272	2,803
288,287	2,257
288,302	2,741
288,317	2,983
288,332	2,563
288,347	2,981
288,362	3,012
288,377	1,685
288,392	2,910
288,407	2,040
288,422	2,583
288,437	2,669
288,452	2,159
288,467	1,910
288,482	1,486
288,497	2,480
288,512	2,682
288,527	2,438
288,542	2,525
288,557	2,065
288,572	1,881
288,587	2,404
288,602	1,769
288,617	2,613
288,632	2,168
288,647	1,853
288,662	1,710
288,677	1,064
288,692	2,295
288,707	2,050
288,722	2,248
288,737	2,309
288,752	1,629
288,767	1,325
288,782	1,813
288,797	1,999
288,812	2,136
288,827	2,213
288,842	0,916
288,857	1,193
288,872	0,989
288,887	1,462
288,902	1,840
288,917	1,435
288,932	0,694
288,947	1,253
288,962	1,209
288,977	1,326
288,992	1,919
289,007	1,645
289,022	1,777
289,037	1,026
289,052	1,038
289,067	0,889
289,082	0,941
289,097	1,629
289,112	1,756
289,127	0,705
289,142	1,117
289,157	0,743
289,172	1,562
289,187	1,629
289,202	1,620
289,217	1,496
289,232	0,721
289,247	0,597
289,262	1,190
289,277	0,480
289,292	1,253
289,307	1,189
289,322	0,504
289,337	1,092
289,352	0,502
289,367	0,860
289,382	1,197
289,397	1,264
289,412	1,235
289,427	0,826
289,442	0,131
289,457	1,155
289,472	0,460
289,487	0,777
289,502	1,175
289,517	0,389
289,532	0,360
289,547	-0,235
289,562	0,830
289,577	0,902
289,592	0,402
289,607	0,915
289,622	-0,518
289,637	0,191
289,652	0,719
289,667	-0,102
289,682	0,988
289,697	0,759
289,712	-0,137
289,727	-0,111
289,742	-0,255
289,757	0,329
289,772	0,706
289,787	0,602
289,802	0,860
289,817	0,360
289,832	-0,436
289,847	0,388
289,862	0,615
289,877	0,597
289,892	0,623
289,907	-0,408
289,923	-0,677
289,937	-0,630
289,952	-0,333
289,967	0,490
289,983	0,317
289,998	-0,414
290,012	0,245
290,027	-0,942
290,043	0,298
290,058	0,595
290,072	0,471
290,088	0,418
290,103	0,008
290,118	-0,366
290,133	0,322
290,148	0,188
290,163	0,330
290,178	0,312
290,193	-0,980
290,208	-0,332
290,223	-0,376
290,238	-0,244
290,253	0,284
290,268	0,171
290,283	-0,104
290,298	-0,132
290,313	-0,426
290,328	0,087
290,343	-0,388
290,358	0,446
290,373	0,216
290,388	-0,760
290,403	-0,121
290,418	-0,671
290,433	0,418
290,448	-0,011
290,463	0,186
290,478	0,192
290,493	-1,080
290,508	-0,582
290,523	0,127
290,538	-0,809
290,553	0,085
290,568	0,332
290,583	-0,439
290,598	-0,242
290,613	-1,022
290,628	-0,610
290,643	-0,147
290,658	-0,356
290,673	0,137
290,688	-0,789
290,703	-0,507
290,718	-0,239
290,733	-0,624
290,748	0,080
290,763	0,081
290,778	-0,790
290,793	-0,116
290,808	-1,027
290,823	-0,499
290,838	-0,041
290,853	-0,416
290,868	-0,018
290,883	-0,443
290,898	0,005
290,913	-0,259
290,928	-0,052
290,943	-0,051
290,958	0,081
290,973	-0,659
290,988	-0,838
291,003	-0,752
291,018	-0,580
291,033	-0,001
291,048	-0,581
291,063	-0,740
291,078	-0,588
291,093	-1,304
291,108	-0,069
291,123	-0,102
291,138	-0,111
291,153	0,021
291,168	-1,171
291,183	-1,154
291,198	-0,205
291,213	-0,890
291,228	-0,292
291,243	-0,276
291,258	-0,971
291,273	-0,729
291,288	-0,948
291,303	-0,349
291,318	-0,122
291,333	-0,597
291,348	-0,119
291,363	-0,950
291,378	-1,565
291,393	0,111
291,408	-0,940
291,423	-0,222
291,438	-0,787
291,453	-1,141
291,468	-0,708
291,483	-0,576
291,498	-0,294
291,513	-0,403
291,528	-0,833
291,543	-0,390
291,558	-0,940
291,573	-1,004
291,588	-0,446
291,603	-1,141
291,618	-0,462
291,633	-0,140
291,648	-1,256
291,663	-0,533
291,678	-1,494
291,693	-0,495
291,708	-0,518
291,723	-0,838
291,738	-0,420
291,753	-0,850
291,768	-1,470
291,783	-0,796
291,798	-0,479
291,813	-0,452
291,828	-0,616
291,843	-1,357
291,858	-1,129
291,873	-1,418
291,889	-0,810
291,903	-0,363
291,918	-0,998
291,933	-0,651
291,949	-0,940
291,964	-1,189
291,978	-0,565
291,993	-0,659
292,002	-1,495
292,017	-0,726
292,031	-0,679
292,046	-0,808
292,062	-1,965
292,077	-0,810
292,092	-1,410
292,107	-0,892
292,122	-0,700
292,137	-1,025
292,152	-1,099
292,167	-1,493
292,182	-2,003
292,197	-1,244
292,212	-1,945
292,227	-1,407
292,242	-1,440
292,257	-2,436
292,272	-1,597
292,287	-2,143
292,302	-1,659
292,317	-1,417
292,332	-1,837
292,347	-1,419
292,362	-1,388
292,377	-2,715
292,392	-1,490
292,407	-2,360
292,422	-1,817
292,437	-1,731
292,452	-2,241
292,467	-2,490
292,482	-2,914
292,497	-1,920
292,501	-2,835
292,516	-1,908
292,531	-2,064
292,546	-2,641
292,561	-3,419
292,576	-3,375
292,591	-2,372
292,606	-2,413
292,621	-2,715
292,636	-2,514
292,651	-3,568
292,666	-3,308
292,681	-3,098
292,696	-3,584
292,711	-2,974
292,726	-3,034
292,741	-2,920
292,756	-4,254
292,771	-3,878
292,786	-3,763
292,801	-3,463
292,816	-4,005
292,831	-3,535
292,846	-4,242
292,861	-3,666
292,876	-3,536
292,891	-3,732
292,906	-3,808
292,921	-3,864
292,936	-4,466
292,951	-4,246
292,966	-4,507
292,981	-4,638
292,996	-4,258
293,011	-4,384
293,026	-4,825
293,041	-4,731
293,056	-5,378
293,071	-4,607
293,086	-4,642
293,101	-4,593
293,116	-4,874
293,131	-5,356
293,146	-6,179
293,161	-5,102
293,176	-5,754
293,191	-5,047
293,206	-5,208
293,221	-5,730
293,236	-5,731
293,251	-6,448
293,266	-6,128
293,281	-5,211
293,296	-5,673
293,311	-5,644
293,326	-6,837
293,341	-6,828
293,356	-5,745
293,371	-6,599
293,386	-5,762
293,401	-5,918
293,416	-6,550
293,431	-5,959
293,446	-6,977
293,461	-6,767
293,476	-6,111
293,491	-6,588
293,506	-6,383
293,521	-6,549
293,536	-7,567
293,551	-6,355
293,566	-7,233
293,581	-6,717
293,596	-6,707
293,611	-7,214
293,626	-7,305
293,641	-7,401
293,656	-6,855
293,671	-6,650
293,686	-6,901
293,701	-7,258
293,716	-7,750
293,731	-8,272
293,746	-7,555
293,761	-8,228
293,776	-7,190
293,791	-7,462
293,806	-8,375
293,821	-7,673
293,836	-8,526
293,851	-8,211
293,866	-7,515
293,881	-8,423
293,897	-7,721
293,911	-8,409
293,926	-8,891
293,942	-8,144
293,957	-7,904
293,971	-8,080
293,986	-8,156
294,002	-8,808
294,017	-9,431
294,031	-9,155
294,046	-9,136
294,062	-8,690
294,077	-9,287
294,092	-9,694
294,107	-8,938
294,122	-9,675
294,137	-8,999
294,152	-8,734
294,167	-8,870
294,182	-9,086
294,197	-9,583
294,212	-9,729
294,227	-9,278
294,242	-9,810
294,257	-9,274
294,272	-9,119
294,287	-9,932
294,302	-9,361
294,317	-10,440
294,332	-9,894
294,347	-9,513
294,362	-9,935
294,377	-9,234
294,392	-9,820
294,407	-10,448
294,422	-9,847
294,437	-10,705
294,452	-9,868
294,467	-9,788
294,482	-11,383
294,497	-10,542
294,512	-10,647
294,527	-11,034
294,542	-10,172
294,557	-10,368
294,572	-10,243
294,587	-10,610
294,602	-11,072
294,617	-10,661
294,632	-11,008
294,647	-10,457
294,662	-10,448
294,677	-11,350
294,692	-11,311
294,707	-11,758
294,722	-11,593
294,737	-11,142
294,752	-10,787
294,767	-10,863
294,782	-11,445
294,797	-11,836
294,812	-11,165
294,827	-11,040
294,842	-11,217
294,857	-11,277
294,872	-12,195
294,887	-12,477
294,902	-12,312
294,917	-11,891
294,932	-11,340
294,947	-11,446
294,962	-11,341
294,977	-11,818
294,992	-12,480
295,007	-11,979
295,022	-11,870
295,037	-12,081
295,052	-12,563
295,067	-12,844
295,082	-12,800
295,097	-12,520
295,112	-12,861
295,127	-11,919
295,142	-12,456
295,157	-13,189
295,172	-12,167
295,187	-13,084
295,202	-12,503
295,217	-12,238
295,232	-12,555
295,247	-12,345
295,262	-13,037
295,277	-13,289
295,292	-12,472
295,307	-13,074
295,322	-12,749
295,337	-12,514
295,352	-13,613
295,367	-12,791
295,382	-13,884
295,397	-13,283
295,412	-12,837
295,427	-12,707
295,442	-12,808
295,457	-13,340
295,472	-13,622
295,487	-13,096
295,502	-13,558
295,517	-12,846
295,532	-13,208
295,547	-13,534
295,562	-13,164
295,577	-14,233
295,592	-13,626
295,607	-13,256
295,622	-13,542
295,637	-13,347
295,652	-13,839
295,667	-14,276
295,682	-13,259
295,697	-13,931
295,712	-13,626
295,727	-13,356
295,742	-14,304
295,757	-13,562
295,772	-14,706
295,787	-13,955
295,802	-13,950
295,817	-13,745
295,832	-13,851
295,847	-14,383
295,862	-14,785
295,877	-14,103
295,892	-13,933
295,907	-14,135
295,923	-13,945
295,937	-14,777
295,952	-15,305
295,967	-14,824
295,983	-14,845
295,998	-14,349
296,012	-14,450
296,027	-14,330
296,043	-14,405
296,058	-15,389
296,072	-14,642
296,088	-14,613
296,103	-14,568
296,118	-14,458
296,133	-15,467
296,148	-15,327
296,163	-15,077
296,178	-15,368
296,193	-14,531
296,208	-14,702
296,223	-15,671
296,238	-15,205
296,253	-15,632
296,268	-15,141
296,283	-14,735
296,298	-14,856
296,313	-14,701
296,328	-15,339
296,343	-15,535
296,358	-15,079
296,373	-15,696
296,388	-15,191
296,403	-14,685
296,418	-15,528
296,433	-15,132
296,448	-16,085
296,463	-15,514
296,478	-15,023
296,493	-15,099
296,508	-15,361
296,523	-15,637
296,538	-16,475
296,553	-15,422
296,568	-16,025
296,583	-15,293
296,598	-15,434
296,613	-16,372
296,628	-15,475
296,643	-16,333
296,658	-16,324
296,673	-15,482
296,688	-16,024
296,703	-15,423
296,718	-16,577
296,733	-16,577
296,748	-15,670
296,763	-15,912
296,778	-15,662
296,793	-15,652
296,808	-16,630
296,823	-15,658
296,838	-16,155
296,853	-15,985
296,868	-15,840
296,883	-16,081
296,898	-15,646
296,913	-16,258
296,928	-17,116
296,943	-16,505
296,958	-15,783
296,973	-15,980
296,988	-16,201
297,003	-16,267
297,018	-16,282
297,033	-16,924
297,048	-16,890
297,063	-16,264
297,078	-16,570
297,093	-16,511
297,108	-16,231
297,123	-17,209
297,138	-16,477
297,153	-16,227
297,168	-16,082
297,183	-16,419
297,198	-16,510
297,213	-17,097
297,228	-16,781
297,243	-16,912
297,258	-16,166
297,273	-17,330
297,288	-17,355
297,303	-16,353
297,318	-17,306
297,333	-16,986
297,348	-16,335
297,363	-16,436
297,378	-16,597
297,393	-17,279
297,408	-17,550
297,423	-16,648
297,438	-17,145
297,453	-16,680
297,468	-16,876
297,483	-17,423
297,498	-17,042
297,513	-17,780
297,528	-17,329
297,543	-16,883
297,558	-17,340
297,573	-16,804
297,588	-17,482
297,603	-17,397
297,618	-16,761
297,633	-17,448
297,648	-16,707
297,663	-16,813
297,678	-17,736
297,693	-17,591
297,708	-18,018
297,723	-17,708
297,738	-16,926
297,753	-17,198
297,768	-16,932
297,783	-17,590
297,798	-17,851
297,813	-17,190
297,828	-18,133
297,843	-17,201
297,858	-17,362
297,873	-17,984
297,889	-17,864
297,903	-18,296
297,918	-17,640
297,933	-17,229
297,949	-17,591
297,964	-17,311
297,978	-17,818
297,993	-18,380
298,002	-18,327
298,017	-17,495
298,031	-17,791
298,046	-18,945
298,062	-17,822
298,077	-18,960
298,092	-18,800
298,107	-18,209
298,122	-18,129
298,137	-18,360
298,152	-18,481
298,167	-19,294
298,182	-18,697
298,197	-19,515
298,212	-18,633
298,227	-18,673
298,242	-19,310
298,257	-18,900
298,272	-19,637
298,287	-19,622
298,302	-19,026
298,317	-18,971
298,332	-19,207
298,347	-19,774
298,362	-19,353
298,377	-19,710
298,392	-20,091
298,407	-19,360
298,422	-19,615
298,437	-20,739
298,452	-19,746
298,467	-20,354
298,482	-19,968
298,497	-19,672
298,512	-19,773
298,527	-19,868
298,542	-19,663
298,557	-21,168
298,572	-20,526
298,587	-21,018
298,602	-20,271
298,617	-20,166
298,632	-21,094
298,647	-21,140
298,662	-21,396
298,677	-21,281
298,692	-20,404
298,707	-20,379
298,722	-20,700
298,737	-20,696
298,752	-21,278
298,767	-21,022
298,782	-21,624
298,797	-20,938
298,812	-21,064
298,827	-21,440
298,842	-21,857
298,857	-21,370
298,872	-22,052
298,887	-21,040
298,902	-21,251
298,917	-21,116
298,932	-21,197
298,947	-22,400
298,962	-21,388
298,977	-21,313
298,992	-21,810
299,007	-21,539
299,022	-22,287
299,037	-22,773
299,052	-22,353
299,067	-22,383
299,082	-21,606
299,097	-21,712
299,112	-22,314
299,127	-21,943
299,142	-22,956
299,157	-22,485
299,172	-21,874
299,187	-22,261
299,202	-22,201
299,217	-22,652
299,232	-22,973
299,247	-22,914
299,262	-23,119
299,277	-22,122
299,292	-22,127
299,307	-23,682
299,322	-22,559
299,337	-23,242
299,352	-23,072
299,367	-22,696
299,382	-23,027
299,397	-22,616
299,412	-22,667
299,427	-23,510
299,442	-23,380
299,457	-23,335
299,472	-22,894
299,487	-22,819
299,502	-23,742
299,517	-23,091
299,532	-23,547
299,547	-23,808
299,562	-23,036
299,577	-23,272
299,592	-23,032
299,607	-23,619
299,622	-24,281
299,637	-23,800
299,652	-24,061
299,667	-23,400
299,682	-23,335
299,697	-23,611
299,712	-23,582
299,727	-23,928
299,742	-23,547
299,757	-23,562
299,772	-24,059
299,787	-23,568
299,802	-23,759
299,817	-24,652
299,832	-24,537
299,847	-24,913
299,862	-23,846
299,877	-23,956
299,892	-24,137
299,907	-25,000
299,923	-24,534
299,937	-24,379
299,952	-24,033
299,967	-25,142
299,983	-24,290
299,998	-24,134
300,012	-25,218
300,027	-24,581
300,043	-24,226
300,058	-24,532
300,072	-24,362
300,088	-25,024
300,103	-24,703
300,118	-25,647
300,133	-25,216
300,148	-24,584
300,163	-24,865
300,178	-25,457
300,193	-24,249
300,208	-25,569
300,223	-25,027
300,238	-24,832
300,253	-25,178
300,268	-24,652
300,283	-25,084
300,298	-26,007
300,313	-24,859
300,328	-26,107
300,343	-25,165
300,358	-25,266
300,373	-25,662
300,388	-24,971
300,403	-25,924
300,418	-25,523
300,433	-24,977
300,448	-25,378
300,463	-24,772
300,478	-25,530
300,493	-26,287
300,508	-25,686
300,523	-26,172
300,538	-25,315
300,553	-24,989
300,568	-25,451
300,583	-25,341
300,598	-25,858
300,613	-26,129
300,628	-25,312
300,643	-25,759
300,658	-25,283
300,673	-26,051
300,688	-26,302
300,703	-25,424
300,718	-26,312
300,733	-25,445
300,748	-25,395
300,763	-26,815
300,778	-26,409
300,793	-26,354
300,808	-26,991
300,823	-25,573
300,838	-25,613
300,853	-25,864
300,868	-26,537
300,883	-26,657
300,898	-26,236
300,913	-25,996
300,928	-25,841
300,943	-26,022
300,958	-26,358
300,973	-27,211
300,988	-26,399
301,003	-26,444
301,018	-25,853
301,033	-26,009
301,048	-26,139
301,063	-26,160
301,078	-27,113
301,093	-26,326
301,108	-26,071
301,123	-26,357
301,138	-26,202
301,153	-26,603
301,168	-27,285
301,183	-27,276
301,198	-27,010
301,213	-26,073
301,228	-26,299
301,243	-26,971
301,258	-26,475
301,273	-26,952
301,288	-27,038
301,303	-26,235
301,318	-26,993
301,333	-26,507
301,348	-27,018
301,363	-27,661
301,378	-26,824
301,393	-27,155
301,408	-26,790
301,423	-26,730
301,438	-27,242
301,453	-26,590
301,468	-27,448
301,483	-27,057
301,498	-26,706
301,513	-26,907
301,528	-26,843
301,543	-26,988
301,558	-27,716
301,573	-26,924
301,588	-27,741
301,603	-27,125
301,618	-27,085
301,633	-27,702
301,648	-26,981
301,663	-27,603
301,678	-26,911
301,693	-26,977
301,708	-27,438
301,723	-27,062
301,738	-27,279
301,753	-28,367
301,768	-27,400
301,783	-27,902
301,798	-27,265
301,813	-27,240
301,828	-28,549
301,843	-28,439
301,858	-28,144
301,873	-28,034
301,889	-27,533
301,903	-27,272
301,918	-27,328
301,933	-27,509
301,949	-28,617
301,964	-27,640
301,978	-27,435
301,993	-27,736
302,009	-27,716
302,024	-27,386
302,038	-28,043
302,053	-28,153
302,068	-28,103
302,084	-27,753
302,099	-27,688
302,114	-27,653
302,129	-28,491
302,144	-29,023
302,159	-28,241
302,174	-27,720
302,189	-27,810
302,204	-27,670
302,219	-28,037
302,234	-28,664
302,249	-28,745
302,251	-28,955
302,266	-29,340
302,281	-28,677
302,296	-28,380
302,311	-29,006
302,326	-28,704
302,341	-29,315
302,356	-29,309
302,371	-28,876
302,386	-29,643
302,401	-28,920
302,416	-29,455
302,431	-30,192
302,446	-29,734
302,461	-30,415
302,476	-29,592
302,491	-29,265
302,506	-29,590
302,521	-29,489
302,536	-29,914
302,551	-30,364
302,566	-29,466
302,581	-29,661
302,596	-29,414
302,611	-29,448
302,626	-30,876
302,641	-29,962
302,656	-30,944
302,671	-30,492
302,686	-29,930
302,701	-29,944
302,716	-29,868
302,731	-30,794
302,746	-30,889
302,761	-30,406
302,776	-30,084
302,791	-30,575
302,806	-30,468
302,821	-31,626
302,836	-31,224
302,851	-31,448
302,866	-31,307
302,881	-30,760
302,897	-30,969
302,911	-31,796
302,926	-31,354
302,942	-30,886
302,957	-30,745
302,971	-30,814
302,986	-31,054
303,002	-31,108
303,017	-32,060
303,031	-31,868
303,046	-31,035
303,062	-31,716
303,077	-31,464
303,092	-31,338
303,107	-32,320
303,122	-32,023
303,137	-32,438
303,152	-32,176
303,167	-31,624
303,182	-31,994
303,197	-31,557
303,212	-32,654
303,227	-32,653
303,242	-31,770
303,257	-32,481
303,272	-31,753
303,287	-32,078
303,302	-32,758
303,317	-32,266
303,332	-32,576
303,347	-32,224
303,362	-32,148
303,377	-32,453
303,392	-31,986
303,407	-32,842
303,422	-32,224
303,437	-32,244
303,452	-33,100
303,467	-32,332
303,482	-32,276
303,497	-33,313
303,512	-32,786
303,527	-33,356
303,542	-32,804
303,557	-32,517
303,572	-32,912
303,587	-32,450
303,602	-33,141
303,617	-33,531
303,632	-32,843
303,647	-32,687
303,662	-32,701
303,677	-33,281
303,692	-33,677
303,707	-33,550
303,722	-33,795
303,737	-33,257
303,752	-33,021
303,767	-33,160
303,782	-34,107
303,797	-33,339
303,812	-34,135
303,827	-33,157
303,842	-33,206
303,857	-33,144
303,872	-33,414
303,887	-33,774
303,902	-33,894
303,917	-33,813
303,932	-33,757
303,947	-33,530
303,962	-33,589
303,977	-33,503
303,992	-33,432
304,007	-34,715
304,022	-33,676
304,037	-33,745
304,052	-33,634
304,067	-33,608
304,082	-34,605
304,097	-34,558
304,112	-33,815
304,127	-33,970
304,142	-33,843
304,157	-33,983
304,172	-34,634
304,187	-34,452
304,202	-35,188
304,217	-34,671
304,232	-33,702
304,247	-34,574
304,262	-34,167
304,277	-34,476
304,292	-34,862
304,307	-34,169
304,322	-34,745
304,337	-34,127
304,352	-34,161
304,367	-34,521
304,382	-34,590
304,397	-35,271
304,412	-34,318
304,427	-34,337
304,442	-34,968
304,457	-34,686
304,472	-34,589
304,487	-35,085
304,502	-34,643
304,517	-35,314
304,532	-34,616
304,547	-34,595
304,562	-35,261
304,577	-34,994
304,592	-35,690
304,607	-34,591
304,622	-34,580
304,637	-34,710
304,652	-34,638
304,667	-35,354
304,682	-35,830
304,697	-34,681
304,712	-34,700
304,727	-34,965
304,742	-35,204
304,757	-35,590
304,772	-34,952
304,787	-35,658
304,802	-35,120
304,817	-35,094
304,832	-34,953
304,847	-35,774
304,862	-35,553
304,877	-34,990
304,892	-35,441
304,907	-35,104
304,923	-35,098
304,937	-35,488
304,952	-35,722
304,967	-35,215
304,983	-36,267
304,998	-35,329
305,012	-35,413
305,027	-35,728
305,043	-36,198
305,058	-35,701
305,072	-36,401
305,088	-35,593
305,103	-35,402
305,118	-35,436
305,133	-35,290
305,148	-36,492
305,163	-36,140
305,178	-35,613
305,193	-36,334
305,208	-35,757
305,223	-35,956
305,238	-36,647
305,253	-35,513
305,268	-36,169
305,283	-35,757
305,298	-35,570
305,313	-35,695
305,328	-35,794
305,343	-36,445
305,358	-36,188
305,373	-35,606
305,388	-36,301
305,403	-35,950
305,418	-36,174
305,433	-36,715
305,448	-36,483
305,463	-36,913
305,478	-35,940
305,493	-36,039
305,508	-36,409
305,523	-35,736
305,538	-36,718
305,553	-36,311
305,568	-35,919
305,583	-36,099
305,598	-35,616
305,613	-35,976
305,628	-37,073
305,643	-35,995
305,658	-37,407
305,673	-36,474
305,688	-36,077
305,703	-36,542
305,718	-36,005
305,733	-36,942
305,748	-36,815
305,763	-36,183
305,778	-36,187
305,793	-36,246
305,808	-35,864
305,823	-36,740
305,838	-36,830
305,853	-36,989
305,868	-36,326
305,883	-36,626
305,898	-36,129
305,913	-36,860
305,928	-36,809
305,943	-36,978
305,958	-36,095
305,973	-36,260
305,988	-36,229
306,003	-36,197
306,018	-36,838
306,033	-36,912
306,048	-36,505
306,063	-37,292
306,078	-36,303
306,093	-36,147
306,108	-37,324
306,123	-36,867
306,138	-37,136
306,153	-36,489
306,168	-36,769
306,183	-36,311
306,198	-36,732
306,213	-36,966
306,228	-36,459
306,243	-36,428
306,258	-36,963
306,273	-36,271
306,288	-36,901
306,303	-37,582
306,318	-37,225
306,333	-37,159
306,348	-36,712
306,363	-36,495
306,378	-37,001
306,393	-36,509
306,408	-37,240
306,423	-37,179
306,438	-37,343
306,453	-36,891
306,468	-36,659
306,483	-36,689
306,498	-37,836
306,513	-37,218
306,528	-37,603
306,543	-36,605
306,558	-36,508
306,573	-37,289
306,588	-36,647
306,603	-37,227
306,618	-37,296
306,633	-36,829
306,648	-36,482
306,663	-36,852
306,678	-37,378
306,693	-37,553
306,708	-36,614
306,723	-37,576
306,738	-36,677
306,753	-36,721
306,768	-36,736
306,783	-36,805
306,798	-37,190
306,813	-37,901
306,828	-36,777
306,843	-36,796
306,858	-36,940
306,873	-37,270
306,889	-37,921
306,903	-37,690
306,918	-37,538
306,933	-37,753
306,949	-37,020
306,964	-37,440
306,978	-37,860
306,993	-37,544
307,009	-37,302
307,024	-37,211
307,038	-37,074
307,053	-37,088
307,068	-37,283
307,084	-37,438
307,099	-37,562
307,114	-36,954
307,129	-37,474
307,144	-37,168
307,159	-37,879
307,174	-38,019
307,189	-37,085
307,204	-36,989
307,219	-37,078
307,234	-37,152
307,249	-37,166
307,264	-37,075
307,279	-37,947
307,294	-37,655
307,309	-36,872
307,324	-37,467
307,339	-37,175
307,354	-37,109
307,369	-37,429
307,384	-37,499
307,399	-37,628
307,414	-37,392
307,429	-37,275
307,444	-37,585
307,459	-36,963
307,474	-37,704
307,489	-37,863
307,504	-37,135
307,519	-37,375
307,534	-36,998
307,549	-37,112
307,564	-37,969
307,579	-37,637
307,594	-37,681
307,609	-37,048
307,624	-37,133
307,639	-37,778
307,654	-37,030
307,669	-37,621
307,684	-37,635
307,699	-37,022
307,714	-37,182
307,729	-37,246
307,744	-36,999
307,759	-37,741
307,774	-37,564
307,789	-38,130
307,804	-37,231
307,819	-37,230
307,834	-37,109
307,849	-36,918
307,864	-37,488
307,879	-37,658
307,894	-37,190
307,909	-36,774
307,924	-37,038
307,939	-36,987
307,954	-38,355
307,969	-37,587
307,984	-38,373
307,999	-37,119
308,014	-37,188
308,029	-37,077
308,044	-37,788
308,059	-37,847
308,074	-38,242
308,089	-37,153
308,104	-37,177
308,119	-37,031
308,134	-36,970
308,149	-38,177
308,164	-37,690
308,179	-36,992
308,194	-37,428
308,209	-37,105
308,224	-37,155
308,239	-38,066
308,254	-37,679
308,269	-37,688
308,284	-37,211
308,299	-37,300
308,314	-36,978
308,329	-36,922
308,344	-37,990
308,359	-37,392
308,374	-36,924
308,389	-37,746
308,404	-36,963
308,419	-36,741
308,434	-37,342
308,449	-37,526
308,464	-37,054
308,479	-36,943
308,494	-36,691
308,509	-37,889
308,524	-36,975
308,539	-37,370
308,554	-37,013
308,569	-36,877
308,584	-37,312
308,599	-36,925
308,614	-37,330
308,629	-37,711
308,644	-36,787
308,659	-37,794
308,674	-36,695
308,689	-36,709
308,704	-37,139
308,719	-36,807
308,734	-36,907
308,749	-37,603
308,764	-36,955
308,779	-36,834
308,794	-36,787
308,809	-36,816
308,824	-37,427
308,839	-37,376
308,854	-37,501
308,869	-37,304
308,884	-36,521
308,899	-37,247
308,914	-37,261
308,930	-37,351
308,945	-37,089
308,959	-36,767
308,974	-36,721
308,990	-36,740
309,005	-37,115
309,019	-37,084
309,034	-36,817
309,050	-37,554
309,065	-36,535
309,079	-36,990
309,094	-36,508
309,110	-37,484
309,125	-37,108
309,140	-37,107
309,155	-36,514
309,170	-36,378
309,185	-36,226
309,200	-36,275
309,215	-36,219
309,230	-37,156
309,245	-36,243
309,260	-36,472
309,275	-36,020
309,290	-36,806
309,305	-37,352
309,320	-36,524
309,335	-36,788
309,350	-36,055
309,365	-36,009
309,380	-36,364
309,395	-35,807
309,410	-36,518
309,425	-36,442
309,440	-35,689
309,455	-36,380
309,470	-35,572
309,485	-35,881
309,500	-36,327
309,515	-36,100
309,530	-36,310
309,545	-35,552
309,560	-35,435
309,575	-35,815
309,590	-35,599
309,605	-35,889
309,620	-35,813
309,635	-35,085
309,650	-35,485
309,665	-35,083
309,680	-35,127
309,695	-36,164
309,710	-35,727
309,725	-35,956
309,740	-34,782
309,755	-34,706
309,770	-35,512
309,785	-34,654
309,800	-35,345
309,815	-35,640
309,830	-34,571
309,845	-34,886
309,860	-34,429
309,875	-35,029
309,890	-34,838
309,905	-35,023
309,920	-35,343
309,935	-34,349
309,950	-33,891
309,965	-34,723
309,980	-35,108
309,995	-34,836
310,010	-34,449
310,025	-33,716
310,040	-33,615
310,055	-34,015
310,070	-33,753
310,085	-34,188
310,100	-33,762
310,115	-34,478
310,130	-33,554
310,145	-33,252
310,160	-34,349
310,175	-34,308
310,190	-33,916
310,205	-33,725
310,220	-33,022
310,235	-33,101
310,250	-32,910
310,265	-32,643
310,280	-33,299
310,295	-33,388
310,310	-32,560
310,325	-32,659
310,340	-32,382
310,355	-33,003
310,370	-33,183
310,385	-32,575
310,400	-33,391
310,415	-32,448
310,430	-32,201
310,445	-32,496
310,460	-31,889
310,475	-33,091
310,490	-32,172
310,505	-31,780
310,520	-31,990
310,535	-31,518
310,550	-31,853
310,565	-32,614
310,580	-32,317
310,595	-32,366
310,610	-31,874
310,625	-31,828
310,640	-31,988
310,655	-31,184
310,670	-31,995
310,685	-31,944
310,700	-31,216
310,715	-31,326
310,730	-31,325
310,745	-31,409
310,760	-32,100
310,775	-31,106
310,790	-32,244
310,805	-31,466
310,820	-30,933
310,835	-31,524
310,850	-30,736
310,865	-31,988
310,880	-32,062
310,895	-30,763
310,911	-30,651
310,925	-30,580
310,940	-30,875
310,955	-31,832
310,971	-31,239
310,986	-31,244
311,000	-30,410
311,015	-30,780
311,031	-30,479
311,046	-31,175
311,060	-30,933
311,075	-30,887
311,091	-30,680
311,106	-30,634
311,121	-30,408
311,136	-30,457
311,151	-31,554
311,166	-30,976
311,181	-30,549
311,196	-30,588
311,211	-30,537
311,226	-31,073
311,241	-30,616
311,256	-31,096
311,271	-31,762
311,286	-30,773
311,301	-30,802
311,316	-30,746
311,331	-31,352
311,346	-31,487
311,361	-31,551
311,376	-30,717
311,391	-31,163
311,406	-31,102
311,421	-31,161
311,436	-31,746
311,451	-31,590
311,466	-31,920
311,481	-31,337
311,496	-31,397
311,511	-31,772
311,526	-31,485
311,541	-32,016
311,556	-32,351
311,571	-31,678
311,586	-31,953
311,601	-31,656
311,616	-32,347
311,631	-32,722
311,646	-32,445
311,661	-33,232
311,676	-32,113
311,691	-32,242
311,706	-33,284
311,721	-32,180
311,736	-32,966
311,751	-33,456
311,766	-32,548
311,781	-32,817
311,796	-32,631
311,811	-32,685
311,826	-33,472
311,841	-33,566
311,856	-33,956
311,871	-33,228
311,886	-33,237
311,901	-33,592
311,916	-33,355
311,931	-34,428
311,946	-34,336
311,961	-33,453
311,976	-33,552
311,991	-33,476
312,006	-34,583
312,021	-34,703
312,036	-34,050
312,051	-34,982
312,066	-34,183
312,081	-33,882
312,096	-34,307
312,111	-34,577
312,126	-34,982
312,141	-35,191
312,156	-34,072
312,171	-34,227
312,186	-34,266
312,201	-34,381
312,216	-35,437
312,231	-34,534
312,246	-34,508
312,261	-34,647
312,276	-34,436
312,291	-34,991
312,306	-35,908
312,321	-35,210
312,336	-34,728
312,351	-34,907
312,366	-35,087
312,381	-34,991
312,396	-35,115
312,411	-35,675
312,426	-36,166
312,441	-35,147
312,456	-35,267
312,471	-35,276
312,486	-35,932
312,501	-36,016
312,516	-35,674
312,531	-36,240
312,546	-35,477
312,561	-35,511
312,576	-36,222
312,591	-35,434
312,606	-36,430
312,621	-36,159
312,636	-35,777
312,651	-35,831
312,666	-35,645
312,681	-36,225
312,696	-37,262
312,711	-36,013
312,726	-37,019
312,741	-36,126
312,756	-36,150
312,771	-36,641
312,786	-36,229
312,801	-37,155
312,816	-36,818
312,831	-35,845
312,846	-36,029
312,861	-36,259
312,876	-36,183
312,891	-36,884
312,906	-36,848
312,921	-37,509
312,937	-36,455
312,952	-36,494
312,966	-36,924
312,981	-36,196
312,997	-36,927
313,012	-36,495
313,026	-36,645
313,041	-36,844
313,057	-36,477
313,072	-36,697
313,087	-37,799
313,102	-37,422
313,116	-37,702
313,132	-36,949
313,147	-36,612
313,162	-37,217
313,177	-37,502
313,192	-37,326
313,207	-36,818
313,222	-36,812
313,237	-36,927
313,252	-36,860
313,267	-37,025
313,282	-37,867
313,297	-37,049
313,312	-37,083
313,327	-37,242
313,342	-36,830
313,357	-36,914
313,372	-37,816
313,387	-37,665
313,402	-38,090
313,417	-37,231
313,432	-37,175
313,447	-37,475
313,462	-37,439
313,477	-38,406
313,492	-37,638
313,507	-37,341
313,522	-37,039
313,537	-37,284
313,552	-38,226
313,567	-38,320
313,582	-37,492
313,597	-38,047
313,612	-37,314
313,627	-37,178
313,642	-37,879
313,657	-37,086
313,672	-38,419
313,687	-38,047
313,702	-37,484
313,717	-37,493
313,732	-37,121
313,747	-37,266
313,762	-38,383
313,777	-37,870
313,792	-38,261
313,807	-37,382
313,822	-37,281
313,837	-37,952
313,852	-37,379
313,867	-37,825
313,882	-37,638
313,897	-37,372
313,912	-37,581
313,927	-37,405
313,942	-37,584
313,957	-37,964
313,972	-37,377
313,987	-38,449
314,002	-37,355
314,017	-37,269
314,032	-38,100
314,047	-38,099
314,062	-38,003
314,077	-38,097
314,092	-37,419
314,107	-37,489
314,122	-37,487
314,137	-37,988
314,152	-38,523
314,167	-37,876
314,182	-38,201
314,197	-37,538
314,212	-37,903
314,227	-37,591
314,242	-38,237
314,257	-38,206
314,272	-38,346
314,287	-37,287
314,302	-37,556
314,317	-37,410
314,332	-37,860
314,347	-38,451
314,362	-37,994
314,377	-37,431
314,392	-37,555
314,407	-37,595
314,422	-37,990
314,437	-38,646
314,452	-37,953
314,467	-38,594
314,482	-37,555
314,497	-37,654
314,512	-38,029
314,527	-37,522
314,542	-38,439
314,557	-37,921
314,572	-37,705
314,587	-37,824
314,602	-37,412
314,617	-37,541
314,632	-38,102
314,647	-37,925
314,662	-38,090
314,677	-37,492
314,692	-37,737
314,707	-37,992
314,722	-37,349
314,737	-38,321
314,752	-37,789
314,767	-37,261
314,782	-37,275
314,797	-37,244
314,812	-37,785
314,827	-38,120
314,842	-37,427
314,857	-38,373
314,872	-37,350
314,887	-37,213
314,902	-37,945
314,917	-37,272
314,933	-38,294
314,947	-37,907
314,962	-36,963
314,978	-37,448
314,993	-36,876
315,007	-36,880
315,022	-37,927
315,038	-37,916
315,053	-37,825
315,067	-36,921
315,083	-37,031
315,098	-37,300
315,113	-37,355
315,128	-37,113
315,143	-37,523
315,158	-36,930
315,173	-36,859
315,188	-36,683
315,203	-37,153
315,218	-37,669
315,233	-37,056
315,248	-37,471
315,263	-36,543
315,278	-36,487
315,293	-37,273
315,308	-37,553
315,323	-37,076
315,338	-37,516
315,353	-36,372
315,368	-36,290
315,383	-36,199
315,398	-36,319
315,413	-37,200
315,428	-36,608
315,443	-36,221
315,458	-36,295
315,473	-36,164
315,488	-36,318
315,503	-36,924
315,518	-36,391
315,533	-36,611
315,548	-35,758
315,563	-35,666
315,578	-36,182
315,593	-35,680
315,608	-36,461
315,623	-35,883
315,638	-35,456
315,653	-35,270
315,668	-35,384
315,683	-36,210
315,698	-36,460
315,713	-35,020
315,728	-36,263
315,743	-34,737
315,758	-34,832
315,773	-35,262
315,788	-34,670
315,803	-35,315
315,818	-34,597
315,833	-34,561
315,848	-34,405
315,863	-34,053
315,878	-34,258
315,893	-34,307
315,908	-34,236
315,923	-34,380
315,938	-33,863
315,953	-33,611
315,968	-34,397
315,983	-33,358
315,998	-33,789
316,013	-33,627
316,028	-33,386
316,043	-33,710
316,058	-32,948
316,073	-33,859
316,088	-33,698
316,103	-32,679
316,118	-33,435
316,133	-32,592
316,148	-32,380
316,163	-32,811
316,178	-32,779
316,193	-33,004
316,208	-32,416
316,223	-31,643
316,238	-31,542
316,253	-31,095
316,268	-31,495
316,283	-31,665
316,298	-30,952
316,313	-30,259
316,328	-30,198
316,343	-29,741
316,358	-29,970
316,373	-29,046
316,388	-28,985
316,403	-28,418
316,418	-27,429
316,433	-27,769
316,448	-25,993
316,463	-25,100
316,478	-24,854
316,493	-22,511
316,508	-20,565
316,523	-18,929
316,538	-16,451
316,553	-13,813
316,568	-11,786
316,583	-8,115
316,598	-3,913
316,613	0,380
316,628	4,107
316,643	8,911
316,658	14,553
316,673	19,041
316,688	25,254
316,703	30,946
316,718	36,688
316,733	43,302
316,748	48,558
316,763	54,441
316,778	61,100
316,793	66,797
316,808	73,506
316,823	79,314
316,838	84,569
316,853	90,697
316,868	95,045
316,884	100,827
316,898	105,947
316,913	110,205
316,928	114,463
316,943	117,081
316,959	120,156
316,974	124,063
316,988	125,719
317,003	128,668
317,019	130,012
317,034	130,048
317,048	131,889
317,063	131,744
317,079	131,801
317,094	132,092
317,109	131,457
317,124	130,540
317,139	129,453
317,154	126,707
317,169	125,434
317,184	122,291
317,199	120,778
317,214	117,590
317,229	113,534
317,244	109,288
317,259	105,369
317,274	101,529
317,289	97,413
317,304	92,972
317,319	88,310
317,334	84,129
317,349	79,216
317,364	74,870
317,379	71,251
317,394	67,602
317,409	63,331
317,424	59,110
317,439	55,100
317,454	51,561
317,469	48,142
317,484	45,606
317,499	42,388
317,514	39,346
317,529	35,401
317,544	32,373
317,559	30,379
317,574	28,339
317,589	25,632
317,604	23,247
317,619	20,460
317,634	17,432
317,649	15,759
317,664	13,564
317,679	12,351
317,694	10,131
317,709	8,091
317,724	6,854
317,739	3,786
317,754	3,070
317,769	2,018
317,784	0,379
317,799	-1,189
317,814	-2,657
317,829	-4,261
317,844	-5,383
317,859	-6,941
317,874	-7,692
317,889	-8,729
317,904	-10,082
317,919	-10,773
317,934	-12,833
317,949	-13,012
317,964	-13,713
317,979	-14,474
317,994	-15,441
318,009	-16,618
318,024	-17,846
318,039	-17,795
318,054	-19,424
318,069	-19,478
318,084	-19,763
318,099	-21,050
318,114	-21,024
318,129	-22,221
318,144	-22,562
318,159	-23,082
318,174	-23,302
318,189	-23,953
318,204	-24,739
318,219	-24,924
318,234	-25,544
318,249	-27,108
318,264	-26,249
318,279	-26,655
318,294	-27,461
318,309	-27,760
318,324	-28,356
318,339	-28,626
318,354	-28,309
318,369	-28,750
318,384	-28,904
318,399	-29,715
318,414	-30,121
318,429	-30,661
318,444	-30,349
318,459	-30,343
318,474	-30,528
318,489	-31,304
318,504	-31,529
318,519	-31,573
318,534	-31,988
318,549	-31,842
318,564	-31,876
318,579	-32,758
318,594	-32,250
318,609	-33,433
318,624	-32,950
318,639	-32,839
318,654	-32,888
318,669	-32,622
318,684	-33,543
318,699	-34,179
318,714	-33,937
318,729	-34,076
318,744	-33,554
318,759	-33,789
318,774	-34,320
318,789	-34,113
318,804	-35,075
318,819	-34,768
318,834	-34,471
318,849	-34,425
318,864	-34,369
318,879	-34,644
318,894	-35,385
318,909	-34,682
318,925	-35,523
318,940	-34,961
318,954	-34,910
318,969	-35,656
318,985	-35,249
319,000	-35,669
319,014	-35,442
319,029	-35,171
319,045	-35,561
319,060	-35,234
319,075	-36,281
319,089	-36,711
319,105	-35,547
319,120	-36,328
319,135	-35,575
319,150	-35,624
319,165	-36,717
319,180	-36,214
319,195	-36,840
319,210	-36,117
319,225	-35,935
319,240	-35,739
319,255	-36,289
319,270	-36,404
319,285	-36,804
319,300	-36,572
319,315	-36,892
319,330	-36,220
319,345	-35,863
319,360	-36,534
319,375	-37,054
319,390	-37,279
319,405	-37,022
319,420	-36,229
319,435	-36,073
319,450	-36,332
319,465	-36,893
319,480	-37,559
319,495	-36,635
319,510	-36,604
319,525	-36,578
319,540	-36,652
319,555	-37,033
319,570	-37,548
319,585	-37,287
319,600	-36,844
319,615	-36,467
319,630	-36,742
319,645	-37,358
319,660	-36,876
319,675	-37,516
319,690	-36,673
319,705	-36,757
319,720	-36,767
319,735	-36,665
319,750	-37,472
319,765	-37,711
319,780	-37,861
319,795	-37,604
319,810	-36,876
319,825	-37,286
319,840	-37,671
319,855	-36,898
319,870	-38,031
319,885	-37,774
319,900	-37,216
319,915	-37,105
319,930	-37,024
319,945	-37,414
319,960	-38,110
319,975	-36,991
319,990	-37,858
320,005	-36,999
320,020	-37,374
320,035	-37,544
320,050	-37,227
320,065	-38,143
320,080	-37,080
320,095	-37,199
320,110	-37,524
320,125	-37,212
320,140	-38,355
320,155	-37,902
320,170	-37,565
320,185	-37,865
320,200	-37,413
320,215	-37,166
320,230	-37,657
320,245	-38,694
320,260	-38,377
320,275	-38,346
320,290	-37,132
320,305	-37,918
320,320	-37,295
320,335	-38,061
320,350	-38,141
320,365	-37,297
320,380	-38,209
320,395	-37,190
320,410	-37,445
320,425	-37,870
320,440	-38,400
320,455	-38,209
320,470	-37,917
320,485	-37,375
320,500	-37,319
320,515	-37,453
320,530	-37,798
320,545	-38,349
320,560	-37,370
320,575	-37,384
320,590	-37,393
320,605	-37,287
320,620	-38,038
320,635	-38,534
320,650	-38,312
320,665	-38,191
320,680	-37,362
320,695	-37,301
320,710	-38,388
320,725	-37,329
320,740	-37,955
320,755	-37,754
320,770	-37,482
320,785	-37,536
320,800	-37,185
320,815	-37,815
320,830	-37,970
320,845	-37,588
320,860	-37,883
320,875	-37,149
320,890	-37,565
320,906	-38,040
320,921	-37,252
320,935	-38,469
320,950	-37,396
320,966	-37,284
320,981	-37,328
320,995	-37,372
321,010	-37,788
321,026	-38,433
321,041	-37,620
321,055	-38,141
321,070	-37,428
321,086	-37,201
321,101	-38,138
321,116	-37,490
321,131	-38,241
321,146	-37,799
321,161	-37,076
321,176	-37,913
321,191	-37,340
321,206	-38,041
321,221	-38,416
321,236	-37,247
321,251	-37,938
321,266	-37,225
321,281	-37,324
321,296	-38,136
321,311	-37,914
321,326	-38,209
321,341	-37,842
321,356	-36,874
321,371	-37,925
321,386	-37,137
321,401	-37,482
321,416	-37,772
321,431	-37,651
321,446	-36,913
321,461	-37,152
321,476	-37,122
321,491	-37,607
321,506	-37,501
321,521	-37,821
321,536	-37,679
321,551	-37,112
321,566	-37,246
321,581	-36,959
321,596	-37,540
321,611	-37,018
321,626	-37,092
321,641	-37,096
321,656	-37,035
321,671	-36,888
321,686	-37,324
321,701	-37,860
321,716	-37,592
321,731	-36,980
321,746	-36,904
321,761	-36,868
321,776	-37,855
321,791	-36,846
321,806	-37,622
321,821	-36,954
321,836	-36,868
321,851	-37,143
321,866	-36,721
321,881	-37,211
321,896	-37,847
321,911	-37,430
321,926	-37,750
321,941	-36,947
321,956	-36,830
321,971	-37,401
321,986	-37,365
322,001	-38,021
322,016	-37,438
322,031	-36,921
322,046	-36,799
322,061	-36,889
322,076	-37,580
322,091	-38,115
322,106	-36,610
322,121	-37,702
322,136	-36,809
322,151	-37,455
322,166	-37,419
322,181	-36,881
322,196	-37,417
322,211	-37,135
322,226	-36,758
322,241	-37,233
322,256	-36,716
322,271	-37,467
322,286	-37,958
322,301	-36,793
322,316	-37,585
322,331	-36,816
322,346	-36,891
322,361	-37,025
322,376	-37,210
322,391	-37,520
322,406	-37,393
322,421	-36,736
322,436	-36,765
322,451	-36,568
322,466	-37,660
322,481	-37,413
322,496	-36,856
322,511	-36,574
322,526	-36,754
322,541	-36,472
322,556	-37,163
322,571	-37,137
322,586	-37,372
322,601	-37,045
322,616	-36,478
322,631	-36,637
322,646	-36,430
322,661	-36,595
322,676	-36,980
322,691	-36,693
322,706	-36,512
322,721	-36,771
322,736	-36,449
322,751	-37,025
322,766	-36,939
322,781	-36,733
322,796	-37,098
322,811	-36,465
322,826	-36,785
322,841	-37,110
322,856	-36,498
322,871	-37,023
322,886	-36,591
322,901	-36,093
322,916	-36,408
322,932	-36,222
322,947	-36,883
322,962	-36,551
322,976	-36,470
322,991	-36,935
323,007	-36,488
323,022	-36,216
323,036	-36,842
323,051	-36,700
323,067	-37,261
323,082	-36,413
323,097	-36,176
323,111	-36,170
323,127	-36,014
323,142	-36,795
323,157	-37,035
323,172	-36,001
323,187	-36,898
323,202	-36,059
323,217	-36,159
323,232	-36,895
323,247	-36,006
323,262	-37,058
323,277	-36,581
323,292	-36,259
323,307	-36,329
323,322	-36,012
323,337	-36,402
323,352	-36,090
323,367	-35,939
323,382	-36,946
323,397	-35,917
323,412	-35,991
323,427	-36,622
323,442	-36,084
323,457	-36,795
323,472	-36,764
323,487	-36,066
323,502	-36,507
323,517	-35,718
323,532	-36,399
323,547	-36,479
323,562	-35,896
323,577	-35,910
323,592	-36,115
323,607	-35,938
323,622	-36,319
323,637	-36,528
323,652	-36,532
323,667	-36,080
323,682	-35,763
323,697	-36,675
323,712	-36,714
323,727	-36,297
323,742	-36,271
323,757	-35,814
323,772	-35,707
323,787	-35,857
323,802	-35,906
323,817	-36,416
323,832	-36,250
323,847	-36,710
323,862	-35,696
323,877	-35,771
323,892	-36,126
323,907	-36,260
323,922	-36,234
323,937	-36,389
323,952	-36,257
323,967	-35,574
323,982	-35,559
323,997	-35,708
324,012	-36,484
324,027	-36,764
324,042	-35,560
324,057	-35,985
324,072	-35,357
324,087	-35,562
324,102	-35,957
324,117	-35,545
324,132	-36,331
324,147	-35,543
324,162	-35,412
324,177	-35,481
324,192	-35,310
324,207	-35,585
324,222	-36,336
324,237	-35,467
324,252	-35,882
324,267	-35,335
324,282	-35,023
324,297	-35,734
324,312	-36,179
324,327	-36,103
324,342	-35,054
324,357	-35,164
324,372	-35,178
324,387	-35,287
324,402	-35,472
324,417	-36,248
324,432	-35,169
324,447	-35,950
324,462	-35,197
324,477	-35,141
324,492	-35,501
324,507	-35,580
324,522	-35,865
324,537	-35,759
324,552	-35,437
324,567	-35,446
324,582	-34,793
324,597	-35,610
324,612	-35,729
324,627	-35,277
324,642	-34,785
324,657	-34,789
324,672	-35,209
324,687	-35,409
324,702	-35,663
324,717	-35,682
324,732	-35,075
324,747	-35,009
324,762	-34,707
324,777	-35,538
324,792	-34,890
324,807	-35,882
324,822	-34,568
324,837	-34,802
324,852	-34,806
324,867	-35,081
324,882	-35,266
324,897	-35,250
324,912	-35,595
324,928	-35,499
324,942	-34,655
324,957	-35,913
324,973	-35,376
324,988	-34,823
325,002	-35,624
325,017	-34,460
325,033	-34,780
325,048	-34,639
325,062	-34,557
325,077	-35,283
325,093	-35,889
325,108	-34,339
325,123	-35,391
325,138	-34,573
325,153	-34,216
325,168	-35,689
325,183	-34,550
325,198	-35,522
325,213	-34,643
325,228	-34,372
325,243	-34,792
325,258	-34,425
325,273	-35,381
325,288	-35,069
325,303	-34,402
325,318	-34,957
325,333	-34,350
325,348	-34,083
325,363	-34,965
325,378	-34,964
325,393	-35,394
325,408	-34,957
325,423	-34,374
325,438	-34,178
325,453	-34,046
325,468	-34,632
325,483	-34,867
325,498	-34,038
325,513	-34,775
325,528	-34,067
325,543	-33,930
325,558	-35,238
325,573	-33,958
325,588	-34,494
325,603	-34,032
325,618	-34,262
325,633	-34,697
325,648	-33,874
325,663	-34,384
325,678	-35,030
325,693	-34,191
325,708	-33,824
325,723	-34,039
325,738	-34,013
325,753	-34,178
325,768	-34,543
325,783	-34,742
325,798	-34,476
325,813	-33,462
325,828	-34,243
325,843	-35,095
325,858	-34,316
325,873	-34,626
325,888	-34,345
325,903	-33,687
325,918	-33,927
325,933	-33,891
325,948	-34,401
325,963	-34,410
325,978	-33,883
325,993	-34,328
326,008	-33,485
326,023	-33,810
326,038	-34,195
326,053	-33,617
326,068	-34,383
326,083	-33,821
326,098	-33,604
326,113	-33,538
326,128	-33,527
326,143	-34,063
326,158	-33,906
326,173	-33,685
326,188	-34,040
326,203	-33,402
326,218	-33,496
326,233	-34,493
326,248	-33,444
326,263	-33,504
326,278	-33,578
326,293	-33,427
326,308	-33,280
326,323	-33,390
326,338	-34,196
326,353	-34,285
326,368	-33,036
326,383	-34,198
326,398	-33,094
326,413	-33,093
326,428	-33,643
326,443	-33,944
326,458	-34,088
326,473	-33,309
326,488	-33,288
326,503	-33,268
326,518	-33,252
326,533	-33,672
326,548	-34,208
326,563	-33,144
326,578	-32,947
326,593	-33,096
326,608	-33,071
326,623	-33,591
326,638	-33,785
326,653	-34,040
326,668	-33,794
326,683	-32,930
326,698	-32,904
326,713	-32,798
326,728	-32,807
326,743	-33,217
326,758	-33,352
326,773	-32,829
326,788	-32,909
326,803	-32,918
326,818	-33,789
326,833	-33,888
326,848	-33,536
326,863	-33,440
326,878	-32,682
326,893	-32,671
326,908	-33,723
326,923	-33,121
326,938	-33,556
326,954	-32,858
326,969	-33,048
326,983	-32,460
326,998	-32,479
327,014	-33,000
327,029	-33,009
327,043	-32,707
327,058	-33,513
327,074	-32,444
327,089	-32,348
327,103	-33,706
327,119	-32,582
327,134	-32,857
327,149	-33,046
327,164	-32,238
327,179	-32,317
327,194	-32,407
327,209	-33,429
327,224	-32,826
327,239	-32,288
327,254	-32,844
327,269	-32,302
327,284	-33,123
327,299	-32,967
327,314	-32,173
327,329	-33,135
327,344	-31,966
327,359	-31,910
327,374	-32,450
327,389	-31,702
327,404	-32,318
327,419	-32,778
327,434	-31,820
327,449	-32,375
327,464	-31,653
327,479	-31,657
327,494	-32,087
327,509	-32,442
327,524	-32,491
327,539	-31,753
327,554	-31,592
327,569	-32,714
327,584	-31,530
327,599	-31,955
327,614	-32,796
327,629	-31,757
327,644	-31,416
327,659	-31,420
327,674	-31,494
327,689	-32,115
327,704	-31,913
327,719	-32,308
327,734	-31,645
327,749	-31,449
327,764	-31,458
327,779	-31,101
327,794	-31,401
327,809	-32,463
327,824	-31,254
327,839	-31,137
327,854	-31,297
327,869	-31,165
327,884	-31,631
327,899	-31,825
327,914	-31,905
327,929	-31,728
327,944	-31,116
327,959	-31,230
327,974	-32,087
327,989	-31,474
328,004	-31,533
328,019	-31,211
328,034	-30,844
328,049	-30,948
328,064	-30,937
328,079	-31,794
328,094	-32,099
328,109	-30,890
328,124	-31,556
328,139	-30,717
328,154	-30,797
328,169	-31,307
328,184	-31,090
328,199	-31,420
328,214	-30,803
328,229	-30,646
328,244	-30,921
328,259	-30,554
328,274	-30,979
328,289	-31,500
328,304	-30,376
328,319	-31,217
328,334	-30,489
328,349	-30,569
328,364	-31,149
328,379	-30,366
328,394	-31,363
328,409	-30,976
328,424	-30,133
328,439	-30,859
328,454	-30,186
328,469	-30,812
328,484	-30,830
328,499	-30,363
328,514	-30,688
328,529	-30,367
328,544	-29,970
328,559	-30,971
328,574	-30,579
328,589	-30,969
328,604	-29,800
328,619	-30,185
328,634	-29,969
328,649	-29,953
328,664	-30,483
328,679	-30,908
328,694	-30,035
328,709	-29,789
328,724	-29,943
328,739	-29,802
328,754	-30,523
328,769	-30,778
328,784	-30,360
328,799	-30,229
328,814	-29,807
328,829	-29,821
328,844	-30,798
328,859	-29,759
328,875	-31,031
328,889	-29,406
328,904	-29,661
328,920	-29,575
328,935	-29,779
328,950	-29,929
328,964	-30,274
328,979	-30,152
328,995	-30,202
329,010	-29,358
329,024	-29,413
329,039	-30,490
329,055	-29,872
329,070	-30,483
329,084	-29,208
329,099	-29,252
329,115	-29,181
329,130	-29,827
329,145	-29,656
329,160	-30,161
329,175	-29,167
329,190	-29,978
329,205	-29,190
329,220	-29,109
329,235	-29,499
329,250	-29,198
329,265	-30,099
329,280	-29,156
329,295	-28,864
329,310	-29,600
329,325	-28,912
329,340	-29,347
329,355	-28,951
329,370	-28,699
329,385	-29,465
329,400	-28,542
329,415	-28,611
329,430	-29,086
329,445	-28,764
329,460	-29,525
329,475	-29,153
329,490	-28,370
329,505	-28,891
329,520	-28,394
329,535	-28,774
329,550	-29,244
329,565	-28,511
329,580	-29,026
329,595	-28,329
329,610	-28,278
329,625	-28,733
329,640	-28,872
329,655	-29,367
329,670	-28,429
329,685	-28,218
329,700	-28,527
329,715	-27,945
329,730	-28,531
329,745	-29,071
329,760	-27,942
329,775	-28,082
329,790	-28,101
329,805	-27,829
329,820	-28,625
329,835	-28,424
329,850	-28,809
329,865	-27,795
329,880	-27,764
329,895	-28,284
329,910	-28,965
329,925	-28,137
329,940	-28,668
329,955	-27,784
329,970	-27,889
329,985	-27,447
330,000	-27,866
