285,000	36,207
285,015	36,763
285,030	37,530
285,045	36,628
285,060	37,003
285,075	36,366
285,090	35,644
285,105	36,621
285,120	35,748
285,135	36,224
285,150	36,169
285,165	35,517
285,180	35,556
285,195	34,959
285,210	35,786
285,225	35,550
285,240	34,938
285,255	34,983
285,270	33,739
285,285	34,952
285,300	34,902
285,315	34,064
285,330	34,304
285,345	34,304
285,360	32,910
285,375	33,506
285,390	32,704
285,405	33,551
285,420	33,250
285,435	33,254
285,450	33,324
285,465	32,486
285,480	32,822
285,495	33,178
285,510	32,911
285,525	32,580
285,540	32,454
285,555	31,401
285,570	31,797
285,585	31,436
285,600	32,032
285,615	32,012
285,630	31,911
285,645	30,592
285,660	31,303
285,675	30,681
285,690	31,117
285,705	31,317
285,720	31,262
285,735	29,983
285,750	29,767
285,765	30,143
285,780	30,709
285,795	30,117
285,810	30,343
285,825	29,786
285,840	29,249
285,855	29,559
285,870	29,293
285,885	29,844
285,901	29,844
285,916	29,623
285,930	29,387
285,945	28,364
285,961	28,724
285,976	29,060
285,990	28,368
286,005	28,899
286,021	27,820
286,036	27,559
286,050	27,940
286,065	27,378
286,080	28,446
286,096	28,074
286,111	27,497
286,125	27,843
286,141	26,850
286,156	27,456
286,171	27,787
286,186	27,079
286,201	27,500
286,216	27,254
286,231	26,367
286,246	26,858
286,261	26,496
286,276	26,766
286,291	26,811
286,306	26,029
286,321	26,324
286,336	25,261
286,351	25,722
286,366	26,243
286,381	26,248
286,396	26,027
286,411	25,244
286,426	24,678
286,441	25,464
286,456	24,707
286,471	25,358
286,486	25,668
286,501	24,750
286,516	25,272
286,531	24,329
286,546	24,484
286,561	25,181
286,576	24,829
286,591	24,678
286,606	24,768
286,621	23,876
286,636	23,775
286,651	23,478
286,666	24,290
286,681	24,315
286,696	23,969
286,711	23,562
286,726	23,191
286,741	23,115
286,756	24,043
286,771	23,661
286,786	23,566
286,801	22,934
286,816	22,332
286,831	22,943
286,846	23,179
286,861	23,188
286,876	23,112
286,891	22,761
286,906	21,718
286,921	22,144
286,936	21,928
286,951	22,529
286,966	22,644
286,981	22,318
286,996	22,287
287,011	21,164
287,026	22,141
287,041	22,040
287,056	21,694
287,071	21,955
287,086	21,448
287,101	20,645
287,116	20,816
287,131	21,372
287,146	21,206
287,161	21,291
287,176	21,005
287,191	21,320
287,206	20,467
287,221	20,482
287,236	21,003
287,251	20,657
287,266	20,742
287,281	20,055
287,296	20,125
287,311	20,155
287,326	19,713
287,341	20,354
287,356	20,188
287,371	19,692
287,386	20,082
287,401	19,671
287,416	19,169
287,431	19,951
287,446	19,915
287,461	19,780
287,476	19,799
287,491	18,646
287,506	18,987
287,521	18,389
287,536	19,241
287,551	19,382
287,566	18,524
287,581	19,176
287,596	18,654
287,611	18,167
287,626	19,204
287,641	18,632
287,656	18,807
287,671	18,040
287,686	17,533
287,701	18,526
287,716	17,567
287,731	18,334
287,746	18,344
287,761	17,652
287,776	17,145
287,791	17,420
287,806	17,440
287,821	18,126
287,836	17,941
287,851	18,141
287,866	17,589
287,881	16,441
287,897	17,523
287,911	17,483
287,926	17,382
287,942	17,337
287,957	17,101
287,971	17,105
287,986	16,799
288,002	16,473
288,017	17,305
288,031	17,009
288,046	15,855
288,062	16,978
288,077	15,840
288,092	16,000
288,107	16,591
288,122	16,671
288,137	16,440
288,152	16,319
288,167	15,506
288,182	16,103
288,197	15,285
288,212	16,167
288,227	16,127
288,242	15,490
288,257	15,900
288,272	15,163
288,287	15,178
288,302	15,774
288,317	15,829
288,332	15,593
288,347	15,026
288,362	15,447
288,377	15,090
288,392	14,709
288,407	15,440
288,422	15,185
288,437	14,061
288,452	15,054
288,467	14,446
288,482	14,832
288,497	15,128
288,512	15,027
288,527	14,932
288,542	15,137
288,557	13,632
288,572	14,274
288,587	13,782
288,602	14,529
288,617	14,634
288,632	13,706
288,647	13,660
288,662	13,404
288,677	13,519
288,692	14,396
288,707	14,421
288,722	14,100
288,737	14,104
288,752	13,522
288,767	13,778
288,782	13,176
288,797	13,862
288,812	13,736
288,827	13,360
288,842	12,943
288,857	13,430
288,872	12,748
288,887	13,760
288,902	13,549
288,917	13,684
288,932	13,603
288,947	12,400
288,962	13,412
288,977	13,487
288,992	12,990
289,007	13,261
289,022	12,513
289,037	12,027
289,052	12,447
289,067	12,417
289,082	13,194
289,097	13,088
289,112	12,486
289,127	12,857
289,142	11,844
289,157	12,315
289,172	12,926
289,187	12,539
289,202	12,599
289,217	12,148
289,232	11,827
289,247	11,886
289,262	11,681
289,277	12,678
289,292	12,673
289,307	11,118
289,322	12,241
289,337	11,558
289,352	11,728
289,367	12,104
289,382	11,773
289,397	12,184
289,412	12,133
289,427	11,290
289,442	11,420
289,457	11,465
289,472	11,906
289,487	11,981
289,502	11,058
289,517	11,709
289,532	11,253
289,547	10,992
289,562	11,764
289,577	11,528
289,592	11,768
289,607	11,181
289,622	10,519
289,637	11,000
289,652	10,739
289,667	11,400
289,682	11,465
289,697	11,189
289,712	11,218
289,727	10,872
289,742	11,253
289,757	11,238
289,772	10,741
289,787	11,232
289,802	11,041
289,817	10,148
289,832	10,263
289,847	9,887
289,862	10,954
289,877	10,844
289,892	10,663
289,907	9,800
289,923	10,266
289,937	10,421
289,952	10,767
289,967	9,658
289,983	10,510
289,998	10,666
290,012	9,582
290,027	10,219
290,043	10,574
290,058	10,268
290,072	10,438
290,088	9,776
290,103	10,097
290,118	9,153
290,133	9,584
290,148	10,216
290,163	9,935
290,178	9,343
290,193	10,551
290,208	9,231
290,223	9,773
290,238	9,968
290,253	9,622
290,268	10,148
290,283	9,716
290,298	8,793
290,313	9,941
290,328	8,693
290,343	9,635
290,358	9,534
290,373	9,138
290,388	9,829
290,403	8,876
290,418	9,277
290,433	9,823
290,448	9,422
290,463	10,028
290,478	9,270
290,493	8,513
290,508	9,114
290,523	8,628
290,538	9,485
290,553	9,811
290,568	9,349
290,583	9,459
290,598	8,942
290,613	8,671
290,628	9,488
290,643	9,041
290,658	9,517
290,673	8,749
290,688	8,498
290,703	9,376
290,718	8,488
290,733	9,355
290,748	9,405
290,763	7,985
290,778	8,391
290,793	8,446
290,808	7,809
290,823	9,227
290,838	9,187
290,853	8,936
290,868	8,263
290,883	8,143
290,898	8,564
290,913	8,804
290,928	8,959
290,943	8,778
290,958	8,442
290,973	7,589
290,988	8,401
291,003	8,356
291,018	8,947
291,033	8,791
291,048	8,661
291,063	8,640
291,078	7,687
291,093	8,474
291,108	8,729
291,123	8,443
291,138	8,598
291,153	8,197
291,168	7,515
291,183	7,524
291,198	7,790
291,213	8,727
291,228	8,501
291,243	7,829
291,258	8,325
291,273	7,848
291,288	7,762
291,303	8,565
291,318	7,807
291,333	8,293
291,348	7,782
291,363	7,139
291,378	7,976
291,393	7,645
291,408	8,010
291,423	8,070
291,438	7,558
291,453	8,210
291,468	7,352
291,483	7,743
291,498	8,094
291,513	7,893
291,528	7,957
291,543	7,812
291,558	7,084
291,573	7,876
291,588	7,059
291,603	7,675
291,618	7,715
291,633	7,098
291,648	7,819
291,663	7,197
291,678	7,889
291,693	7,823
291,708	7,362
291,723	7,738
291,738	7,521
291,753	6,433
291,768	7,400
291,783	6,898
291,798	7,535
291,813	7,560
291,828	6,251
291,843	6,361
291,858	6,656
291,873	6,766
291,889	7,267
291,903	7,528
291,918	7,472
291,933	7,291
291,949	6,183
291,964	7,160
291,978	7,365
291,993	7,064
292,009	7,084
292,024	7,414
292,038	6,757
292,053	6,647
292,068	6,697
292,084	7,047
292,099	7,112
292,114	7,147
292,129	6,309
292,144	5,777
292,159	6,559
292,174	7,080
292,189	6,990
292,204	7,130
292,219	6,763
292,234	6,136
292,249	6,055
292,251	5,845
292,266	5,460
292,281	6,123
292,296	6,420
292,311	5,794
292,326	6,096
292,341	5,485
292,356	5,491
292,371	5,924
292,386	5,157
292,401	5,880
292,416	5,345
292,431	4,608
292,446	5,066
292,461	4,385
292,476	5,208
292,491	5,535
292,506	5,210
292,521	5,311
292,536	4,886
292,551	4,436
292,566	5,334
292,581	5,139
292,596	5,386
292,611	5,352
292,626	3,924
292,641	4,838
292,656	3,856
292,671	4,308
292,686	4,870
292,701	4,856
292,716	4,932
292,731	4,006
292,746	3,911
292,761	4,394
292,776	4,716
292,791	4,225
292,806	4,332
292,821	3,174
292,836	3,576
292,851	3,352
292,866	3,493
292,881	4,040
292,897	3,831
292,911	3,004
292,926	3,446
292,942	3,914
292,957	4,055
292,971	3,986
292,986	3,746
293,002	3,692
293,017	2,740
293,031	2,932
293,046	3,765
293,062	3,084
293,077	3,336
293,092	3,462
293,107	2,480
293,122	2,777
293,137	2,362
293,152	2,624
293,167	3,176
293,182	2,806
293,197	3,243
293,212	2,146
293,227	2,147
293,242	3,030
293,257	2,319
293,272	3,047
293,287	2,722
293,302	2,042
293,317	2,534
293,332	2,224
293,347	2,576
293,362	2,652
293,377	2,347
293,392	2,814
293,407	1,958
293,422	2,576
293,437	2,556
293,452	1,700
293,467	2,468
293,482	2,524
293,497	1,487
293,512	2,014
293,527	1,444
293,542	1,996
293,557	2,283
293,572	1,888
293,587	2,350
293,602	1,659
293,617	1,269
293,632	1,957
293,647	2,113
293,662	2,099
293,677	1,519
293,692	1,123
293,707	1,250
293,722	1,005
293,737	1,543
293,752	1,779
293,767	1,640
293,782	0,693
293,797	1,461
293,812	0,665
293,827	1,643
293,842	1,594
293,857	1,656
293,872	1,386
293,887	1,026
293,902	0,906
293,917	0,987
293,932	1,043
293,947	1,270
293,962	1,211
293,977	1,297
293,992	1,368
294,007	0,085
294,022	1,124
294,037	1,055
294,052	1,166
294,067	1,192
294,082	0,195
294,097	0,242
294,112	0,985
294,127	0,830
294,142	0,957
294,157	0,817
294,172	0,166
294,187	0,348
294,202	-0,388
294,217	0,129
294,232	1,098
294,247	0,226
294,262	0,633
294,277	0,324
294,292	-0,062
294,307	0,631
294,322	0,055
294,337	0,673
294,352	0,639
294,367	0,279
294,382	0,210
294,397	-0,471
294,412	0,482
294,427	0,463
294,442	-0,168
294,457	0,114
294,472	0,211
294,487	-0,285
294,502	0,157
294,517	-0,514
294,532	0,184
294,547	0,205
294,562	-0,461
294,577	-0,194
294,592	-0,890
294,607	0,209
294,622	0,220
294,637	0,090
294,652	0,162
294,667	-0,554
294,682	-1,030
294,697	0,119
294,712	0,100
294,727	-0,165
294,742	-0,404
294,757	-0,790
294,772	-0,152
294,787	-0,858
294,802	-0,320
294,817	-0,294
294,832	-0,153
294,847	-0,974
294,862	-0,753
294,877	-0,190
294,892	-0,641
294,907	-0,304
294,923	-0,298
294,937	-0,688
294,952	-0,922
294,967	-0,415
294,983	-1,467
294,998	-0,529
295,012	-0,613
295,027	-0,928
295,043	-1,398
295,058	-0,901
295,072	-1,601
295,088	-0,793
295,103	-0,602
295,118	-0,636
295,133	-0,490
295,148	-1,692
295,163	-1,340
295,178	-0,813
295,193	-1,534
295,208	-0,957
295,223	-1,156
295,238	-1,847
295,253	-0,713
295,268	-1,369
295,283	-0,957
295,298	-0,770
295,313	-0,895
295,328	-0,994
295,343	-1,645
295,358	-1,388
295,373	-0,806
295,388	-1,501
295,403	-1,150
295,418	-1,374
295,433	-1,915
295,448	-1,683
295,463	-2,113
295,478	-1,140
295,493	-1,239
295,508	-1,609
295,523	-0,936
295,538	-1,918
295,553	-1,511
295,568	-1,119
295,583	-1,299
295,598	-0,816
295,613	-1,176
295,628	-2,273
295,643	-1,195
295,658	-2,607
295,673	-1,674
295,688	-1,277
295,703	-1,742
295,718	-1,205
295,733	-2,142
295,748	-2,015
295,763	-1,383
295,778	-1,387
295,793	-1,446
295,808	-1,064
295,823	-1,940
295,838	-2,030
295,853	-2,189
295,868	-1,526
295,883	-1,826
295,898	-1,329
295,913	-2,060
295,928	-2,009
295,943	-2,178
295,958	-1,295
295,973	-1,460
295,988	-1,429
296,003	-2,044
296,018	-1,453
296,033	-1,609
296,048	-1,739
296,063	-1,760
296,078	-2,713
296,093	-1,926
296,108	-1,671
296,123	-1,957
296,138	-1,802
296,153	-2,203
296,168	-2,885
296,183	-2,876
296,198	-2,610
296,213	-1,673
296,228	-1,899
296,243	-2,571
296,258	-2,075
296,273	-2,552
296,288	-2,638
296,303	-1,835
296,318	-2,593
296,333	-2,107
296,348	-2,618
296,363	-3,261
296,378	-2,424
296,393	-2,755
296,408	-2,390
296,423	-2,330
296,438	-2,842
296,453	-2,190
296,468	-3,048
296,483	-2,657
296,498	-2,306
296,513	-2,507
296,528	-2,443
296,543	-2,588
296,558	-3,316
296,573	-2,524
296,588	-3,341
296,603	-2,725
296,618	-2,685
296,633	-3,302
296,648	-2,581
296,663	-3,203
296,678	-2,511
296,693	-2,577
296,708	-3,038
296,723	-2,662
296,738	-2,879
296,753	-3,967
296,768	-3,000
296,783	-3,502
296,798	-2,865
296,813	-2,840
296,828	-4,149
296,843	-4,039
296,858	-3,744
296,873	-3,634
296,889	-3,133
296,903	-2,872
296,918	-2,928
296,933	-3,109
296,949	-4,217
296,964	-3,240
296,978	-3,035
296,993	-3,336
297,009	-3,316
297,024	-2,986
297,038	-3,643
297,053	-3,753
297,068	-3,703
297,084	-3,353
297,099	-3,288
297,114	-3,253
297,129	-4,091
297,144	-4,623
297,159	-3,841
297,174	-3,320
297,189	-3,410
297,204	-3,270
297,219	-3,637
297,234	-4,264
297,249	-4,345
297,251	-4,555
297,266	-4,940
297,281	-4,277
297,296	-3,980
297,311	-4,606
297,326	-4,304
297,341	-4,915
297,356	-4,909
297,371	-4,476
297,386	-5,243
297,401	-4,520
297,416	-5,055
297,431	-5,792
297,446	-5,334
297,461	-6,015
297,476	-5,192
297,491	-4,865
297,506	-5,190
297,521	-5,089
297,536	-5,514
297,551	-5,964
297,566	-5,066
297,581	-5,261
297,596	-5,014
297,611	-5,048
297,626	-6,476
297,641	-5,562
297,656	-6,544
297,671	-6,092
297,686	-5,530
297,701	-5,544
297,716	-5,468
297,731	-6,394
297,746	-6,489
297,761	-6,006
297,776	-5,684
297,791	-6,175
297,806	-6,068
297,821	-7,226
297,836	-6,824
297,851	-7,048
297,866	-6,907
297,881	-6,360
297,897	-6,569
297,911	-7,396
297,926	-6,954
297,942	-6,486
297,957	-6,345
297,971	-6,414
297,986	-6,654
298,002	-6,708
298,017	-7,660
298,031	-7,468
298,046	-6,635
298,062	-7,316
298,077	-7,064
298,092	-6,938
298,107	-7,920
298,122	-7,623
298,137	-8,038
298,152	-7,776
298,167	-7,224
298,182	-7,594
298,197	-7,157
298,212	-8,254
298,227	-8,253
298,242	-7,370
298,257	-8,081
298,272	-7,353
298,287	-7,678
298,302	-8,358
298,317	-7,866
298,332	-8,176
298,347	-7,824
298,362	-7,748
298,377	-8,053
298,392	-7,586
298,407	-8,442
298,422	-7,824
298,437	-7,844
298,452	-8,700
298,467	-7,932
298,482	-7,876
298,497	-8,913
298,512	-8,386
298,527	-8,956
298,542	-8,404
298,557	-8,117
298,572	-8,512
298,587	-8,050
298,602	-8,741
298,617	-9,131
298,632	-8,443
298,647	-8,287
298,662	-8,301
298,677	-8,881
298,692	-9,277
298,707	-9,150
298,722	-9,395
298,737	-8,857
298,752	-8,621
298,767	-8,760
298,782	-9,707
298,797	-8,939
298,812	-9,735
298,827	-8,757
298,842	-8,806
298,857	-8,744
298,872	-9,014
298,887	-9,374
298,902	-9,494
298,917	-9,413
298,932	-9,357
298,947	-9,130
298,962	-9,189
298,977	-9,103
298,992	-9,032
299,007	-10,315
299,022	-9,276
299,037	-9,345
299,052	-9,234
299,067	-9,208
299,082	-10,205
299,097	-10,158
299,112	-9,415
299,127	-9,570
299,142	-9,443
299,157	-9,583
299,172	-10,234
299,187	-10,052
299,202	-10,788
299,217	-10,271
299,232	-9,302
299,247	-10,174
299,262	-9,767
299,277	-10,076
299,292	-10,462
299,307	-9,769
299,322	-10,345
299,337	-9,727
299,352	-9,761
299,367	-10,121
299,382	-10,190
299,397	-10,871
299,412	-9,918
299,427	-9,937
299,442	-10,568
299,457	-10,286
299,472	-10,189
299,487	-10,685
299,502	-10,243
299,517	-10,914
299,532	-10,216
299,547	-10,195
299,562	-10,861
299,577	-10,594
299,592	-11,290
299,607	-10,191
299,622	-10,180
299,637	-10,310
299,652	-10,238
299,667	-10,954
299,682	-11,430
299,697	-10,281
299,712	-10,300
299,727	-10,565
299,742	-10,804
299,757	-11,190
299,772	-10,552
299,787	-11,258
299,802	-10,720
299,817	-10,694
299,832	-10,553
299,847	-11,374
299,862	-11,153
299,877	-10,590
299,892	-11,041
299,907	-10,704
299,923	-10,698
299,937	-11,088
299,952	-11,322
299,967	-10,815
299,983	-11,867
299,998	-10,929
300,012	-11,013
300,027	-11,328
300,043	-11,798
300,058	-11,301
300,072	-12,001
300,088	-11,193
300,103	-11,002
300,118	-11,036
300,133	-10,890
300,148	-12,092
300,163	-11,740
300,178	-11,213
300,193	-11,934
300,208	-11,357
300,223	-11,556
300,238	-12,247
300,253	-11,113
300,268	-11,769
300,283	-11,357
300,298	-11,170
300,313	-11,295
300,328	-11,394
300,343	-12,045
300,358	-11,788
300,373	-11,206
300,388	-11,901
300,403	-11,550
300,418	-11,774
300,433	-12,315
300,448	-12,083
300,463	-12,513
300,478	-11,540
300,493	-11,639
300,508	-12,009
300,523	-11,336
300,538	-12,318
300,553	-11,911
300,568	-11,519
300,583	-11,699
300,598	-11,216
300,613	-11,576
300,628	-12,673
300,643	-11,595
300,658	-13,007
300,673	-12,074
300,688	-11,677
300,703	-12,142
300,718	-11,605
300,733	-12,542
300,748	-12,415
300,763	-11,783
300,778	-11,787
300,793	-11,846
300,808	-11,464
300,823	-12,340
300,838	-12,430
300,853	-12,589
300,868	-11,926
300,883	-12,226
300,898	-11,729
300,913	-12,460
300,928	-12,409
300,943	-12,578
300,958	-11,695
300,973	-11,860
300,988	-11,829
301,003	-11,797
301,018	-12,438
301,033	-12,512
301,048	-12,105
301,063	-12,892
301,078	-11,903
301,093	-11,747
301,108	-12,924
301,123	-12,467
301,138	-12,736
301,153	-12,089
301,168	-12,369
301,183	-11,911
301,198	-12,332
301,213	-12,566
301,228	-12,059
301,243	-12,028
301,258	-12,563
301,273	-11,871
301,288	-12,501
301,303	-13,182
301,318	-12,825
301,333	-12,759
301,348	-12,312
301,363	-12,095
301,378	-12,601
301,393	-12,109
301,408	-12,840
301,423	-12,779
301,438	-12,943
301,453	-12,491
301,468	-12,259
301,483	-12,289
301,498	-13,436
301,513	-12,818
301,528	-13,203
301,543	-12,205
301,558	-12,108
301,573	-12,889
301,588	-12,247
301,603	-12,827
301,618	-12,896
301,633	-12,429
301,648	-12,082
301,663	-12,452
301,678	-12,978
301,693	-13,153
301,708	-12,214
301,723	-13,176
301,738	-12,277
301,753	-12,321
301,768	-12,336
301,783	-12,405
301,798	-12,790
301,813	-13,501
301,828	-12,377
301,843	-12,396
301,858	-12,540
301,873	-12,870
301,889	-13,521
301,903	-13,290
301,918	-13,138
301,933	-13,353
301,949	-12,620
301,964	-13,040
301,978	-13,460
301,993	-13,144
302,009	-12,902
302,024	-12,811
302,038	-12,674
302,053	-12,688
302,068	-12,883
302,084	-13,038
302,099	-13,162
302,114	-12,554
302,129	-13,074
302,144	-12,768
302,159	-13,479
302,174	-13,619
302,189	-12,685
302,204	-12,589
302,219	-12,678
302,234	-12,752
302,249	-12,766
302,264	-12,675
302,279	-13,547
302,294	-13,255
302,309	-12,472
302,324	-13,067
302,339	-12,775
302,354	-12,709
302,369	-13,029
302,384	-13,099
302,399	-13,228
302,414	-12,992
302,429	-12,875
302,444	-13,185
302,459	-12,563
302,474	-13,304
302,489	-13,463
302,504	-12,735
302,519	-12,975
302,534	-12,598
302,549	-12,712
302,564	-13,569
302,579	-13,237
302,594	-13,281
302,609	-12,648
302,624	-12,733
302,639	-13,378
302,654	-12,630
302,669	-13,221
302,684	-13,235
302,699	-12,622
302,714	-12,782
302,729	-12,846
302,744	-12,599
302,759	-13,341
302,774	-13,164
302,789	-13,730
302,804	-12,831
302,819	-12,830
302,834	-12,709
302,849	-12,518
302,864	-13,088
302,879	-13,258
302,894	-12,790
302,909	-12,374
302,924	-12,638
302,939	-12,587
302,954	-13,955
302,969	-13,187
302,984	-13,973
302,999	-12,719
303,014	-12,788
303,029	-12,677
303,044	-13,388
303,059	-13,447
303,074	-13,842
303,089	-12,753
303,104	-12,777
303,119	-12,631
303,134	-12,570
303,149	-13,777
303,164	-13,290
303,179	-12,592
303,194	-13,028
303,209	-12,705
303,224	-12,755
303,239	-13,666
303,254	-12,565
303,269	-14,083
303,284	-12,978
303,299	-13,793
303,314	-12,673
303,329	-12,917
303,344	-13,252
303,359	-12,864
303,374	-14,050
303,389	-13,878
303,404	-13,019
303,419	-13,122
303,434	-13,121
303,449	-13,280
303,464	-14,230
303,479	-13,060
303,494	-13,876
303,509	-13,287
303,524	-13,341
303,539	-14,071
303,554	-14,330
303,569	-13,857
303,584	-14,226
303,599	-13,437
303,614	-13,240
303,629	-13,339
303,644	-13,793
303,659	-14,669
303,674	-14,421
303,689	-14,670
303,704	-13,922
303,719	-14,146
303,734	-13,712
303,749	-14,543
303,764	-14,912
303,779	-14,244
303,794	-14,071
303,809	-13,939
303,824	-13,977
303,839	-13,845
303,854	-15,253
303,869	-14,870
303,884	-14,051
303,899	-14,360
303,914	-14,373
303,930	-14,662
303,945	-14,315
303,959	-14,895
303,974	-15,169
303,990	-14,550
304,005	-14,347
304,019	-14,952
304,034	-14,434
304,050	-15,405
304,065	-15,303
304,079	-14,790
304,094	-14,753
304,110	-14,762
304,125	-14,544
304,140	-15,676
304,155	-14,937
304,170	-15,436
304,185	-14,973
304,200	-14,921
304,215	-15,165
304,230	-15,399
304,245	-15,778
304,260	-15,606
304,275	-15,083
304,290	-15,648
304,305	-15,050
304,320	-15,444
304,335	-15,087
304,350	-15,280
304,365	-15,885
304,380	-15,507
304,395	-15,234
304,410	-15,830
304,425	-15,271
304,440	-16,453
304,455	-16,120
304,470	-15,386
304,485	-15,279
304,500	-15,649
304,515	-15,877
304,530	-16,478
304,545	-16,310
304,560	-16,529
304,575	-15,510
304,590	-15,538
304,605	-15,621
304,620	-16,447
304,635	-16,350
304,650	-15,726
304,665	-15,564
304,680	-15,843
304,695	-15,746
304,710	-15,268
304,725	-16,600
304,740	-16,744
304,755	-15,985
304,770	-16,088
304,785	-15,951
304,800	-15,919
304,815	-17,106
304,830	-16,683
304,845	-16,641
304,860	-15,932
304,875	-16,096
304,890	-16,140
304,905	-16,123
304,920	-16,934
304,935	-16,475
304,950	-16,323
304,965	-16,557
304,980	-16,260
304,995	-16,774
305,010	-16,928
305,025	-16,520
305,040	-16,157
305,055	-16,160
305,070	-16,489
305,085	-16,588
305,100	-16,727
305,115	-16,976
305,130	-16,673
305,145	-16,361
305,160	-16,329
305,175	-16,502
305,190	-16,997
305,205	-17,206
305,220	-16,843
305,235	-17,187
305,250	-16,539
305,265	-16,492
305,280	-17,081
305,295	-16,654
305,310	-17,229
305,325	-17,101
305,340	-16,889
305,355	-16,702
305,370	-16,715
305,385	-17,044
305,400	-17,835
305,415	-16,469
305,430	-17,570
305,445	-16,822
305,460	-16,885
305,475	-16,803
305,490	-16,661
305,505	-17,432
305,520	-17,570
305,535	-16,651
305,550	-16,749
305,565	-16,818
305,580	-16,972
305,595	-17,877
305,610	-17,068
305,625	-18,245
305,640	-17,250
305,655	-17,053
305,670	-17,698
305,685	-18,338
305,700	-17,464
305,715	-17,868
305,730	-16,884
305,745	-17,183
305,760	-17,211
305,775	-17,646
305,790	-18,391
305,805	-17,381
305,820	-17,154
305,835	-17,232
305,850	-17,180
305,865	-17,620
305,880	-18,596
305,895	-17,907
305,911	-18,522
305,925	-17,402
305,940	-17,601
305,955	-17,309
305,971	-17,167
305,986	-18,127
306,000	-18,116
306,015	-17,532
306,031	-17,460
306,046	-17,484
306,060	-18,354
306,075	-18,568
306,091	-18,181
306,106	-18,379
306,121	-17,585
306,136	-17,769
306,151	-17,963
306,166	-17,991
306,181	-18,626
306,196	-18,258
306,211	-17,765
306,226	-18,480
306,241	-17,712
306,256	-17,840
306,271	-18,751
306,286	-17,681
306,301	-18,968
306,316	-17,853
306,331	-17,796
306,346	-18,532
306,361	-18,019
306,376	-18,949
306,391	-18,120
306,406	-17,983
306,421	-18,357
306,436	-17,824
306,451	-17,958
306,466	-19,089
306,481	-18,290
306,496	-18,755
306,511	-18,181
306,526	-17,759
306,541	-18,404
306,556	-17,955
306,571	-18,726
306,586	-18,724
306,601	-17,840
306,616	-18,114
306,631	-18,042
306,646	-19,123
306,661	-19,317
306,676	-18,588
306,691	-19,504
306,706	-18,069
306,721	-18,082
306,736	-18,411
306,751	-19,001
306,753	-17,851
306,768	-17,909
306,783	-18,028
306,798	-18,618
306,813	-19,173
306,828	-18,680
306,843	-18,988
306,858	-18,375
306,873	-18,353
306,889	-18,913
306,903	-18,530
306,918	-19,782
306,933	-19,489
306,949	-18,580
306,964	-19,566
306,978	-19,023
306,993	-18,800
307,009	-19,856
307,024	-19,409
307,038	-19,703
307,053	-19,094
307,068	-19,218
307,084	-19,753
307,099	-19,280
307,114	-19,749
307,129	-19,888
307,144	-19,269
307,159	-20,060
307,174	-19,491
307,189	-19,876
307,204	-20,631
307,219	-19,486
307,234	-20,327
307,249	-19,889
307,264	-19,942
307,279	-20,542
307,294	-20,204
307,309	-20,278
307,324	-20,186
307,339	-20,204
307,354	-20,057
307,369	-20,256
307,384	-20,735
307,399	-21,335
307,414	-20,822
307,429	-21,547
307,444	-20,939
307,459	-20,361
307,474	-21,181
307,489	-21,370
307,504	-21,278
307,519	-21,437
307,534	-20,883
307,549	-20,912
307,564	-20,739
307,579	-22,107
307,594	-21,979
307,609	-21,070
307,624	-22,026
307,639	-21,352
307,654	-21,200
307,669	-21,770
307,684	-21,914
307,699	-21,581
307,714	-21,374
307,729	-21,327
307,744	-21,561
307,759	-21,469
307,774	-21,392
307,789	-22,147
307,804	-21,749
307,819	-21,612
307,834	-22,287
307,849	-21,879
307,864	-22,053
307,879	-22,859
307,894	-22,591
307,909	-22,569
307,924	-22,126
307,939	-22,215
307,954	-22,830
307,969	-22,366
307,984	-23,358
307,999	-22,880
308,014	-22,171
308,029	-23,062
308,044	-22,438
308,059	-23,359
308,074	-23,773
308,089	-22,573
308,104	-23,283
308,119	-22,810
308,134	-22,643
308,149	-23,479
308,164	-22,775
308,179	-23,641
308,194	-23,775
308,209	-22,800
308,224	-23,139
308,239	-23,508
308,254	-22,965
308,269	-24,483
308,284	-23,378
308,299	-24,193
308,314	-23,073
308,329	-23,317
308,344	-23,652
308,359	-23,264
308,374	-24,450
308,389	-24,278
308,404	-23,419
308,419	-23,522
308,434	-23,521
308,449	-23,680
308,464	-24,630
308,479	-23,460
308,494	-24,276
308,509	-23,687
308,524	-23,741
308,539	-24,471
308,554	-24,730
308,569	-24,257
308,584	-24,626
308,599	-23,837
308,614	-23,640
308,629	-23,739
308,644	-24,193
308,659	-25,069
308,674	-24,821
308,689	-25,070
308,704	-24,322
308,719	-24,546
308,734	-24,112
308,749	-24,943
308,764	-25,312
308,779	-24,644
308,794	-24,471
308,809	-24,339
308,824	-24,377
308,839	-24,245
308,854	-25,653
308,869	-25,270
308,884	-24,451
308,899	-24,760
308,914	-24,773
308,930	-25,062
308,945	-24,715
308,959	-25,295
308,974	-25,569
308,990	-24,950
309,005	-24,747
309,019	-25,352
309,034	-24,834
309,050	-25,805
309,065	-25,703
309,079	-25,190
309,094	-25,153
309,110	-25,162
309,125	-24,944
309,140	-26,076
309,155	-25,337
309,170	-25,836
309,185	-25,373
309,200	-25,321
309,215	-25,565
309,230	-25,799
309,245	-26,178
309,260	-26,006
309,275	-25,483
309,290	-26,048
309,305	-25,450
309,320	-25,844
309,335	-25,487
309,350	-25,680
309,365	-26,285
309,380	-25,907
309,395	-25,634
309,410	-26,230
309,425	-25,671
309,440	-26,853
309,455	-26,520
309,470	-25,786
309,485	-25,679
309,500	-26,049
309,515	-26,277
309,530	-26,878
309,545	-26,710
309,560	-26,929
309,575	-25,910
309,590	-25,938
309,605	-26,021
309,620	-26,847
309,635	-26,750
309,650	-26,126
309,665	-25,964
309,680	-26,243
309,695	-26,146
309,710	-25,668
309,725	-27,000
309,740	-27,144
309,755	-26,385
309,770	-26,488
309,785	-26,351
309,800	-26,319
309,815	-27,506
309,830	-27,083
309,845	-27,041
309,860	-26,332
309,875	-26,496
309,890	-26,540
309,905	-26,523
309,920	-27,334
309,935	-26,875
309,950	-26,723
309,965	-26,957
309,980	-26,660
309,995	-27,174
310,010	-27,328
310,025	-26,920
310,040	-26,557
310,055	-26,560
310,070	-26,889
310,085	-26,988
310,100	-27,127
310,115	-27,376
310,130	-27,073
310,145	-26,761
310,160	-26,729
310,175	-26,902
310,190	-27,397
310,205	-27,606
310,220	-27,243
310,235	-27,587
310,250	-26,939
310,265	-26,892
310,280	-27,481
310,295	-27,054
310,310	-27,629
310,325	-27,501
310,340	-27,289
310,355	-27,102
310,370	-27,115
310,385	-27,444
310,400	-28,235
310,415	-26,869
310,430	-27,970
310,445	-27,222
310,460	-27,285
310,475	-27,203
310,490	-27,061
310,505	-27,832
310,520	-27,970
310,535	-27,051
310,550	-27,149
310,565	-27,218
310,580	-27,372
310,595	-28,277
310,610	-27,468
310,625	-28,645
310,640	-27,650
310,655	-27,453
310,670	-28,098
310,685	-28,738
310,700	-27,864
310,715	-28,268
310,730	-27,284
310,745	-27,583
310,760	-27,611
310,775	-28,046
310,790	-28,791
310,805	-27,781
310,820	-27,554
310,835	-27,632
310,850	-27,580
310,865	-28,020
310,880	-28,996
310,895	-28,307
310,911	-28,922
310,925	-27,802
310,940	-28,001
310,955	-27,709
310,971	-27,567
310,986	-28,527
311,000	-28,516
311,015	-27,932
311,031	-27,860
311,046	-27,884
311,060	-28,754
311,075	-28,968
311,091	-28,581
311,106	-28,779
311,121	-27,985
311,136	-28,169
311,151	-28,363
311,166	-28,391
311,181	-29,026
311,196	-28,658
311,211	-28,165
311,226	-28,880
311,241	-28,112
311,256	-28,240
311,271	-29,151
311,286	-28,081
311,301	-29,368
311,316	-28,253
311,331	-28,196
311,346	-28,932
311,361	-28,419
311,376	-29,349
311,391	-28,520
311,406	-28,383
311,421	-28,757
311,436	-28,224
311,451	-28,358
311,466	-29,489
311,481	-28,690
311,496	-29,155
311,511	-28,581
311,526	-28,159
311,541	-28,804
311,556	-28,355
311,571	-29,126
311,586	-29,124
311,601	-28,240
311,616	-28,514
311,631	-28,442
311,646	-29,523
311,661	-29,717
311,676	-28,988
311,691	-29,904
311,706	-28,469
311,721	-28,482
311,736	-28,811
311,751	-29,401
311,766	-29,344
311,781	-29,377
311,796	-28,693
311,811	-28,762
311,826	-28,926
311,841	-29,621
311,856	-29,690
311,871	-29,026
311,886	-28,568
311,901	-28,817
311,916	-28,665
311,931	-29,014
311,946	-29,087
311,961	-29,351
311,976	-28,688
311,991	-28,892
312,006	-29,236
312,021	-29,580
312,036	-28,560
312,051	-29,922
312,066	-28,823
312,081	-28,756
312,096	-28,819
312,111	-28,757
312,126	-29,482
312,141	-29,711
312,156	-29,343
312,171	-29,517
312,186	-29,009
312,201	-28,962
312,216	-29,607
312,231	-29,089
312,246	-29,955
312,261	-29,552
312,276	-28,888
312,291	-28,921
312,306	-28,905
312,321	-29,349
312,336	-30,119
312,351	-29,225
312,366	-29,710
312,381	-28,966
312,396	-29,185
312,411	-29,128
312,426	-29,091
312,441	-29,566
312,456	-29,248
312,471	-29,297
312,486	-29,581
312,501	-28,917
312,516	-29,632
312,531	-30,037
312,546	-29,087
312,561	-29,883
312,576	-29,334
312,591	-29,062
312,606	-29,817
312,621	-29,961
312,636	-29,734
312,651	-30,028
312,666	-29,314
312,681	-29,076
312,696	-29,180
312,711	-29,469
312,726	-30,044
312,741	-29,666
312,756	-30,447
312,771	-29,377
312,786	-29,260
312,801	-29,594
312,816	-29,883
312,831	-29,766
312,846	-30,306
312,861	-29,326
312,876	-29,354
312,891	-29,237
312,906	-29,050
312,921	-29,791
312,937	-29,704
312,952	-29,175
312,966	-29,309
312,981	-29,137
312,997	-29,706
313,012	-29,730
313,026	-29,763
313,041	-30,253
313,057	-29,323
313,072	-29,236
313,087	-30,037
313,102	-29,338
313,116	-30,073
313,132	-29,274
313,147	-29,273
313,162	-29,717
313,177	-29,294
313,192	-29,674
313,207	-30,314
313,222	-29,374
313,237	-29,859
313,252	-29,355
313,267	-29,253
313,282	-29,493
313,297	-29,531
313,312	-30,196
313,327	-29,828
313,342	-29,150
313,357	-29,283
313,372	-29,151
313,387	-28,919
313,402	-29,534
313,417	-29,447
313,432	-29,941
313,447	-29,163
313,462	-29,136
313,477	-30,061
313,492	-29,634
313,507	-29,687
313,522	-29,445
313,537	-29,352
313,552	-28,984
313,567	-29,304
313,582	-29,743
313,597	-29,897
313,612	-29,309
313,627	-30,034
313,642	-29,310
313,657	-29,173
313,672	-30,089
313,687	-30,172
313,702	-30,040
313,717	-29,828
313,732	-29,410
313,747	-28,937
313,762	-29,046
313,777	-28,838
313,792	-30,135
313,807	-29,111
313,822	-30,112
313,837	-28,936
313,852	-28,729
313,867	-29,976
313,882	-29,608
313,897	-29,385
313,912	-29,604
313,927	-29,192
313,942	-28,819
313,957	-28,862
313,972	-29,036
313,987	-29,761
314,002	-29,203
314,017	-28,625
314,032	-28,708
314,047	-28,787
314,062	-29,316
314,077	-29,234
314,092	-29,538
314,107	-29,366
314,122	-28,507
314,137	-28,310
314,152	-28,885
314,167	-28,562
314,182	-29,252
314,197	-28,348
314,212	-28,251
314,227	-28,264
314,242	-28,413
314,257	-28,702
314,272	-29,296
314,287	-28,392
314,302	-29,048
314,317	-28,344
314,332	-28,117
314,347	-28,416
314,362	-28,349
314,377	-28,818
314,392	-28,491
314,407	-28,003
314,422	-27,916
314,437	-27,969
314,452	-28,403
314,467	-28,853
314,482	-27,487
314,497	-28,313
314,512	-27,664
314,527	-27,698
314,542	-28,503
314,557	-27,488
314,572	-28,088
314,587	-28,036
314,602	-27,413
314,617	-27,481
314,632	-27,399
314,647	-27,468
314,662	-28,213
314,677	-27,770
314,692	-27,703
314,707	-27,280
314,722	-27,018
314,737	-27,437
314,752	-27,967
314,767	-27,178
314,782	-27,447
314,797	-26,809
314,812	-26,436
314,827	-26,444
314,842	-26,648
314,857	-26,967
314,872	-26,740
314,887	-26,407
314,902	-26,140
314,917	-26,368
314,933	-26,567
314,947	-27,072
314,962	-26,754
314,978	-26,682
314,993	-25,953
315,007	-25,831
315,022	-26,105
315,038	-25,843
315,053	-26,538
315,067	-26,521
315,083	-25,743
315,098	-25,666
315,113	-25,604
315,128	-25,787
315,143	-26,162
315,158	-25,849
315,173	-26,274
315,188	-25,083
315,203	-25,397
315,218	-26,032
315,233	-25,253
315,248	-26,390
315,263	-25,350
315,278	-25,123
315,293	-25,156
315,308	-24,859
315,323	-25,474
315,338	-25,367
315,353	-25,129
315,368	-25,368
315,383	-24,674
315,398	-24,572
315,413	-25,172
315,428	-24,409
315,443	-24,943
315,458	-25,222
315,473	-24,614
315,488	-24,396
315,503	-24,304
315,518	-25,060
315,533	-24,978
315,548	-24,314
315,563	-25,230
315,578	-24,005
315,593	-24,144
315,608	-24,498
315,623	-24,130
315,638	-25,116
315,653	-24,432
315,668	-23,934
315,683	-24,454
315,698	-23,956
315,713	-24,290
315,728	-25,081
315,743	-24,096
315,758	-24,982
315,773	-24,017
315,788	-23,930
315,803	-24,530
315,818	-24,528
315,833	-24,792
315,848	-24,550
315,863	-23,821
315,878	-24,100
315,893	-23,728
315,908	-24,453
315,923	-24,606
315,938	-23,938
315,953	-24,086
315,968	-24,130
315,983	-23,797
315,998	-24,442
316,013	-24,827
316,028	-24,499
316,043	-24,823
316,058	-24,089
316,073	-23,962
316,088	-23,986
316,103	-24,500
316,118	-25,471
316,133	-24,281
316,148	-24,249
316,163	-24,644
316,178	-24,381
316,193	-25,537
316,208	-25,716
316,223	-25,599
316,238	-25,623
316,253	-24,608
316,268	-24,797
316,283	-25,301
316,298	-24,904
316,313	-25,699
316,328	-25,682
316,343	-24,873
316,358	-25,197
316,373	-25,306
316,388	-25,760
316,403	-26,340
316,418	-25,672
316,433	-26,201
316,448	-25,618
316,463	-25,752
316,478	-26,658
316,493	-25,783
316,508	-26,679
316,523	-25,760
316,538	-26,009
316,553	-26,218
316,568	-25,990
316,583	-26,439
316,598	-26,989
316,613	-26,541
316,628	-26,931
316,643	-26,613
316,658	-26,606
316,673	-27,637
316,688	-26,668
316,703	-27,995
316,718	-27,497
316,733	-26,693
316,748	-26,942
316,763	-26,789
316,778	-27,405
316,793	-28,391
316,808	-27,125
316,823	-27,981
316,838	-27,523
316,853	-27,561
316,868	-28,046
316,884	-28,440
316,898	-28,890
316,913	-27,690
316,928	-27,472
316,943	-27,801
316,959	-27,669
316,974	-28,344
316,988	-29,030
317,003	-27,915
317,019	-28,239
317,034	-28,317
317,048	-28,145
317,063	-28,900
317,079	-29,104
317,094	-28,912
317,109	-29,091
317,124	-28,573
317,139	-28,430
317,154	-29,366
317,169	-29,169
317,184	-29,623
317,199	-28,844
317,214	-28,677
317,229	-28,947
317,244	-28,554
317,259	-29,399
317,274	-30,310
317,289	-29,927
317,304	-29,790
317,319	-29,237
317,334	-29,140
317,349	-30,146
317,364	-29,282
317,379	-29,952
317,394	-30,010
317,409	-29,377
317,424	-29,831
317,439	-29,508
317,454	-29,893
317,469	-30,332
317,484	-29,864
317,499	-30,655
317,514	-29,560
317,529	-30,180
317,544	-30,168
317,559	-29,755
317,574	-30,801
317,589	-29,972
317,604	-30,031
317,619	-30,024
317,634	-29,992
317,649	-30,386
317,664	-30,997
317,679	-30,122
317,694	-30,847
317,709	-30,159
317,724	-30,453
317,739	-30,857
317,754	-31,522
317,769	-31,530
317,784	-30,345
317,799	-30,584
317,814	-30,583
317,829	-30,666
317,844	-31,116
317,859	-31,656
317,874	-30,631
317,889	-31,296
317,904	-30,743
317,919	-30,766
317,934	-31,632
317,949	-31,705
317,964	-31,307
317,979	-31,476
317,994	-30,837
318,009	-30,901
318,024	-30,909
318,039	-30,616
318,054	-31,743
318,069	-31,059
318,084	-30,747
318,099	-30,856
318,114	-31,219
318,129	-31,333
318,144	-31,642
318,159	-31,906
318,174	-31,739
318,189	-31,035
318,204	-31,124
318,219	-31,769
318,234	-31,527
318,249	-32,297
318,264	-31,453
318,279	-31,366
318,294	-31,399
318,309	-31,222
318,324	-31,962
318,339	-32,276
318,354	-31,312
318,369	-32,153
318,384	-31,278
318,399	-32,335
318,414	-31,947
318,429	-31,905
318,444	-32,424
318,459	-31,801
318,474	-31,514
318,489	-31,366
318,504	-31,430
318,519	-32,270
318,534	-32,790
318,549	-31,409
318,564	-32,029
318,579	-31,687
318,594	-31,545
318,609	-32,576
318,624	-31,651
318,639	-32,577
318,654	-31,743
318,669	-31,416
318,684	-32,025
318,699	-31,763
318,714	-32,112
318,729	-32,712
318,744	-31,692
318,759	-32,628
318,774	-31,659
318,789	-32,078
318,804	-32,167
318,819	-32,315
318,834	-32,745
318,849	-32,036
318,864	-31,738
318,879	-31,993
318,894	-31,770
318,909	-32,917
318,925	-32,744
318,940	-32,101
318,954	-33,247
318,969	-31,787
318,985	-31,724
319,000	-32,345
319,014	-32,383
319,029	-32,923
319,045	-32,500
319,060	-31,746
319,075	-31,924
319,089	-31,512
319,105	-32,322
319,120	-32,451
319,135	-31,873
319,150	-31,816
319,165	-31,799
319,180	-31,952
319,195	-32,292
319,210	-32,967
319,225	-32,454
319,240	-32,357
319,255	-31,668
319,270	-31,766
319,285	-32,702
319,300	-32,550
319,315	-32,834
319,330	-32,732
319,345	-31,627
319,360	-31,831
319,375	-32,110
319,390	-32,409
319,405	-32,713
319,420	-31,849
319,435	-32,730
319,450	-31,740
319,465	-31,999
319,480	-32,715
319,495	-32,211
319,510	-32,601
319,525	-32,273
319,540	-31,895
319,555	-32,139
319,570	-31,822
319,585	-32,903
319,600	-32,676
319,615	-31,922
319,630	-32,401
319,645	-31,687
319,660	-31,876
319,675	-32,160
319,690	-31,622
319,705	-32,794
319,720	-31,834
319,735	-31,542
319,750	-31,715
319,765	-31,628
319,780	-31,963
319,795	-31,555
319,810	-31,964
319,825	-32,514
319,840	-31,584
319,855	-31,568
319,870	-32,569
319,885	-32,241
319,900	-32,445
319,915	-31,781
319,930	-31,534
319,945	-31,647
319,960	-31,425
319,975	-32,476
319,990	-32,620
320,005	-31,686
320,020	-31,358
320,035	-31,592
320,050	-31,339
320,065	-31,954
320,080	-31,747
320,095	-32,237
320,110	-31,528
320,125	-31,170
320,140	-31,133
320,155	-31,062
320,170	-31,295
320,185	-31,850
320,200	-31,643
320,215	-31,039
320,230	-30,917
320,245	-31,006
320,260	-31,270
320,275	-32,055
320,290	-32,043
320,305	-31,285
320,320	-30,661
320,335	-30,549
320,350	-31,229
320,365	-30,556
320,380	-30,644
320,395	-30,838
320,410	-30,139
320,425	-30,483
320,440	-30,923
320,455	-30,976
320,470	-30,939
320,485	-30,361
320,500	-30,780
320,515	-30,037
320,530	-29,769
320,545	-30,625
320,560	-29,766
320,575	-30,822
320,590	-30,098
320,605	-29,590
320,620	-29,433
320,635	-29,150
320,650	-29,635
320,665	-30,465
320,680	-29,009
320,695	-29,770
320,710	-28,916
320,725	-28,808
320,740	-29,163
320,755	-28,910
320,770	-29,561
320,785	-28,546
320,800	-28,935
320,815	-28,151
320,830	-28,014
320,845	-28,228
320,860	-29,064
320,875	-27,984
320,890	-28,704
320,906	-27,625
320,921	-27,362
320,935	-28,097
320,950	-28,206
320,966	-27,642
320,981	-27,906
320,995	-26,782
321,010	-26,660
321,026	-26,382
321,041	-26,285
321,055	-26,383
321,070	-26,101
321,086	-25,402
321,101	-25,436
321,116	-25,610
321,131	-25,593
321,146	-24,382
321,161	-25,228
321,176	-24,033
321,191	-22,738
321,206	-22,355
321,221	-21,536
321,236	-20,892
321,251	-20,574
321,266	-18,973
321,281	-17,046
321,296	-15,500
321,311	-13,588
321,326	-11,907
321,341	-9,493
321,356	-6,478
321,371	-3,027
321,386	1,237
321,401	5,290
321,416	9,052
321,431	13,667
321,446	17,930
321,461	23,708
321,476	29,651
321,491	35,419
321,506	41,037
321,521	46,729
321,536	52,557
321,551	59,278
321,566	64,629
321,581	71,736
321,596	77,719
321,611	83,196
321,626	89,069
321,641	94,341
321,656	100,650
321,671	105,856
321,686	110,351
321,701	115,391
321,716	118,893
321,731	122,806
321,746	126,503
321,761	128,971
321,776	131,866
321,791	133,943
321,806	135,033
321,821	136,459
321,836	136,431
321,851	137,340
321,866	138,039
321,881	137,945
321,896	137,235
321,911	135,788
321,926	134,220
321,941	132,833
321,956	130,473
321,971	128,785
321,986	126,044
322,001	122,195
322,016	118,537
322,031	114,442
322,046	111,205
322,061	106,995
322,076	102,665
322,091	98,094
322,106	93,443
322,121	88,039
322,136	84,205
322,151	80,702
322,166	76,377
322,181	71,961
322,196	67,596
322,211	63,907
322,226	59,823
322,241	56,611
322,256	53,499
322,271	50,272
322,286	46,217
322,301	43,571
322,316	39,858
322,331	38,150
322,346	35,198
322,361	32,613
322,376	29,867
322,391	27,091
322,406	24,380
322,421	22,246
322,436	20,187
322,451	18,725
322,466	16,721
322,481	14,181
322,496	13,074
322,511	10,413
322,526	9,107
322,541	8,041
322,556	6,252
322,571	4,890
322,586	2,896
322,601	1,449
322,616	0,634
322,631	-1,220
322,646	-1,870
322,661	-3,302
322,676	-5,196
322,691	-5,505
322,706	-7,399
322,721	-8,254
322,736	-8,257
322,751	-9,810
322,766	-10,184
322,781	-11,792
322,796	-12,678
322,811	-13,087
322,826	-14,203
322,841	-14,116
322,856	-14,847
322,871	-16,248
322,886	-16,813
322,901	-17,664
322,916	-18,063
322,932	-18,227
322,947	-18,857
322,962	-19,136
322,976	-20,092
322,991	-20,928
323,007	-20,731
323,022	-21,787
323,036	-21,654
323,051	-22,059
323,067	-23,040
323,082	-23,890
323,097	-24,250
323,111	-23,807
323,127	-23,745
323,142	-24,465
323,157	-24,714
323,172	-25,469
323,187	-25,939
323,202	-25,611
323,217	-25,504
323,232	-25,989
323,247	-26,273
323,262	-27,545
323,277	-27,658
323,292	-27,641
323,307	-27,304
323,322	-27,558
323,337	-27,786
323,352	-28,827
323,367	-27,998
323,382	-28,824
323,397	-28,366
323,412	-28,515
323,427	-28,939
323,442	-29,028
323,457	-29,512
323,472	-30,097
323,487	-29,233
323,502	-29,984
323,517	-29,641
323,532	-29,729
323,547	-30,931
323,562	-30,453
323,577	-30,727
323,592	-30,524
323,607	-30,397
323,622	-30,496
323,637	-30,354
323,652	-30,933
323,667	-31,904
323,682	-30,689
323,697	-31,811
323,712	-30,831
323,727	-30,965
323,742	-32,161
323,757	-31,137
323,772	-31,692
323,787	-31,329
323,802	-31,107
323,817	-31,651
323,832	-31,314
323,847	-31,954
323,862	-32,178
323,877	-31,464
323,892	-32,189
323,907	-31,526
323,922	-32,040
323,937	-32,585
323,952	-31,776
323,967	-32,857
323,982	-32,309
323,997	-31,866
324,012	-32,501
324,027	-32,299
324,042	-32,272
324,057	-32,927
324,072	-32,153
324,087	-33,089
324,102	-32,511
324,117	-32,408
324,132	-33,545
324,147	-32,952
324,162	-33,321
324,177	-33,254
324,192	-32,480
324,207	-32,844
324,222	-32,592
324,237	-33,563
324,252	-33,536
324,267	-32,998
324,282	-32,585
324,297	-32,658
324,312	-32,747
324,327	-33,562
324,342	-33,691
324,357	-33,669
324,372	-33,602
324,387	-32,974
324,402	-33,378
324,417	-33,597
324,432	-33,064
324,447	-33,754
324,462	-33,140
324,477	-32,913
324,492	-33,192
324,507	-33,386
324,522	-33,675
324,537	-33,302
324,552	-33,029
324,567	-33,564
324,582	-33,217
324,597	-34,207
324,612	-34,096
324,627	-33,487
324,642	-34,283
324,657	-33,734
324,672	-33,342
324,687	-33,435
324,702	-33,348
324,717	-33,953
324,732	-34,342
324,747	-33,769
324,762	-34,288
324,777	-33,369
324,792	-33,879
324,807	-34,063
324,822	-33,745
324,837	-34,345
324,852	-33,481
324,867	-33,534
324,882	-34,114
324,897	-33,491
324,912	-34,065
324,928	-34,520
324,942	-33,781
324,957	-34,221
324,973	-33,617
324,988	-33,811
325,002	-34,837
325,017	-34,214
325,033	-34,623
325,048	-34,185
325,062	-33,988
325,077	-34,789
325,093	-33,984
325,108	-34,063
325,123	-33,916
325,138	-33,894
325,153	-33,822
325,168	-33,875
325,183	-33,914
325,198	-34,278
325,213	-34,813
325,228	-34,681
325,243	-34,473
325,258	-33,925
325,273	-34,134
325,288	-33,922
325,303	-34,737
325,318	-34,756
325,333	-34,032
325,348	-34,085
325,363	-33,848
325,378	-33,781
325,393	-34,541
325,408	-34,469
325,423	-34,617
325,438	-34,465
325,453	-33,832
325,468	-33,880
325,483	-34,891
325,498	-34,263
325,513	-35,109
325,528	-34,129
325,543	-33,856
325,558	-33,800
325,573	-33,823
325,588	-34,333
325,603	-33,940
325,618	-33,848
325,633	-34,738
325,648	-34,050
325,663	-33,913
325,678	-34,763
325,693	-34,351
325,708	-35,151
325,723	-34,362
325,738	-33,884
325,753	-34,654
325,768	-33,855
325,783	-34,465
325,798	-34,714
325,813	-33,960
325,828	-34,650
325,843	-33,967
325,858	-34,311
325,873	-34,625
325,888	-33,977
325,903	-34,857
325,918	-34,620
325,933	-34,297
325,948	-34,456
325,963	-33,748
325,978	-35,029
325,993	-34,611
326,008	-34,043
326,023	-34,477
326,038	-33,858
326,053	-34,107
326,068	-34,918
326,083	-34,741
326,098	-35,276
326,113	-34,126
326,128	-33,959
326,143	-34,313
326,158	-33,970
326,173	-34,028
326,188	-34,543
326,203	-34,055
326,218	-34,184
326,233	-33,901
326,248	-34,025
326,263	-34,755
326,278	-34,869
326,293	-34,852
326,308	-34,504
326,323	-33,851
326,338	-34,471
326,353	-34,143
326,368	-34,913
326,383	-34,661
326,398	-33,872
326,413	-33,910
326,428	-34,139
326,443	-34,814
326,458	-34,461
326,473	-34,756
326,488	-35,035
326,503	-33,875
326,518	-33,888
326,533	-33,786
326,548	-34,958
326,563	-34,329
326,578	-34,999
326,593	-34,280
326,608	-34,003
326,623	-33,710
326,638	-33,909
326,653	-34,845
326,668	-34,753
326,683	-33,783
326,698	-34,785
326,713	-33,865
326,728	-34,024
326,743	-34,955
326,758	-34,226
326,773	-34,560
326,788	-34,273
326,803	-33,805
326,818	-34,620
326,833	-34,047
326,848	-35,023
326,863	-34,665
326,878	-33,926
326,893	-34,566
326,908	-33,863
326,923	-34,382
326,938	-35,128
326,954	-34,359
326,969	-35,159
326,983	-33,728
326,998	-33,952
327,014	-34,442
327,029	-33,879
327,043	-34,173
327,058	-34,477
327,074	-33,924
327,089	-34,523
327,103	-34,176
327,119	-33,983
327,134	-34,408
327,149	-34,386
327,164	-34,996
327,179	-34,422
327,194	-34,000
327,209	-34,660
327,224	-33,866
327,239	-34,094
327,254	-34,479
327,269	-34,051
327,284	-34,385
327,299	-33,797
327,314	-33,710
327,329	-34,430
327,344	-35,075
327,359	-34,667
327,374	-33,984
327,389	-33,811
327,404	-33,880
327,419	-34,700
327,434	-34,207
327,449	-34,867
327,464	-33,722
327,479	-33,806
327,494	-33,543
327,509	-33,637
327,524	-34,778
327,539	-34,365
327,554	-34,815
327,569	-34,262
327,584	-33,598
327,599	-34,614
327,614	-34,623
327,629	-33,517
327,644	-34,930
327,659	-34,040
327,674	-33,502
327,689	-33,601
327,704	-33,444
327,719	-34,194
327,734	-33,565
327,749	-33,523
327,764	-33,933
327,779	-33,716
327,794	-34,205
327,809	-34,805
327,824	-33,926
327,839	-34,722
327,854	-33,652
327,869	-34,598
327,884	-33,894
327,899	-33,566
327,914	-34,106
327,929	-34,270
327,944	-33,476
327,959	-34,311
327,974	-33,622
327,989	-33,626
328,004	-34,030
328,019	-34,264
328,034	-34,684
328,049	-33,739
328,064	-33,437
328,079	-33,906
328,094	-33,388
328,109	-34,399
328,124	-34,086
328,139	-33,468
328,154	-34,018
328,169	-33,379
328,184	-34,250
328,199	-34,730
328,214	-33,925
328,229	-34,485
328,244	-33,997
328,259	-33,244
328,274	-34,380
328,289	-33,531
328,304	-33,544
328,319	-34,069
328,334	-33,616
328,349	-33,433
328,364	-33,336
328,379	-33,339
328,394	-34,055
328,409	-33,908
328,424	-34,327
328,439	-33,097
328,454	-33,396
328,469	-33,951
328,484	-34,280
328,499	-33,887
328,514	-34,126
328,529	-33,157
328,544	-33,270
328,559	-33,283
328,574	-33,497
328,589	-33,721
328,604	-34,095
328,619	-33,111
328,634	-33,490
328,649	-33,213
328,664	-33,286
328,679	-34,187
328,694	-33,233
328,709	-33,547
328,724	-33,370
328,739	-33,944
328,754	-33,436
328,769	-33,254
328,784	-33,789
328,799	-33,937
328,814	-33,329
328,829	-33,588
328,844	-33,391
328,859	-33,058
328,875	-33,864
328,889	-33,701
328,904	-34,371
328,920	-33,512
328,935	-33,240
328,950	-33,619
328,964	-33,266
328,979	-34,282
328,995	-34,035
329,010	-33,151
329,024	-33,826
329,039	-33,398
329,055	-33,065
329,070	-34,232
329,084	-33,368
329,099	-34,073
329,115	-33,354
329,130	-33,142
329,145	-33,546
329,160	-33,028
329,175	-33,833
329,190	-33,501
329,205	-33,178
329,220	-33,091
329,235	-32,959
329,250	-32,927
329,265	-33,697
329,280	-33,696
329,295	-33,834
329,310	-33,056
329,325	-32,793
329,340	-33,674
329,355	-32,880
329,370	-33,445
329,385	-33,964
329,400	-32,784
329,415	-32,858
329,430	-32,731
329,445	-32,729
329,460	-33,449
329,475	-33,482
329,490	-33,942
329,505	-32,912
329,520	-32,775
329,535	-33,305
329,550	-33,745
329,565	-33,096
329,580	-33,465
329,595	-32,646
329,610	-32,730
329,625	-32,647
329,640	-32,902
329,655	-33,426
329,670	-33,560
329,685	-32,746
329,700	-33,165
329,715	-32,702
329,730	-33,011
329,745	-33,842
329,760	-32,747
329,775	-32,996
329,790	-32,774
329,805	-32,596
329,820	-32,514
329,835	-33,631
329,850	-33,168
329,865	-33,252
329,880	-32,503
329,895	-33,158
329,910	-32,514
329,925	-32,828
329,940	-33,298
329,955	-32,559
329,970	-33,139
329,985	-32,641
330,000	-32,464
