285,000	36,207
285,015	36,763
285,030	37,530
285,045	36,628
285,060	37,003
285,075	36,366
285,090	35,644
285,105	36,621
285,120	35,748
285,135	36,224
285,150	36,169
285,165	35,517
285,180	35,556
285,195	34,959
285,210	35,786
285,225	35,550
285,240	34,938
285,255	34,983
285,270	33,739
285,285	34,952
285,300	34,902
285,315	34,064
285,330	34,304
285,345	34,304
285,360	32,910
285,375	33,506
285,390	32,704
285,405	33,551
285,420	33,250
285,435	33,254
285,450	33,324
285,465	32,486
285,480	32,822
285,495	33,178
285,510	32,911
285,525	32,580
285,540	32,454
285,555	31,401
285,570	31,797
285,585	31,436
285,600	32,032
285,615	32,012
285,630	31,911
285,645	30,592
285,660	31,303
285,675	30,681
285,690	31,117
285,705	31,317
285,720	31,262
285,735	29,983
285,750	29,767
285,765	30,143
285,780	30,709
285,795	30,117
285,810	30,343
285,825	29,786
285,840	29,249
285,855	29,559
285,870	29,293
285,885	29,844
285,901	29,844
285,916	29,623
285,930	29,387
285,945	28,364
285,961	28,724
285,976	29,060
285,990	28,368
286,005	28,899
286,021	27,820
286,036	27,559
286,050	27,940
286,065	27,378
286,080	28,446
286,096	28,074
286,111	27,497
286,125	27,843
286,141	26,850
286,156	27,456
286,171	27,787
286,186	27,079
286,201	27,500
286,216	27,254
286,231	26,367
286,246	26,858
286,261	26,496
286,276	26,766
286,291	26,811
286,306	26,029
286,321	26,324
286,336	25,261
286,351	25,722
286,366	26,243
286,381	26,248
286,396	26,027
286,411	25,244
286,426	24,678
286,441	25,464
286,456	24,707
286,471	25,358
286,486	25,668
286,501	24,750
286,516	25,272
286,531	24,329
286,546	24,484
286,561	25,181
286,576	24,829
286,591	24,678
286,606	24,768
286,621	23,876
286,636	23,775
286,651	23,478
286,666	24,290
286,681	24,315
286,696	23,969
286,711	23,562
286,726	23,191
286,741	23,115
286,756	24,043
286,771	23,661
286,786	23,566
286,801	22,934
286,816	22,332
286,831	22,943
286,846	23,179
286,861	23,188
286,876	23,112
286,891	22,761
286,906	21,718
286,921	22,144
286,936	21,928
286,951	22,529
286,966	22,644
286,981	22,318
286,996	22,287
287,011	21,164
287,026	22,141
287,041	22,040
287,056	21,694
287,071	21,955
287,086	21,448
287,101	20,645
287,116	20,816
287,131	21,372
287,146	21,206
287,161	21,291
287,176	21,005
287,191	21,320
287,206	20,467
287,221	20,482
287,236	21,003
287,251	20,657
287,266	20,742
287,281	20,055
287,296	20,125
287,311	20,155
287,326	19,713
287,341	20,354
287,356	20,188
287,371	19,692
287,386	20,082
287,401	19,671
287,416	19,169
287,431	19,951
287,446	19,915
287,461	19,780
287,476	19,799
287,491	18,646
287,506	18,987
287,521	18,389
287,536	19,241
287,551	19,382
287,566	18,524
287,581	19,176
287,596	18,654
287,611	18,167
287,626	19,204
287,641	18,632
287,656	18,807
287,671	18,040
287,686	17,533
287,701	18,526
287,716	17,567
287,731	18,334
287,746	18,344
287,761	17,652
287,776	17,145
287,791	17,420
287,806	17,440
287,821	18,126
287,836	17,941
287,851	18,141
287,866	17,589
287,881	16,441
287,897	17,523
287,911	17,483
287,926	17,382
287,942	17,337
287,957	17,101
287,971	17,105
287,986	16,799
288,002	16,473
288,017	17,305
288,031	17,009
288,046	15,855
288,062	16,978
288,077	15,840
288,092	16,000
288,107	16,591
288,122	16,671
288,137	16,440
288,152	16,319
288,167	15,506
288,182	16,103
288,197	15,285
288,212	16,167
288,227	16,127
288,242	15,490
288,257	15,900
288,272	15,163
288,287	15,178
288,302	15,774
288,317	15,829
288,332	15,593
288,347	15,026
288,362	15,447
288,377	15,090
288,392	14,709
288,407	15,440
288,422	15,185
288,437	14,061
288,452	15,054
288,467	14,446
288,482	14,832
288,497	15,128
288,512	15,027
288,527	14,932
288,542	15,137
288,557	13,632
288,572	14,274
288,587	13,782
288,602	14,529
288,617	14,634
288,632	13,706
288,647	13,660
288,662	13,404
288,677	13,519
288,692	14,396
288,707	14,421
288,722	14,100
288,737	14,104
288,752	13,522
288,767	13,778
288,782	13,176
288,797	13,862
288,812	13,736
288,827	13,360
288,842	12,943
288,857	13,430
288,872	12,748
288,887	13,760
288,902	13,549
288,917	13,684
288,932	13,603
288,947	12,400
288,962	13,412
288,977	13,487
288,992	12,990
289,007	13,261
289,022	12,513
289,037	12,027
289,052	12,447
289,067	12,417
289,082	13,194
289,097	13,088
289,112	12,486
289,127	12,857
289,142	11,844
289,157	12,315
289,172	12,926
289,187	12,539
289,202	12,599
289,217	12,148
289,232	11,827
289,247	11,886
289,262	11,681
289,277	12,678
289,292	12,673
289,307	11,118
289,322	12,241
289,337	11,558
289,352	11,728
289,367	12,104
289,382	11,773
289,397	12,184
289,412	12,133
289,427	11,290
289,442	11,420
289,457	11,465
289,472	11,906
289,487	11,981
289,502	11,058
289,517	11,709
289,532	11,253
289,547	10,992
289,562	11,764
289,577	11,528
289,592	11,768
289,607	11,181
289,622	10,519
289,637	11,000
289,652	10,739
289,667	11,400
289,682	11,465
289,697	11,189
289,712	11,218
289,727	10,872
289,742	11,253
289,757	11,238
289,772	10,741
289,787	11,232
289,802	11,041
289,817	10,148
289,832	10,263
289,847	9,887
289,862	10,954
289,877	10,844
289,892	10,663
289,907	9,800
289,923	10,266
289,937	10,421
289,952	10,767
289,967	9,658
289,983	10,510
289,998	10,666
290,012	9,582
290,027	10,219
290,043	10,574
290,058	10,268
290,072	10,438
290,088	9,776
290,103	10,097
290,118	9,153
290,133	9,584
290,148	10,216
290,163	9,935
290,178	9,343
290,193	10,551
290,208	9,231
290,223	9,773
290,238	9,968
290,253	9,622
290,268	10,148
290,283	9,716
290,298	8,793
290,313	9,941
290,328	8,693
290,343	9,635
290,358	9,534
290,373	9,138
290,388	9,829
290,403	8,876
290,418	9,277
290,433	9,823
290,448	9,422
290,463	10,028
290,478	9,270
290,493	8,513
290,508	9,114
290,523	8,628
290,538	9,485
290,553	9,811
290,568	9,349
290,583	9,459
290,598	8,942
290,613	8,671
290,628	9,488
290,643	9,041
290,658	9,517
290,673	8,749
290,688	8,498
290,703	9,376
290,718	8,488
290,733	9,355
290,748	9,405
290,763	7,985
290,778	8,391
290,793	8,446
290,808	7,809
290,823	9,227
290,838	9,187
290,853	8,936
290,868	8,263
290,883	8,143
290,898	8,564
290,913	8,804
290,928	8,959
290,943	8,778
290,958	8,442
290,973	7,589
290,988	8,401
291,003	8,356
291,018	8,947
291,033	8,791
291,048	8,661
291,063	8,640
291,078	7,687
291,093	8,474
291,108	8,729
291,123	8,443
291,138	8,598
291,153	8,197
291,168	7,515
291,183	7,524
291,198	7,790
291,213	8,727
291,228	8,501
291,243	7,829
291,258	8,325
291,273	7,848
291,288	7,762
291,303	8,565
291,318	7,807
291,333	8,293
291,348	7,782
291,363	7,139
291,378	7,976
291,393	7,645
291,408	8,010
291,423	8,070
291,438	7,558
291,453	8,210
291,468	7,352
291,483	7,743
291,498	8,094
291,513	7,893
291,528	7,957
291,543	7,812
291,558	7,084
291,573	7,876
291,588	7,059
291,603	7,675
291,618	7,715
291,633	7,098
291,648	7,819
291,663	7,197
291,678	7,889
291,693	7,823
291,708	7,362
291,723	7,738
291,738	7,521
291,753	6,433
291,768	7,400
291,783	6,898
291,798	7,535
291,813	7,560
291,828	6,251
291,843	6,361
291,858	6,656
291,873	6,766
291,889	7,267
291,903	7,528
291,918	7,472
291,933	7,291
291,949	6,183
291,964	7,160
291,978	7,365
291,993	7,064
292,009	7,084
292,024	7,414
292,038	6,757
292,053	6,647
292,068	6,697
292,084	7,047
292,099	7,112
292,114	7,147
292,129	6,309
292,144	5,777
292,159	6,559
292,174	7,080
292,189	6,990
292,204	7,130
292,219	6,763
292,234	6,136
292,249	6,055
292,251	5,845
292,266	5,460
292,281	6,123
292,296	6,420
292,311	5,794
292,326	6,096
292,341	5,485
292,356	5,491
292,371	5,924
292,386	5,157
292,401	5,880
292,416	5,345
292,431	4,608
292,446	5,066
292,461	4,385
292,476	5,208
292,491	5,535
292,506	5,210
292,521	5,311
292,536	4,886
292,551	4,436
292,566	5,334
292,581	5,139
292,596	5,386
292,611	5,352
292,626	3,924
292,641	4,838
292,656	3,856
292,671	4,308
292,686	4,870
292,701	4,856
292,716	4,932
292,731	4,006
292,746	3,911
292,761	4,394
292,776	4,716
292,791	4,225
292,806	4,332
292,821	3,174
292,836	3,576
292,851	3,352
292,866	3,493
292,881	4,040
292,897	3,831
292,911	3,004
292,926	3,446
292,942	3,914
292,957	4,055
292,971	3,986
292,986	3,746
293,002	3,692
293,017	2,740
293,031	2,932
293,046	3,765
293,062	3,084
293,077	3,336
293,092	3,462
293,107	2,480
293,122	2,777
293,137	2,362
293,152	2,624
293,167	3,176
293,182	2,806
293,197	3,243
293,212	2,146
293,227	2,147
293,242	3,030
293,257	2,319
293,272	3,047
293,287	2,722
293,302	2,042
293,317	2,534
293,332	2,224
293,347	2,576
293,362	2,652
293,377	2,347
293,392	2,814
293,407	1,958
293,422	2,576
293,437	2,556
293,452	1,700
293,467	2,468
293,482	2,524
293,497	1,487
293,512	2,014
293,527	1,444
293,542	1,996
293,557	2,283
293,572	1,888
293,587	2,350
293,602	1,659
293,617	1,269
293,632	1,957
293,647	2,113
293,662	2,099
293,677	1,519
293,692	1,123
293,707	1,250
293,722	1,005
293,737	1,543
293,752	1,779
293,767	1,640
293,782	0,693
293,797	1,461
293,812	0,665
293,827	1,643
293,842	1,594
293,857	1,656
293,872	1,386
293,887	1,026
293,902	0,906
293,917	0,987
293,932	1,043
293,947	1,270
293,962	1,211
293,977	1,297
293,992	1,368
294,007	0,085
294,022	1,124
294,037	1,055
294,052	1,166
294,067	1,192
294,082	0,195
294,097	0,242
294,112	0,985
294,127	0,830
294,142	0,957
294,157	0,817
294,172	0,166
294,187	0,348
294,202	-0,388
294,217	0,129
294,232	1,098
294,247	0,226
294,262	0,633
294,277	0,324
294,292	-0,062
294,307	0,631
294,322	0,055
294,337	0,673
294,352	0,639
294,367	0,279
294,382	0,210
294,397	-0,471
294,412	0,482
294,427	0,463
294,442	-0,168
294,457	0,114
294,472	0,211
294,487	-0,285
294,502	-0,342
294,517	0,309
294,532	-0,147
294,547	-0,408
294,562	0,364
294,577	0,128
294,592	0,368
294,607	-0,219
294,622	-0,881
294,637	-0,400
294,652	-0,661
294,667	0,000
294,682	0,065
294,697	-0,211
294,712	-0,182
294,727	-0,528
294,742	-0,147
294,757	-0,162
294,772	-0,659
294,787	-0,168
294,802	-0,359
294,817	-1,252
294,832	-1,137
294,847	-1,513
294,862	-0,446
294,877	-0,556
294,892	-0,737
294,907	-1,600
294,923	-1,134
294,937	-0,979
294,952	-0,633
294,967	-1,742
294,983	-0,890
294,998	-0,734
295,012	-1,818
295,027	-1,181
295,043	-0,826
295,058	-1,132
295,072	-0,962
295,088	-1,624
295,103	-1,303
295,118	-2,247
295,133	-1,816
295,148	-1,184
295,163	-1,465
295,178	-2,057
295,193	-0,849
295,208	-2,169
295,223	-1,627
295,238	-1,432
295,253	-1,778
295,268	-1,252
295,283	-1,684
295,298	-2,607
295,313	-1,459
295,328	-2,707
295,343	-1,765
295,358	-1,866
295,373	-2,262
295,388	-1,571
295,403	-2,524
295,418	-2,123
295,433	-1,577
295,448	-1,978
295,463	-1,372
295,478	-2,130
295,493	-2,887
295,508	-2,286
295,523	-2,772
295,538	-1,915
295,553	-1,589
295,568	-2,051
295,583	-1,941
295,598	-2,458
295,613	-2,729
295,628	-1,912
295,643	-2,359
295,658	-1,883
295,673	-2,651
295,688	-2,902
295,703	-2,024
295,718	-2,912
295,733	-2,045
295,748	-1,995
295,763	-3,415
295,778	-3,009
295,793	-2,954
295,808	-3,591
295,823	-2,173
295,838	-2,213
295,853	-2,464
295,868	-3,137
295,883	-3,257
295,898	-2,836
295,913	-2,596
295,928	-2,441
295,943	-2,622
295,958	-2,958
295,973	-3,811
295,988	-2,999
296,003	-3,044
296,018	-2,453
296,033	-2,609
296,048	-2,739
296,063	-2,760
296,078	-3,713
296,093	-2,926
296,108	-2,671
296,123	-2,957
296,138	-2,802
296,153	-3,203
296,168	-3,885
296,183	-3,876
296,198	-3,610
296,213	-2,673
296,228	-2,899
296,243	-3,571
296,258	-3,075
296,273	-3,552
296,288	-3,638
296,303	-2,835
296,318	-3,593
296,333	-3,107
296,348	-3,618
296,363	-4,261
296,378	-3,424
296,393	-3,755
296,408	-3,390
296,423	-3,330
296,438	-3,842
296,453	-3,190
296,468	-4,048
296,483	-3,657
296,498	-3,306
296,513	-3,507
296,528	-3,443
296,543	-3,588
296,558	-4,316
296,573	-3,524
296,588	-4,341
296,603	-3,725
296,618	-3,685
296,633	-4,302
296,648	-3,581
296,663	-4,203
296,678	-3,511
296,693	-3,577
296,708	-4,038
296,723	-3,662
296,738	-3,879
296,753	-4,967
296,768	-4,000
296,783	-4,502
296,798	-3,865
296,813	-3,840
296,828	-5,149
296,843	-5,039
296,858	-4,744
296,873	-4,634
296,889	-4,133
296,903	-3,872
296,918	-3,928
296,933	-4,109
296,949	-5,217
296,964	-4,240
296,978	-4,035
296,993	-4,336
297,009	-4,316
297,024	-3,986
297,038	-4,643
297,053	-4,753
297,068	-4,703
297,084	-4,353
297,099	-4,288
297,114	-4,253
297,129	-5,091
297,144	-5,623
297,159	-4,841
297,174	-4,320
297,189	-4,410
297,204	-4,270
297,219	-4,637
297,234	-5,264
297,249	-5,345
297,251	-5,555
297,266	-5,940
297,281	-5,277
297,296	-4,980
297,311	-5,606
297,326	-5,304
297,341	-5,915
297,356	-5,909
297,371	-5,476
297,386	-6,243
297,401	-5,520
297,416	-6,055
297,431	-6,792
297,446	-6,334
297,461	-7,015
297,476	-6,192
297,491	-5,865
297,506	-6,190
297,521	-6,089
297,536	-6,514
297,551	-6,964
297,566	-6,066
297,581	-6,261
297,596	-6,014
297,611	-6,048
297,626	-7,476
297,641	-6,562
297,656	-7,544
297,671	-7,092
297,686	-6,530
297,701	-6,544
297,716	-6,468
297,731	-7,394
297,746	-7,489
297,761	-7,006
297,776	-6,684
297,791	-7,175
297,806	-7,068
297,821	-8,226
297,836	-7,824
297,851	-8,048
297,866	-7,907
297,881	-7,360
297,897	-7,569
297,911	-8,396
297,926	-7,954
297,942	-7,486
297,957	-7,345
297,971	-7,414
297,986	-7,654
298,002	-7,708
298,017	-8,660
298,031	-8,468
298,046	-7,635
298,062	-8,316
298,077	-8,064
298,092	-7,938
298,107	-8,920
298,122	-8,623
298,137	-9,038
298,152	-8,776
298,167	-8,224
298,182	-8,594
298,197	-8,157
298,212	-9,254
298,227	-9,253
298,242	-8,370
298,257	-9,081
298,272	-8,353
298,287	-8,678
298,302	-9,358
298,317	-8,866
298,332	-9,176
298,347	-8,824
298,362	-8,748
298,377	-9,053
298,392	-8,586
298,407	-9,442
298,422	-8,824
298,437	-8,844
298,452	-9,700
298,467	-8,932
298,482	-8,876
298,497	-9,913
298,512	-9,386
298,527	-9,956
298,542	-9,404
298,557	-9,117
298,572	-9,512
298,587	-9,050
298,602	-9,741
298,617	-10,131
298,632	-9,443
298,647	-9,287
298,662	-9,301
298,677	-9,881
298,692	-10,277
298,707	-10,150
298,722	-10,395
298,737	-9,857
298,752	-9,621
298,767	-9,760
298,782	-10,707
298,797	-9,939
298,812	-10,735
298,827	-9,757
298,842	-9,806
298,857	-9,744
298,872	-10,014
298,887	-10,374
298,902	-10,494
298,917	-10,413
298,932	-10,357
298,947	-10,130
298,962	-10,189
298,977	-10,103
298,992	-10,032
299,007	-11,315
299,022	-10,276
299,037	-10,345
299,052	-10,234
299,067	-10,208
299,082	-11,205
299,097	-11,158
299,112	-10,415
299,127	-10,570
299,142	-10,443
299,157	-10,583
299,172	-11,234
299,187	-11,052
299,202	-11,788
299,217	-11,271
299,232	-10,302
299,247	-11,174
299,262	-10,767
299,277	-11,076
299,292	-11,462
299,307	-10,769
299,322	-11,345
299,337	-10,727
299,352	-10,761
299,367	-11,121
299,382	-11,190
299,397	-11,871
299,412	-10,918
299,427	-10,937
299,442	-11,568
299,457	-11,286
299,472	-11,189
299,487	-11,685
299,502	-11,742
299,517	-11,091
299,532	-11,547
299,547	-11,808
299,562	-11,036
299,577	-11,272
299,592	-11,032
299,607	-11,619
299,622	-12,281
299,637	-11,800
299,652	-12,061
299,667	-11,400
299,682	-11,335
299,697	-11,611
299,712	-11,582
299,727	-11,928
299,742	-11,547
299,757	-11,562
299,772	-12,059
299,787	-11,568
299,802	-11,759
299,817	-12,652
299,832	-12,537
299,847	-12,913
299,862	-11,846
299,877	-11,956
299,892	-12,137
299,907	-13,000
299,923	-12,534
299,937	-12,379
299,952	-12,033
299,967	-13,142
299,983	-12,290
299,998	-12,134
300,012	-13,218
300,027	-12,581
300,043	-12,226
300,058	-12,532
300,072	-12,362
300,088	-13,024
300,103	-12,703
300,118	-13,647
300,133	-13,216
300,148	-12,584
300,163	-12,865
300,178	-13,457
300,193	-12,249
300,208	-13,569
300,223	-13,027
300,238	-12,832
300,253	-13,178
300,268	-12,652
300,283	-13,084
300,298	-14,007
300,313	-12,859
300,328	-14,107
300,343	-13,165
300,358	-13,266
300,373	-13,662
300,388	-12,971
300,403	-13,924
300,418	-13,523
300,433	-12,977
300,448	-13,378
300,463	-12,772
300,478	-13,530
300,493	-14,287
300,508	-13,686
300,523	-14,172
300,538	-13,315
300,553	-12,989
300,568	-13,451
300,583	-13,341
300,598	-13,858
300,613	-14,129
300,628	-13,312
300,643	-13,759
300,658	-13,283
300,673	-14,051
300,688	-14,302
300,703	-13,424
300,718	-14,312
300,733	-13,445
300,748	-13,395
300,763	-14,815
300,778	-14,409
300,793	-14,354
300,808	-14,991
300,823	-13,573
300,838	-13,613
300,853	-13,864
300,868	-14,537
300,883	-14,657
300,898	-14,236
300,913	-13,996
300,928	-13,841
300,943	-14,022
300,958	-14,358
300,973	-15,211
300,988	-14,399
301,003	-14,444
301,018	-13,853
301,033	-14,009
301,048	-14,139
301,063	-14,160
301,078	-15,113
301,093	-14,326
301,108	-14,071
301,123	-14,357
301,138	-14,202
301,153	-14,603
301,168	-15,285
301,183	-15,276
301,198	-15,010
301,213	-14,073
301,228	-14,299
301,243	-14,971
301,258	-14,475
301,273	-14,952
301,288	-15,038
301,303	-14,235
301,318	-14,993
301,333	-14,507
301,348	-15,018
301,363	-15,661
301,378	-14,824
301,393	-15,155
301,408	-14,790
301,423	-14,730
301,438	-15,242
301,453	-14,590
301,468	-15,448
301,483	-15,057
301,498	-14,706
301,513	-14,907
301,528	-14,843
301,543	-14,988
301,558	-15,716
301,573	-14,924
301,588	-15,741
301,603	-15,125
301,618	-15,085
301,633	-15,702
301,648	-14,981
301,663	-15,603
301,678	-14,911
301,693	-14,977
301,708	-15,438
301,723	-15,062
301,738	-15,279
301,753	-16,367
301,768	-15,400
301,783	-15,902
301,798	-15,265
301,813	-15,240
301,828	-16,549
301,843	-16,439
301,858	-16,144
301,873	-16,034
301,889	-15,533
301,903	-15,272
301,918	-15,328
301,933	-15,509
301,949	-16,617
301,964	-15,640
301,978	-15,435
301,993	-15,736
302,009	-15,716
302,024	-15,386
302,038	-16,043
302,053	-16,153
302,068	-16,103
302,084	-15,753
302,099	-15,688
302,114	-15,653
302,129	-16,491
302,144	-17,023
302,159	-16,241
302,174	-15,720
302,189	-15,810
302,204	-15,670
302,219	-16,037
302,234	-16,664
302,249	-16,745
302,251	-16,955
302,266	-17,340
302,281	-16,677
302,296	-16,380
302,311	-17,006
302,326	-16,704
302,341	-17,315
302,356	-17,309
302,371	-16,876
302,386	-17,643
302,401	-16,920
302,416	-17,455
302,431	-18,192
302,446	-17,734
302,461	-18,415
302,476	-17,592
302,491	-17,265
302,506	-17,590
302,521	-17,489
302,536	-17,914
302,551	-18,364
302,566	-17,466
302,581	-17,661
302,596	-17,414
302,611	-17,448
302,626	-18,876
302,641	-17,962
302,656	-18,944
302,671	-18,492
302,686	-17,930
302,701	-17,944
302,716	-17,868
302,731	-18,794
302,746	-18,889
302,761	-18,406
302,776	-18,084
302,791	-18,575
302,806	-18,468
302,821	-19,626
302,836	-19,224
302,851	-19,448
302,866	-19,307
302,881	-18,760
302,897	-18,969
302,911	-19,796
302,926	-19,354
302,942	-18,886
302,957	-18,745
302,971	-18,814
302,986	-19,054
303,002	-19,108
303,017	-20,060
303,031	-19,868
303,046	-19,035
303,062	-19,716
303,077	-19,464
303,092	-19,338
303,107	-20,320
303,122	-20,023
303,137	-20,438
303,152	-20,176
303,167	-19,624
303,182	-19,994
303,197	-19,557
303,212	-20,654
303,227	-20,653
303,242	-19,770
303,257	-20,481
303,272	-19,753
303,287	-20,078
303,302	-20,758
303,317	-20,266
303,332	-20,576
303,347	-20,224
303,362	-20,148
303,377	-20,453
303,392	-19,986
303,407	-20,842
303,422	-20,224
303,437	-20,244
303,452	-21,100
303,467	-20,332
303,482	-20,276
303,497	-21,313
303,512	-20,786
303,527	-21,356
303,542	-20,804
303,557	-20,517
303,572	-20,912
303,587	-20,450
303,602	-21,141
303,617	-21,531
303,632	-20,843
303,647	-20,687
303,662	-20,701
303,677	-21,281
303,692	-21,677
303,707	-21,550
303,722	-21,795
303,737	-21,257
303,752	-21,021
303,767	-21,160
303,782	-22,107
303,797	-21,339
303,812	-22,135
303,827	-21,157
303,842	-21,206
303,857	-21,144
303,872	-21,414
303,887	-21,774
303,902	-21,894
303,917	-21,813
303,932	-21,757
303,947	-21,530
303,962	-21,589
303,977	-21,503
303,992	-21,432
304,007	-22,715
304,022	-21,676
304,037	-21,745
304,052	-21,634
304,067	-21,608
304,082	-22,605
304,097	-22,558
304,112	-21,815
304,127	-21,970
304,142	-21,843
304,157	-21,983
304,172	-22,634
304,187	-22,452
304,202	-23,188
304,217	-22,671
304,232	-21,702
304,247	-22,574
304,262	-22,167
304,277	-22,476
304,292	-22,862
304,307	-22,169
304,322	-22,745
304,337	-22,127
304,352	-22,161
304,367	-22,521
304,382	-22,590
304,397	-23,271
304,412	-22,318
304,427	-22,337
304,442	-22,968
304,457	-22,686
304,472	-22,589
304,487	-23,085
304,502	-23,142
304,517	-22,491
304,532	-22,947
304,547	-23,208
304,562	-22,436
304,577	-22,672
304,592	-22,432
304,607	-23,019
304,622	-23,681
304,637	-23,200
304,652	-23,461
304,667	-22,800
304,682	-22,735
304,697	-23,011
304,712	-22,982
304,727	-23,328
304,742	-22,947
304,757	-22,962
304,772	-23,459
304,787	-22,968
304,802	-23,159
304,817	-24,052
304,832	-23,937
304,847	-24,313
304,862	-23,246
304,877	-23,356
304,892	-23,537
304,907	-24,400
304,923	-23,934
304,937	-23,779
304,952	-23,433
304,967	-24,542
304,983	-23,690
304,998	-23,534
305,012	-24,618
305,027	-23,981
305,043	-23,626
305,058	-23,932
305,072	-23,762
305,088	-24,424
305,103	-24,103
305,118	-25,047
305,133	-24,616
305,148	-23,984
305,163	-24,265
305,178	-24,857
305,193	-23,649
305,208	-24,969
305,223	-24,427
305,238	-24,232
305,253	-24,578
305,268	-24,052
305,283	-24,484
305,298	-25,407
305,313	-24,259
305,328	-25,507
305,343	-24,565
305,358	-24,666
305,373	-25,062
305,388	-24,371
305,403	-25,324
305,418	-24,923
305,433	-24,377
305,448	-24,778
305,463	-24,172
305,478	-24,930
305,493	-25,687
305,508	-25,086
305,523	-25,572
305,538	-24,715
305,553	-24,389
305,568	-24,851
305,583	-24,741
305,598	-25,258
305,613	-25,529
305,628	-24,712
305,643	-25,159
305,658	-24,683
305,673	-25,451
305,688	-25,702
305,703	-24,824
305,718	-25,712
305,733	-24,845
305,748	-24,795
305,763	-26,215
305,778	-25,809
305,793	-25,754
305,808	-26,391
305,823	-24,973
305,838	-25,013
305,853	-25,264
305,868	-25,937
305,883	-26,057
305,898	-25,636
305,913	-25,396
305,928	-25,241
305,943	-25,422
305,958	-25,758
305,973	-26,611
305,988	-25,799
306,003	-25,844
306,018	-25,253
306,033	-25,409
306,048	-25,539
306,063	-25,560
306,078	-26,513
306,093	-25,726
306,108	-25,471
306,123	-25,757
306,138	-25,602
306,153	-26,003
306,168	-26,685
306,183	-26,676
306,198	-26,410
306,213	-25,473
306,228	-25,699
306,243	-26,371
306,258	-25,875
306,273	-26,352
306,288	-26,438
306,303	-25,635
306,318	-26,393
306,333	-25,907
306,348	-26,418
306,363	-27,061
306,378	-26,224
306,393	-26,555
306,408	-26,190
306,423	-26,130
306,438	-26,642
306,453	-25,990
306,468	-26,848
306,483	-26,457
306,498	-26,106
306,513	-26,307
306,528	-26,243
306,543	-26,388
306,558	-27,116
306,573	-26,324
306,588	-27,141
306,603	-26,525
306,618	-26,485
306,633	-27,102
306,648	-26,381
306,663	-27,003
306,678	-26,311
306,693	-26,377
306,708	-26,838
306,723	-26,462
306,738	-26,679
306,753	-27,767
306,768	-26,800
306,783	-27,302
306,798	-26,665
306,813	-26,640
306,828	-27,949
306,843	-27,839
306,858	-27,544
306,873	-27,434
306,889	-26,933
306,903	-26,672
306,918	-26,728
306,933	-26,909
306,949	-28,017
306,964	-27,040
306,978	-26,835
306,993	-27,136
307,009	-27,116
307,024	-26,786
307,038	-27,443
307,053	-27,553
307,068	-27,503
307,084	-27,153
307,099	-27,088
307,114	-27,053
307,129	-27,891
307,144	-28,423
307,159	-27,641
307,174	-27,120
307,189	-27,210
307,204	-27,070
307,219	-27,437
307,234	-28,064
307,249	-28,145
307,264	-27,939
307,279	-27,493
307,294	-27,439
307,309	-28,010
307,324	-27,288
307,339	-27,961
307,354	-27,721
307,369	-27,245
307,384	-27,451
307,399	-27,195
307,414	-27,516
307,429	-28,334
307,444	-27,502
307,459	-28,154
307,474	-27,297
307,489	-27,313
307,504	-27,900
307,519	-27,454
307,534	-28,356
307,549	-28,081
307,564	-27,986
307,579	-27,420
307,594	-27,566
307,609	-28,127
307,624	-28,690
307,639	-28,033
307,654	-28,419
307,669	-27,753
307,684	-27,382
307,699	-28,195
307,714	-27,563
307,729	-28,040
307,744	-28,492
307,759	-27,620
307,774	-27,720
307,789	-27,615
307,804	-28,187
307,819	-28,804
307,834	-27,957
307,849	-28,670
307,864	-27,928
307,879	-27,733
307,894	-28,977
307,909	-28,701
307,924	-28,637
307,939	-28,572
307,954	-27,584
307,969	-28,371
307,984	-27,810
307,999	-28,568
308,014	-29,040
308,029	-28,102
308,044	-27,722
308,059	-27,777
308,074	-27,838
308,089	-28,390
308,104	-28,475
308,119	-28,360
308,134	-28,767
308,149	-27,905
308,164	-27,765
308,179	-28,888
308,194	-28,317
308,209	-28,899
308,224	-28,593
308,239	-27,997
308,254	-27,932
308,269	-27,988
308,284	-28,514
308,299	-29,041
308,314	-28,570
308,329	-28,505
308,344	-27,969
308,359	-27,910
308,374	-27,865
308,389	-28,086
308,404	-29,094
308,419	-28,066
308,434	-28,322
308,449	-28,298
308,464	-27,822
308,479	-28,524
308,494	-28,720
308,509	-27,888
308,524	-28,640
308,539	-28,054
308,554	-28,877
308,569	-28,396
308,584	-27,789
308,599	-29,189
308,614	-28,071
308,629	-27,931
308,644	-27,946
308,659	-28,022
308,674	-27,987
308,689	-28,434
308,704	-28,103
308,719	-28,434
308,734	-27,833
308,749	-28,009
308,764	-28,591
308,779	-29,102
308,794	-28,897
308,809	-28,542
308,824	-27,765
308,839	-27,946
308,854	-27,961
308,869	-28,273
308,884	-28,794
308,899	-27,897
308,914	-29,131
308,930	-27,918
308,945	-27,858
308,959	-28,360
308,974	-29,077
308,990	-28,355
309,005	-28,235
309,019	-27,729
309,034	-27,655
309,050	-27,585
309,065	-28,357
309,079	-28,849
309,094	-28,242
309,110	-27,651
309,125	-27,732
309,140	-27,767
309,155	-28,189
309,170	-28,400
309,185	-28,185
309,200	-28,370
309,215	-27,508
309,230	-27,504
309,245	-28,241
309,260	-27,424
309,275	-28,462
309,290	-28,207
309,305	-27,475
309,320	-27,591
309,335	-27,511
309,350	-27,301
309,365	-28,294
309,380	-27,537
309,395	-28,124
309,410	-27,503
309,425	-27,262
309,440	-28,300
309,455	-27,353
309,470	-28,281
309,485	-27,184
309,500	-27,169
309,515	-27,440
309,530	-27,185
309,545	-27,596
309,560	-28,173
309,575	-27,146
309,590	-27,953
309,605	-27,196
309,620	-26,991
309,635	-27,197
309,650	-27,017
309,665	-27,764
309,680	-27,228
309,695	-27,098
309,710	-27,004
309,725	-26,898
309,740	-27,495
309,755	-26,643
309,770	-26,799
309,785	-27,862
309,800	-26,684
309,815	-27,312
309,830	-27,327
309,845	-26,731
309,860	-27,258
309,875	-26,817
309,890	-26,336
309,905	-26,110
309,920	-26,351
309,935	-26,873
309,950	-27,530
309,965	-26,337
309,980	-27,275
309,995	-25,972
310,010	-26,032
310,025	-26,549
310,040	-26,861
310,055	-26,700
310,070	-26,816
310,085	-25,438
310,100	-26,115
310,115	-25,473
310,130	-25,644
310,145	-26,643
310,160	-25,560
310,175	-25,460
310,190	-25,681
310,205	-25,300
310,220	-26,153
310,235	-26,198
310,250	-25,862
310,265	-25,878
310,280	-25,272
310,295	-24,911
310,310	-26,025
310,325	-24,922
310,340	-25,734
310,355	-25,233
310,370	-24,702
310,385	-24,973
310,400	-24,793
310,415	-25,094
310,430	-25,441
310,445	-24,523
310,460	-25,055
310,475	-24,369
310,490	-24,409
310,505	-24,765
310,520	-24,244
310,535	-24,967
310,550	-24,406
310,565	-24,195
310,580	-24,236
310,595	-24,116
310,610	-24,989
310,625	-24,874
310,640	-24,583
310,655	-24,779
310,670	-24,017
310,685	-24,017
310,700	-24,228
310,715	-23,747
310,730	-24,861
310,745	-24,249
310,760	-23,733
310,775	-23,990
310,790	-23,724
310,805	-23,960
310,820	-24,733
310,835	-23,495
310,850	-24,398
310,865	-23,440
310,880	-23,350
310,895	-24,138
310,911	-23,732
310,925	-24,028
310,940	-23,963
310,955	-23,171
310,971	-23,413
310,986	-23,378
311,000	-24,000
311,015	-23,895
311,031	-23,409
311,046	-23,309
311,060	-23,044
311,075	-22,954
311,091	-23,626
311,106	-24,047
311,121	-24,218
311,136	-23,486
311,151	-23,191
311,166	-23,362
311,181	-23,192
311,196	-22,941
311,211	-23,925
311,226	-23,243
311,241	-23,148
311,256	-23,063
311,271	-23,249
311,286	-24,227
311,301	-23,947
311,316	-23,962
311,331	-24,363
311,346	-23,426
311,361	-23,627
311,376	-24,530
311,391	-23,738
311,406	-24,596
311,421	-23,794
311,436	-23,187
311,451	-23,554
311,466	-23,489
311,481	-24,613
311,496	-24,648
311,511	-23,781
311,526	-24,699
311,541	-23,842
311,556	-24,063
311,571	-24,961
311,586	-24,224
311,601	-25,377
311,616	-24,546
311,631	-24,335
311,646	-24,958
311,661	-24,507
311,676	-24,758
311,691	-25,540
311,706	-24,638
311,721	-25,506
311,736	-24,759
311,751	-24,729
311,766	-25,551
311,781	-25,502
311,796	-25,938
311,811	-25,322
311,826	-25,192
311,841	-25,659
311,856	-25,599
311,871	-26,196
311,886	-26,131
311,901	-25,786
311,916	-26,934
311,931	-25,451
311,946	-25,742
311,961	-26,314
311,976	-27,257
311,991	-26,640
312,006	-26,736
312,021	-26,806
312,036	-26,701
312,051	-26,376
312,066	-26,351
312,081	-27,740
312,096	-26,417
312,111	-26,487
312,126	-26,593
312,141	-26,724
312,156	-27,717
312,171	-27,456
312,186	-27,793
312,201	-27,828
312,216	-27,027
312,231	-27,278
312,246	-27,007
312,261	-27,734
312,276	-28,306
312,291	-27,404
312,306	-27,219
312,321	-27,696
312,336	-28,533
312,351	-28,037
312,366	-28,303
312,381	-28,439
312,396	-28,485
312,411	-27,693
312,426	-28,094
312,441	-29,122
312,456	-28,110
312,471	-28,872
312,486	-28,728
312,501	-28,031
312,516	-28,578
312,531	-28,397
312,546	-29,075
312,561	-29,270
312,576	-28,634
312,591	-29,351
312,606	-28,490
312,621	-28,826
312,636	-29,548
312,651	-28,812
312,666	-29,865
312,681	-29,228
312,696	-28,873
312,711	-28,958
312,726	-28,979
312,741	-29,836
312,756	-30,148
312,771	-29,205
312,786	-30,239
312,801	-29,136
312,816	-29,222
312,831	-29,708
312,846	-29,252
312,861	-30,431
312,876	-30,120
312,891	-30,286
312,906	-30,201
312,921	-29,384
312,937	-30,658
312,952	-30,578
312,966	-30,122
312,981	-30,183
312,997	-29,657
313,012	-29,858
313,026	-30,179
313,041	-30,681
313,057	-30,220
313,072	-29,914
313,087	-29,724
313,102	-29,865
313,116	-29,720
313,132	-30,552
313,147	-30,879
313,162	-30,829
313,177	-30,112
313,192	-30,042
313,207	-31,231
313,222	-31,156
313,237	-30,831
313,252	-31,122
313,267	-30,656
313,282	-30,260
313,297	-30,321
313,312	-31,073
313,327	-30,432
313,342	-31,535
313,357	-30,633
313,372	-30,418
313,387	-30,388
313,402	-30,453
313,417	-31,086
313,432	-31,828
313,447	-31,452
313,462	-31,447
313,477	-30,716
313,492	-30,866
313,507	-31,268
313,522	-31,078
313,537	-31,946
313,552	-30,833
313,567	-30,904
313,582	-31,114
313,597	-30,809
313,612	-31,331
313,627	-31,898
313,642	-30,945
313,657	-32,059
313,672	-30,946
313,687	-30,991
313,702	-31,498
313,717	-31,158
313,732	-32,010
313,747	-31,860
313,762	-31,028
313,777	-31,009
313,792	-31,164
313,807	-31,917
313,822	-31,596
313,837	-31,135
313,852	-31,762
313,867	-31,226
313,882	-31,026
313,897	-31,773
313,912	-31,934
313,927	-32,241
313,942	-31,880
313,957	-31,384
313,972	-31,790
313,987	-31,400
314,002	-31,826
314,017	-32,423
314,032	-31,275
314,047	-32,133
314,062	-31,336
314,077	-31,211
314,092	-31,743
314,107	-32,510
314,122	-32,641
314,137	-31,418
314,152	-31,468
314,167	-31,369
314,182	-31,610
314,197	-31,434
314,212	-31,660
314,227	-31,561
314,242	-31,280
314,257	-31,461
314,272	-31,376
314,287	-31,983
314,302	-32,229
314,317	-32,505
314,332	-31,969
314,347	-31,629
314,362	-31,328
314,377	-32,326
314,392	-32,166
314,407	-32,693
314,422	-31,339
314,437	-31,570
314,452	-31,646
314,467	-31,436
314,482	-31,727
314,497	-32,760
314,512	-31,552
314,527	-32,350
314,542	-31,588
314,557	-31,468
314,572	-32,381
314,587	-31,684
314,602	-32,547
314,617	-31,504
314,632	-31,545
314,647	-31,630
314,662	-31,566
314,677	-32,143
314,692	-32,243
314,707	-31,587
314,722	-32,485
314,737	-31,557
314,752	-31,487
314,767	-32,380
314,782	-32,004
314,797	-32,607
314,812	-32,036
314,827	-31,394
314,842	-31,409
314,857	-31,490
314,872	-31,686
314,887	-31,536
314,902	-31,591
314,917	-32,028
314,933	-31,432
314,947	-31,567
314,962	-31,452
314,978	-31,713
314,993	-32,486
315,007	-31,840
315,022	-31,283
315,038	-32,196
315,053	-31,344
315,067	-31,996
315,083	-32,438
315,098	-31,646
315,113	-32,163
315,128	-31,326
315,143	-30,960
315,158	-31,963
315,173	-32,310
315,188	-32,074
315,203	-31,618
315,218	-31,378
315,233	-31,348
315,248	-30,978
315,263	-31,154
315,278	-32,061
315,293	-31,139
315,308	-30,894
315,323	-30,989
315,338	-31,266
315,353	-31,452
315,368	-31,572
315,383	-31,658
315,398	-31,598
315,413	-31,107
315,428	-30,846
315,443	-31,920
315,458	-31,103
315,473	-31,850
315,488	-31,404
315,503	-30,678
315,518	-30,578
315,533	-30,779
315,548	-31,225
315,563	-31,421
315,578	-30,434
315,593	-30,675
315,608	-30,515
315,623	-30,349
315,638	-31,017
315,653	-30,816
315,668	-31,318
315,683	-30,546
315,698	-30,206
315,713	-30,126
315,728	-30,151
315,743	-30,718
315,758	-31,050
315,773	-30,318
315,788	-30,419
315,803	-29,767
315,818	-29,823
315,833	-30,891
315,848	-29,753
315,863	-30,405
315,878	-29,538
315,893	-29,037
315,908	-29,539
315,923	-29,178
315,938	-29,294
315,953	-29,700
315,968	-28,913
315,983	-29,530
315,998	-28,664
316,013	-28,629
316,028	-29,251
316,043	-28,459
316,058	-29,547
316,073	-28,535
316,088	-28,250
316,103	-28,636
316,118	-27,849
316,133	-28,255
316,148	-29,103
316,163	-27,855
316,178	-27,550
316,193	-27,530
316,208	-27,530
316,223	-27,816
316,238	-27,957
316,253	-27,992
316,268	-27,672
316,283	-26,665
316,298	-26,529
316,313	-26,720
316,328	-26,701
316,343	-27,233
316,358	-26,175
316,373	-25,629
316,388	-25,404
316,403	-25,409
316,418	-25,690
316,433	-25,219
316,448	-24,924
316,463	-23,841
316,478	-23,309
316,493	-22,984
316,508	-23,310
316,523	-22,042
316,538	-21,275
316,553	-19,516
316,568	-18,368
316,583	-16,919
316,598	-15,210
316,613	-14,122
316,628	-11,746
316,643	-8,618
316,658	-6,186
316,673	-2,341
316,688	1,128
316,703	4,176
316,718	9,280
316,733	12,990
316,748	18,916
316,763	24,126
316,778	29,470
316,793	35,136
316,808	40,495
316,823	46,812
316,838	52,719
316,853	58,364
316,868	65,588
316,884	71,570
316,898	76,949
316,913	83,292
316,928	88,656
316,943	95,465
316,959	101,165
316,974	105,778
316,988	111,338
317,003	115,304
317,019	120,588
317,034	123,797
317,048	127,151
317,063	130,580
317,079	133,167
317,094	134,450
317,109	136,826
317,124	137,172
317,139	138,400
317,154	139,377
317,169	139,141
317,184	138,976
317,199	138,068
317,214	136,182
317,229	135,876
317,244	134,196
317,259	132,190
317,274	129,653
317,289	126,604
317,304	122,527
317,319	119,157
317,334	116,014
317,349	112,338
317,364	107,639
317,379	103,432
317,394	98,738
317,409	93,539
317,424	89,452
317,439	85,761
317,454	81,319
317,469	76,846
317,484	72,413
317,499	67,850
317,514	63,999
317,529	61,041
317,544	57,691
317,559	54,050
317,574	49,853
317,589	47,472
317,604	43,590
317,619	41,690
317,634	38,535
317,649	35,542
317,664	33,210
317,679	29,956
317,694	27,258
317,709	25,844
317,724	22,594
317,739	21,085
317,754	19,159
317,769	16,216
317,784	15,117
317,799	13,111
317,814	11,416
317,829	9,741
317,844	6,867
317,859	6,496
317,874	4,159
317,889	2,294
317,904	2,309
317,919	0,077
317,934	-0,530
317,949	-1,684
317,964	-3,599
317,979	-4,372
317,994	-6,067
318,009	-6,418
318,024	-7,181
318,039	-8,941
318,054	-9,332
318,069	-10,656
318,084	-10,812
318,099	-11,810
318,114	-13,109
318,129	-13,215
318,144	-14,018
318,159	-15,512
318,174	-16,249
318,189	-17,192
318,204	-17,052
318,219	-17,293
318,234	-18,021
318,249	-18,412
318,264	-19,475
318,279	-19,631
318,294	-20,103
318,309	-20,489
318,324	-20,891
318,339	-21,408
318,354	-22,436
318,369	-22,807
318,384	-23,349
318,399	-23,149
318,414	-23,465
318,429	-23,962
318,444	-24,895
318,459	-25,241
318,474	-25,798
318,489	-25,041
318,504	-25,292
318,519	-25,543
318,534	-26,145
318,549	-26,647
318,564	-26,923
318,579	-27,590
318,594	-27,546
318,609	-27,120
318,624	-27,416
318,639	-28,600
318,654	-28,154
318,669	-28,936
318,684	-28,159
318,699	-28,110
318,714	-28,401
318,729	-28,481
318,744	-28,988
318,759	-29,871
318,774	-29,069
318,789	-29,761
318,804	-29,386
318,819	-29,978
318,834	-30,053
318,849	-29,577
318,864	-30,806
318,879	-30,430
318,894	-29,719
318,909	-30,867
318,925	-30,145
318,940	-30,978
318,954	-31,049
318,969	-30,608
318,985	-31,205
319,000	-30,684
319,014	-30,895
319,029	-31,888
319,045	-31,317
319,060	-31,623
319,075	-31,077
319,089	-31,037
319,105	-31,358
319,120	-31,433
319,135	-32,391
319,150	-32,703
319,165	-31,580
319,180	-31,992
319,195	-31,726
319,210	-31,752
319,225	-32,444
319,240	-32,705
319,255	-32,886
319,270	-31,969
319,285	-31,553
319,300	-32,746
319,315	-31,995
319,330	-32,511
319,345	-33,068
319,360	-32,031
319,375	-32,347
319,390	-32,162
319,405	-32,247
319,420	-32,754
319,435	-32,454
319,450	-33,407
319,465	-32,865
319,480	-32,404
319,495	-32,349
319,510	-33,242
319,525	-32,837
319,540	-33,433
319,555	-32,572
319,570	-32,462
319,585	-32,552
319,600	-32,538
319,615	-33,235
319,630	-33,471
319,645	-32,840
319,660	-33,051
319,675	-32,850
319,690	-32,650
319,705	-33,743
319,720	-33,232
319,735	-33,870
319,750	-33,128
319,765	-33,499
319,780	-33,164
319,795	-32,999
319,810	-33,701
319,825	-33,661
319,840	-33,185
319,855	-33,902
319,870	-33,075
319,885	-33,733
319,900	-33,763
319,915	-33,718
319,930	-33,980
319,945	-33,394
319,960	-33,133
319,975	-33,404
319,990	-33,429
320,005	-33,831
320,020	-34,418
320,035	-33,410
320,050	-33,556
320,065	-33,321
320,080	-33,181
320,095	-34,605
320,110	-33,868
320,125	-33,989
320,140	-33,749
320,155	-33,659
320,170	-33,880
320,185	-33,734
320,200	-33,940
320,215	-34,527
320,230	-33,655
320,245	-33,791
320,260	-33,396
320,275	-33,621
320,290	-34,550
320,305	-34,389
320,320	-34,756
320,335	-34,194
320,350	-33,864
320,365	-33,909
320,380	-33,699
320,395	-35,023
320,410	-34,898
320,425	-34,076
320,440	-33,640
320,455	-33,846
320,470	-33,897
320,485	-34,479
320,500	-34,459
320,515	-35,156
320,530	-33,978
320,545	-34,064
320,560	-34,044
320,575	-34,867
320,590	-34,100
320,605	-34,963
320,620	-34,015
320,635	-33,735
320,650	-33,725
320,665	-33,886
320,680	-34,924
320,695	-33,792
320,710	-33,978
320,725	-34,244
320,740	-33,743
320,755	-33,858
320,770	-34,530
320,785	-34,571
320,800	-34,797
320,815	-34,476
320,830	-33,695
320,845	-33,740
320,860	-33,725
320,875	-34,533
320,890	-34,648
320,906	-33,927
320,921	-34,469
320,935	-33,842
320,950	-34,013
320,966	-34,259
320,981	-34,209
320,995	-35,037
321,010	-34,070
321,026	-34,005
321,041	-33,785
321,055	-33,890
321,070	-34,372
321,086	-34,698
321,101	-34,097
321,116	-34,834
321,131	-33,917
321,146	-33,807
321,161	-35,001
321,176	-34,740
321,191	-34,846
321,206	-33,919
321,221	-33,914
321,236	-34,281
321,251	-33,970
321,266	-34,392
321,281	-34,557
321,296	-34,041
321,311	-33,766
321,326	-33,917
321,341	-33,902
321,356	-34,845
321,371	-34,825
321,386	-34,620
321,401	-33,913
321,416	-33,879
321,431	-34,426
321,446	-33,824
321,461	-34,361
321,476	-34,487
321,491	-33,890
321,506	-33,670
321,521	-33,931
321,536	-33,866
321,551	-34,549
321,566	-34,554
321,581	-34,765
321,596	-34,098
321,611	-33,733
321,626	-33,718
321,641	-34,947
321,656	-34,215
321,671	-34,506
321,686	-33,765
321,701	-34,021
321,716	-34,066
321,731	-33,790
321,746	-34,784
321,761	-34,408
321,776	-33,741
321,791	-34,158
321,806	-33,893
321,821	-33,602
321,836	-34,199
321,851	-34,104
321,866	-34,696
321,881	-33,623
321,896	-34,211
321,911	-34,326
321,926	-33,675
321,941	-34,688
321,956	-34,583
321,971	-33,972
321,986	-34,082
322,001	-33,892
322,016	-33,727
322,031	-34,495
322,046	-34,154
322,061	-34,711
322,076	-33,839
322,091	-33,743
322,106	-34,752
322,121	-33,739
322,136	-34,191
322,151	-34,989
322,166	-33,786
322,181	-34,734
322,196	-34,027
322,211	-33,842
322,226	-34,730
322,241	-34,610
322,256	-34,816
322,271	-33,929
322,286	-33,863
322,301	-34,180
322,316	-34,050
322,331	-34,877
322,346	-34,487
322,361	-33,805
322,376	-33,916
322,391	-33,610
322,406	-33,771
322,421	-34,614
322,436	-34,343
322,451	-34,960
322,466	-34,474
322,481	-33,858
322,496	-34,350
322,511	-33,673
322,526	-34,100
322,541	-34,867
322,556	-33,614
322,571	-33,590
322,586	-33,550
322,601	-33,630
322,616	-34,137
322,631	-35,100
322,646	-34,408
322,661	-33,922
322,676	-33,697
322,691	-33,748
322,706	-34,631
322,721	-33,874
322,736	-33,829
322,751	-33,799
322,766	-33,644
322,781	-33,665
322,796	-33,630
322,811	-34,668
322,826	-34,082
322,841	-33,741
322,856	-34,143
322,871	-33,476
322,886	-33,552
322,901	-34,765
322,916	-34,084
322,932	-34,816
322,947	-33,759
322,962	-33,453
322,976	-33,825
322,991	-33,654
323,007	-34,191
323,022	-34,683
323,036	-33,530
323,051	-34,142
323,067	-33,541
323,082	-33,481
323,097	-34,108
323,111	-33,607
323,127	-34,791
323,142	-33,778
323,157	-33,954
323,172	-33,879
323,187	-33,524
323,202	-33,589
323,217	-33,850
323,232	-33,429
323,247	-34,142
323,262	-33,525
323,277	-33,531
323,292	-34,373
323,307	-34,133
323,322	-34,660
323,337	-33,838
323,352	-33,317
323,367	-34,119
323,382	-33,297
323,397	-34,386
323,412	-34,286
323,427	-33,168
323,442	-33,319
323,457	-33,234
323,472	-33,365
323,487	-33,917
323,502	-34,243
323,517	-34,519
323,532	-33,552
323,547	-33,391
323,562	-33,171
323,577	-34,405
323,592	-33,628
323,607	-34,035
323,622	-33,413
323,637	-33,068
323,652	-33,309
323,667	-33,083
323,682	-34,157
323,697	-33,897
323,712	-34,163
323,727	-33,777
323,742	-33,160
323,757	-33,858
323,772	-33,938
323,787	-33,713
323,802	-34,285
323,817	-33,192
323,832	-32,997
323,847	-33,178
323,862	-33,229
323,877	-34,136
323,892	-33,761
323,907	-33,129
323,922	-33,801
323,937	-33,220
323,952	-33,105
323,967	-33,827
323,982	-33,026
323,997	-33,853
324,012	-33,232
324,027	-33,317
324,042	-33,473
324,057	-33,118
324,072	-33,805
324,087	-33,880
324,102	-33,063
324,117	-33,314
324,132	-33,044
324,147	-33,044
324,162	-34,148
324,177	-33,667
324,192	-34,329
324,207	-33,236
324,222	-32,881
324,237	-32,911
324,252	-32,932
324,267	-33,052
324,282	-33,539
324,297	-32,867
324,312	-33,840
324,327	-33,284
324,342	-32,723
324,357	-33,556
324,372	-33,631
324,387	-34,008
324,402	-32,820
324,417	-32,905
324,432	-33,141
324,447	-32,821
324,462	-33,478
324,477	-33,779
324,492	-33,138
324,507	-32,737
324,522	-32,822
324,537	-32,863
324,552	-33,801
324,567	-32,914
324,582	-33,927
324,597	-32,719
324,612	-32,679
324,627	-32,700
324,642	-33,372
324,657	-32,816
324,672	-32,706
324,687	-32,751
324,702	-32,862
324,717	-32,702
324,732	-32,501
324,747	-33,906
324,762	-32,888
324,777	-32,633
324,792	-33,415
324,807	-32,739
324,822	-32,533
324,837	-33,426
324,852	-33,051
324,867	-33,096
324,882	-32,756
324,897	-32,921
324,912	-32,586
324,928	-32,551
324,942	-33,334
324,957	-33,635
324,973	-32,402
324,988	-33,300
325,002	-32,387
325,017	-33,571
325,033	-33,707
325,048	-32,624
325,062	-33,617
325,077	-32,740
325,093	-32,399
325,108	-32,751
325,123	-32,581
325,138	-33,127
325,153	-33,258
325,168	-32,457
325,183	-32,648
325,198	-32,442
325,213	-32,513
325,228	-33,405
325,243	-32,749
325,258	-33,512
325,273	-32,339
325,288	-32,304
325,303	-32,299
325,318	-32,204
325,333	-32,877
325,348	-32,917
325,363	-32,261
325,378	-32,792
325,393	-32,146
325,408	-32,417
325,423	-33,039
325,438	-32,949
325,453	-33,009
325,468	-32,183
325,483	-32,168
325,498	-32,976
325,513	-32,068
325,528	-32,640
325,543	-32,736
325,558	-32,099
325,573	-32,205
325,588	-32,020
325,603	-32,186
325,618	-33,204
325,633	-32,773
325,648	-33,144
325,663	-32,342
325,678	-32,037
325,693	-31,977
325,708	-32,935
325,723	-32,530
325,738	-32,690
325,753	-32,099
325,768	-31,829
325,783	-32,015
325,798	-32,000
325,813	-32,807
325,828	-31,695
325,843	-31,916
325,858	-32,663
325,873	-31,871
325,888	-32,308
325,903	-32,819
325,918	-31,662
325,933	-32,600
325,948	-31,853
325,963	-32,024
325,978	-32,149
325,993	-32,034
326,008	-32,115
326,023	-32,506
326,038	-31,709
326,053	-32,567
326,068	-31,941
326,083	-31,936
326,098	-32,899
326,113	-31,711
326,128	-32,318
326,143	-31,697
326,158	-31,577
326,173	-31,758
326,188	-31,643
326,203	-32,942
326,218	-32,351
326,233	-31,468
326,248	-32,361
326,263	-31,690
326,278	-31,585
326,293	-31,389
326,308	-31,555
326,323	-32,358
326,338	-31,446
326,353	-31,596
326,368	-32,013
326,383	-31,422
326,398	-32,400
326,413	-32,149
326,428	-31,613
326,443	-31,082
326,458	-31,183
326,473	-31,359
326,488	-32,101
326,503	-31,304
326,518	-32,478
326,533	-32,017
326,548	-31,295
326,563	-31,947
326,578	-31,191
326,593	-31,758
326,608	-31,908
326,623	-31,317
326,638	-31,147
326,653	-31,092
326,668	-31,318
326,683	-32,136
326,698	-31,765
326,713	-32,096
326,728	-31,856
326,743	-30,984
326,758	-31,591
326,773	-32,073
326,788	-31,100
326,803	-32,299
326,818	-31,136
326,833	-30,991
326,848	-31,076
326,863	-31,032
326,878	-31,980
326,893	-31,659
326,908	-30,938
326,923	-31,500
326,938	-31,124
326,954	-31,029
326,969	-31,836
326,983	-31,391
326,998	-30,929
327,014	-30,749
327,029	-30,895
327,043	-31,452
327,058	-30,851
327,074	-31,894
327,089	-31,689
327,103	-30,932
327,119	-30,998
327,134	-30,747
327,149	-31,119
327,164	-31,299
327,179	-30,934
327,194	-31,932
327,209	-30,919
327,224	-30,754
327,239	-31,226
327,254	-30,580
327,269	-31,061
327,284	-31,337
327,299	-30,600
327,314	-31,117
327,329	-30,481
327,344	-31,003
327,359	-31,715
327,374	-31,314
327,389	-30,969
327,404	-30,362
327,419	-30,448
327,434	-30,829
327,449	-30,263
327,464	-30,885
327,479	-30,790
327,494	-30,149
327,509	-30,240
327,524	-30,405
327,539	-30,731
327,554	-31,243
327,569	-30,948
327,584	-30,657
327,599	-30,312
327,614	-30,107
327,629	-30,578
327,644	-29,907
327,659	-31,206
327,674	-30,795
327,689	-30,093
327,704	-30,650
327,719	-30,009
327,734	-29,934
327,749	-30,491
327,764	-29,925
327,779	-30,697
327,794	-30,387
327,809	-29,860
327,824	-30,197
327,839	-31,205
327,854	-30,202
327,869	-30,669
327,884	-30,047
327,899	-29,667
327,914	-29,782
327,929	-30,049
327,944	-30,535
327,959	-30,420
327,974	-29,664
327,989	-29,960
328,004	-29,785
328,019	-30,477
328,034	-30,989
328,049	-30,332
328,064	-30,538
328,079	-29,686
328,094	-29,877
328,109	-30,710
328,124	-29,767
328,139	-30,224
328,154	-29,969
328,169	-29,548
328,184	-29,939
328,199	-29,574
328,214	-30,346
328,229	-30,542
328,244	-29,445
328,259	-29,956
328,274	-29,450
328,289	-28,994
328,304	-29,631
328,319	-29,341
328,334	-29,782
328,349	-29,813
328,364	-29,166
328,379	-29,497
328,394	-29,056
328,409	-29,599
328,424	-29,824
328,439	-29,404
328,454	-29,955
328,469	-29,129
328,484	-29,761
328,499	-29,345
328,514	-29,094
328,529	-29,812
328,544	-29,717
328,559	-28,985
328,574	-29,021
328,589	-29,056
328,604	-28,901
328,619	-30,005
328,634	-29,549
328,649	-30,231
328,664	-29,103
328,679	-28,592
328,694	-28,843
328,709	-29,686
328,724	-29,410
328,739	-29,361
328,754	-28,569
328,769	-29,030
328,784	-28,985
328,799	-28,690
328,814	-29,357
328,829	-29,353
328,844	-29,719
328,859	-28,927
328,875	-28,722
328,889	-29,093
328,904	-29,805
328,920	-29,259
328,935	-29,666
328,950	-28,648
328,964	-28,438
328,979	-28,720
328,995	-28,459
329,010	-29,648
329,024	-29,498
329,039	-28,440
329,055	-29,228
329,070	-28,165
329,084	-28,902
329,099	-29,359
329,115	-29,068
329,130	-28,938
329,145	-28,477
329,160	-28,147
329,175	-28,573
329,190	-28,052
329,205	-28,995
329,220	-28,755
329,235	-27,928
329,250	-28,274
329,265	-27,924
329,280	-28,009
329,295	-29,052
329,310	-28,476
329,325	-29,204
329,340	-27,710
329,355	-27,956
329,370	-28,342
329,385	-27,952
329,400	-28,509
329,415	-28,394
329,430	-27,632
329,445	-28,189
329,460	-27,748
329,475	-27,878
329,490	-28,736
329,505	-27,588
329,520	-28,421
329,535	-27,659
329,550	-27,690
329,565	-28,151
329,580	-27,324
329,595	-28,638
329,610	-27,922
329,625	-27,626
329,640	-27,230
329,655	-27,191
329,670	-27,377
329,685	-28,505
329,700	-27,728
329,715	-28,395
329,730	-27,323
329,745	-27,153
329,760	-27,569
329,775	-28,206
329,790	-27,630
329,805	-27,796
329,820	-27,375
329,835	-27,386
329,850	-27,045
329,865	-27,501
329,880	-27,988
329,895	-27,658
329,910	-27,091
329,925	-27,322
329,940	-27,067
329,955	-27,363
329,970	-27,910
329,985	-27,474
330,000	-27,760
