285,000	-13,787
285,015	-13,760
285,030	-13,467
285,045	-13,776
285,060	-14,050
285,075	-14,705
285,090	-14,728
285,105	-14,169
285,120	-13,460
285,135	-13,769
285,150	-14,885
285,165	-13,669
285,180	-14,730
285,195	-13,640
285,210	-13,327
285,225	-13,511
285,240	-13,830
285,255	-13,978
285,270	-14,272
285,285	-13,838
285,300	-13,756
285,315	-13,519
285,330	-13,376
285,345	-14,352
285,360	-13,883
285,375	-13,977
285,390	-13,593
285,405	-13,391
285,420	-14,006
285,435	-13,126
285,450	-13,926
285,465	-14,160
285,480	-13,330
285,495	-14,442
285,510	-13,191
285,525	-13,364
285,540	-13,969
285,555	-13,867
285,570	-14,491
285,585	-13,426
285,600	-13,249
285,615	-13,417
285,630	-13,189
285,645	-13,724
285,660	-14,008
285,675	-13,339
285,690	-13,818
285,705	-12,938
285,720	-13,568
285,735	-13,992
285,750	-13,855
285,765	-14,339
285,780	-13,575
285,795	-13,152
285,810	-13,285
285,825	-13,158
285,840	-13,622
285,855	-14,026
285,870	-13,061
285,885	-13,149
285,901	-13,037
285,916	-13,867
285,930	-13,825
285,945	-13,888
285,961	-13,821
285,976	-13,272
285,990	-13,100
286,005	-13,293
286,021	-14,003
286,036	-13,660
286,050	-14,255
286,065	-13,280
286,080	-12,897
286,096	-13,030
286,111	-13,033
286,125	-13,538
286,141	-13,566
286,156	-13,042
286,171	-13,732
286,186	-12,938
286,201	-13,563
286,216	-14,037
286,231	-13,478
286,246	-14,208
286,261	-12,923
286,276	-12,730
286,291	-13,059
286,306	-13,137
286,321	-13,852
286,336	-13,830
286,351	-12,880
286,366	-13,314
286,381	-12,771
286,396	-12,949
286,411	-13,504
286,426	-12,850
286,441	-13,986
286,456	-12,916
286,471	-12,533
286,486	-13,794
286,501	-12,534
286,516	-13,424
286,531	-13,989
286,546	-12,848
286,561	-13,187
286,576	-12,488
286,591	-13,243
286,606	-13,186
286,621	-13,515
286,636	-13,443
286,651	-12,874
286,666	-12,541
286,681	-13,091
286,696	-12,497
286,711	-12,795
286,726	-13,315
286,741	-12,581
286,756	-12,624
286,771	-12,822
286,786	-12,269
286,801	-13,084
286,816	-13,684
286,831	-13,336
286,846	-13,103
286,861	-12,715
286,876	-12,728
286,891	-12,545
286,906	-12,453
286,921	-12,902
286,936	-12,720
286,951	-12,512
286,966	-12,304
286,981	-12,362
286,996	-12,822
287,011	-13,080
287,026	-13,575
287,041	-12,354
287,056	-12,272
287,071	-12,365
287,086	-13,476
287,101	-12,511
287,116	-13,347
287,131	-12,262
287,146	-12,320
287,161	-12,263
287,176	-12,316
287,191	-12,840
287,206	-12,868
287,221	-12,324
287,236	-12,633
287,251	-12,421
287,266	-12,303
287,281	-13,364
287,296	-12,450
287,311	-12,874
287,326	-12,405
287,341	-12,935
287,356	-12,732
287,371	-11,968
287,386	-12,914
287,401	-12,992
287,416	-12,182
287,431	-12,150
287,446	-12,043
287,461	-12,317
287,476	-13,107
287,491	-12,418
287,506	-13,203
287,521	-12,068
287,536	-11,895
287,551	-12,410
287,566	-11,856
287,581	-12,531
287,596	-13,175
287,611	-12,131
287,626	-12,595
287,641	-12,081
287,656	-12,019
287,671	-13,105
287,686	-12,471
287,701	-13,156
287,716	-12,598
287,731	-12,019
287,746	-12,232
287,761	-12,271
287,776	-12,499
287,791	-12,893
287,806	-11,968
287,821	-11,921
287,836	-11,974
287,851	-12,093
287,866	-12,512
287,881	-12,545
287,897	-13,114
287,911	-12,576
287,926	-12,529
287,942	-12,150
287,957	-11,772
287,971	-11,866
287,986	-12,450
288,002	-11,811
288,017	-11,634
288,031	-11,637
288,046	-11,855
288,062	-11,858
288,077	-12,322
288,092	-12,897
288,107	-11,767
288,122	-11,790
288,137	-11,863
288,152	-12,412
288,167	-11,899
288,182	-12,789
288,197	-11,719
288,212	-11,717
288,227	-11,720
288,242	-11,824
288,257	-12,388
288,272	-11,679
288,287	-11,742
288,302	-11,996
288,317	-11,623
288,332	-11,535
288,347	-12,255
288,362	-11,993
288,377	-12,768
288,392	-11,602
288,407	-11,530
288,422	-11,478
288,437	-11,491
288,452	-12,025
288,467	-11,718
288,482	-11,515
288,497	-12,084
288,512	-11,501
288,527	-11,348
288,542	-11,878
288,557	-11,304
288,572	-12,280
288,587	-11,435
288,602	-11,318
288,617	-11,521
288,632	-11,289
288,647	-11,723
288,662	-11,876
288,677	-11,252
288,692	-11,631
288,707	-11,183
288,722	-11,482
288,737	-11,811
288,752	-11,157
288,767	-12,218
288,782	-11,163
288,797	-11,146
288,812	-11,680
288,827	-11,111
288,842	-11,907
288,857	-11,955
288,872	-11,010
288,887	-11,204
288,902	-10,916
288,917	-11,595
288,932	-11,919
288,947	-11,947
288,962	-12,246
288,977	-11,322
288,992	-11,796
289,007	-11,483
289,022	-12,093
289,037	-11,373
289,052	-12,284
289,067	-11,389
289,082	-11,001
289,097	-11,140
289,112	-10,967
289,127	-11,612
289,142	-11,971
289,157	-11,558
289,172	-11,440
289,187	-10,841
289,202	-11,020
289,217	-11,880
289,232	-11,472
289,247	-11,771
289,262	-11,027
289,277	-10,924
289,292	-10,973
289,307	-10,880
289,322	-11,520
289,337	-10,756
289,352	-10,648
289,367	-11,454
289,382	-10,810
289,397	-11,058
289,412	-11,924
289,427	-11,385
289,442	-11,483
289,457	-11,200
289,472	-10,817
289,487	-11,211
289,502	-10,778
289,517	-11,729
289,532	-10,864
289,547	-10,682
289,562	-11,291
289,577	-10,582
289,592	-10,620
289,607	-11,551
289,622	-11,293
289,637	-11,823
289,652	-10,958
289,667	-10,535
289,682	-11,104
289,697	-10,561
289,712	-11,336
289,727	-11,183
289,742	-10,610
289,757	-11,280
289,772	-10,631
289,787	-10,544
289,802	-11,584
289,817	-11,327
289,832	-11,360
289,847	-10,601
289,862	-10,523
289,877	-10,586
289,892	-10,374
289,907	-10,968
289,923	-11,137
289,937	-10,453
289,952	-10,230
289,967	-10,559
289,983	-10,722
289,998	-10,941
290,012	-11,305
290,027	-11,503
290,043	-10,463
290,058	-10,501
290,072	-11,106
290,088	-11,280
290,103	-10,811
290,118	-11,000
290,133	-10,621
290,148	-10,384
290,163	-10,362
290,178	-10,174
290,193	-10,698
290,208	-10,606
290,223	-11,326
290,238	-10,818
290,253	-10,013
290,268	-10,092
290,283	-10,736
290,298	-10,032
290,313	-10,461
290,328	-9,928
290,343	-9,966
290,358	-10,034
290,373	-9,766
290,388	-10,968
290,403	-10,670
290,418	-9,946
290,433	-10,169
290,448	-9,786
290,463	-9,959
290,478	-10,248
290,493	-10,026
290,508	-10,475
290,523	-9,956
290,538	-9,764
290,553	-10,444
290,568	-9,745
290,583	-10,470
290,598	-10,508
290,613	-9,788
290,628	-10,117
290,643	-9,464
290,658	-9,823
290,673	-10,287
290,688	-10,104
290,703	-10,523
290,718	-9,879
290,733	-9,662
290,748	-9,976
290,763	-9,487
290,778	-9,786
290,793	-10,200
290,808	-9,436
290,823	-10,171
290,838	-9,632
290,853	-9,455
290,868	-10,270
290,883	-9,441
290,898	-10,371
290,913	-9,552
290,928	-9,294
290,943	-9,101
290,958	-9,200
290,973	-9,579
290,988	-10,615
291,003	-9,399
291,018	-9,186
291,033	-9,119
291,048	-9,894
291,063	-9,722
291,078	-9,624
291,093	-10,229
291,108	-9,425
291,123	-9,673
291,138	-9,080
291,153	-9,915
291,168	-9,552
291,183	-9,811
291,198	-9,127
291,213	-8,779
291,228	-8,997
291,243	-9,336
291,258	-9,374
291,273	-9,187
291,288	-9,099
291,303	-8,821
291,318	-8,940
291,333	-9,103
291,348	-9,873
291,363	-8,818
291,378	-9,483
291,393	-9,045
291,408	-8,862
291,423	-8,654
291,438	-9,144
291,453	-9,678
291,468	-9,521
291,483	-9,037
291,498	-9,547
291,501	-8,634
291,516	-9,524
291,531	-10,089
291,546	-8,948
291,561	-9,287
291,576	-8,588
291,591	-9,343
291,606	-9,286
291,621	-9,615
291,636	-9,543
291,651	-8,974
291,666	-8,641
291,681	-9,191
291,696	-8,597
291,711	-8,895
291,726	-9,415
291,741	-8,681
291,756	-8,724
291,771	-8,922
291,786	-8,369
291,801	-9,184
291,816	-9,784
291,831	-9,436
291,846	-9,203
291,861	-8,815
291,876	-8,828
291,891	-8,645
291,906	-8,553
291,921	-9,002
291,936	-8,820
291,951	-8,612
291,966	-8,404
291,981	-8,462
291,996	-8,922
292,011	-9,180
292,026	-9,675
292,041	-8,454
292,056	-8,372
292,071	-8,465
292,086	-9,576
292,101	-8,611
292,116	-9,447
292,131	-8,362
292,146	-8,420
292,161	-8,363
292,176	-8,416
292,191	-8,940
292,206	-8,968
292,221	-8,424
292,236	-8,733
292,251	-8,521
292,266	-8,403
292,281	-9,464
292,296	-8,550
292,311	-8,974
292,326	-8,505
292,341	-9,035
292,356	-8,832
292,371	-8,068
292,386	-9,014
292,401	-9,092
292,416	-8,282
292,431	-8,250
292,446	-8,143
292,461	-8,417
292,476	-9,207
292,491	-8,518
292,506	-9,303
292,521	-8,168
292,536	-7,995
292,551	-8,510
292,566	-7,956
292,581	-8,631
292,596	-9,275
292,611	-8,231
292,626	-8,695
292,641	-8,181
292,656	-8,119
292,671	-9,205
292,686	-8,571
292,701	-9,256
292,716	-8,698
292,731	-8,119
292,746	-8,332
292,761	-8,371
292,776	-8,599
292,791	-8,993
292,806	-8,068
292,821	-8,021
292,836	-8,074
292,851	-8,193
292,866	-8,612
292,881	-8,645
292,897	-9,214
292,911	-8,676
292,926	-8,629
292,942	-8,250
292,957	-7,872
292,971	-7,966
292,986	-8,550
293,002	-7,911
293,017	-7,734
293,031	-7,737
293,046	-7,955
293,062	-7,958
293,077	-8,422
293,092	-8,997
293,107	-7,867
293,122	-7,890
293,137	-7,963
293,152	-8,512
293,167	-7,999
293,182	-8,889
293,197	-7,819
293,212	-7,817
293,227	-7,820
293,242	-7,924
293,257	-8,488
293,272	-7,779
293,287	-7,842
293,302	-8,096
293,317	-7,723
293,332	-7,635
293,347	-8,355
293,362	-8,093
293,377	-8,868
293,392	-7,702
293,407	-7,630
293,422	-7,578
293,437	-7,591
293,452	-8,125
293,467	-7,818
293,482	-7,615
293,497	-8,184
293,512	-7,601
293,527	-7,448
293,542	-7,978
293,557	-7,404
293,572	-8,380
293,587	-7,535
293,602	-7,418
293,617	-7,621
293,632	-7,389
293,647	-7,823
293,662	-7,976
293,677	-7,352
293,692	-7,731
293,707	-7,283
293,722	-7,582
293,737	-7,911
293,752	-7,257
293,767	-8,318
293,782	-7,263
293,797	-7,246
293,812	-7,780
293,827	-7,211
293,842	-8,007
293,857	-8,055
293,872	-7,110
293,887	-7,304
293,902	-7,016
293,917	-7,695
293,932	-8,019
293,947	-8,047
293,962	-8,346
293,977	-7,422
293,992	-7,896
294,007	-7,583
294,022	-8,193
294,037	-7,473
294,052	-8,384
294,067	-7,489
294,082	-7,101
294,097	-7,240
294,112	-7,067
294,127	-7,712
294,142	-8,071
294,157	-7,658
294,172	-7,540
294,187	-6,941
294,202	-7,120
294,217	-7,980
294,232	-7,572
294,247	-7,871
294,262	-7,127
294,277	-7,024
294,292	-7,073
294,307	-6,980
294,322	-7,620
294,337	-6,856
294,352	-6,748
294,367	-7,554
294,382	-6,910
294,397	-7,158
294,412	-8,024
294,427	-7,485
294,442	-7,583
294,457	-7,300
294,472	-6,917
294,487	-7,311
294,502	-6,878
294,517	-7,829
294,532	-6,964
294,547	-6,782
294,562	-7,391
294,577	-6,682
294,592	-6,720
294,607	-7,651
294,622	-7,393
294,637	-7,923
294,652	-7,058
294,667	-6,635
294,682	-7,204
294,697	-6,661
294,712	-7,436
294,727	-7,283
294,742	-6,710
294,757	-7,380
294,772	-6,731
294,787	-6,644
294,802	-7,684
294,817	-7,427
294,832	-7,460
294,847	-6,701
294,862	-6,623
294,877	-6,686
294,892	-6,474
294,907	-7,068
294,923	-7,237
294,937	-6,553
294,952	-6,330
294,967	-6,659
294,983	-6,822
294,998	-7,041
295,012	-7,405
295,027	-7,603
295,043	-6,563
295,058	-6,601
295,072	-7,206
295,088	-7,380
295,103	-6,911
295,118	-7,100
295,133	-6,721
295,148	-6,484
295,163	-6,462
295,178	-6,274
295,193	-6,798
295,208	-6,706
295,223	-7,426
295,238	-6,918
295,253	-6,113
295,268	-6,192
295,283	-6,836
295,298	-6,132
295,313	-6,561
295,328	-6,028
295,343	-6,066
295,358	-6,134
295,373	-5,866
295,388	-7,068
295,403	-6,770
295,418	-6,046
295,433	-6,269
295,448	-5,886
295,463	-6,059
295,478	-6,348
295,493	-6,126
295,508	-6,575
295,523	-6,056
295,538	-5,864
295,553	-6,544
295,568	-5,845
295,583	-6,570
295,598	-6,608
295,613	-5,888
295,628	-6,217
295,643	-5,564
295,658	-5,923
295,673	-6,387
295,688	-6,204
295,703	-6,623
295,718	-5,979
295,733	-5,762
295,748	-6,076
295,763	-5,587
295,778	-5,886
295,793	-6,300
295,808	-5,536
295,823	-6,271
295,838	-5,732
295,853	-5,555
295,868	-6,370
295,883	-5,541
295,898	-6,471
295,913	-5,652
295,928	-5,394
295,943	-5,201
295,958	-5,300
295,973	-5,679
295,988	-6,715
296,003	-5,499
296,018	-5,286
296,033	-5,219
296,048	-5,994
296,063	-5,822
296,078	-5,724
296,093	-6,329
296,108	-5,525
296,123	-5,773
296,138	-5,180
296,153	-6,015
296,168	-5,652
296,183	-5,911
296,198	-5,227
296,213	-4,879
296,228	-5,097
296,243	-5,436
296,258	-5,474
296,273	-5,287
296,288	-5,199
296,303	-4,921
296,318	-5,040
296,333	-5,203
296,348	-5,973
296,363	-4,918
296,378	-5,583
296,393	-5,145
296,408	-4,962
296,423	-4,754
296,438	-5,244
296,453	-5,778
296,468	-5,621
296,483	-5,137
296,498	-5,647
296,501	-4,734
296,516	-5,624
296,531	-6,189
296,546	-5,048
296,561	-5,387
296,576	-4,688
296,591	-5,443
296,606	-5,386
296,621	-5,715
296,636	-5,643
296,651	-5,074
296,666	-4,741
296,681	-5,291
296,696	-4,697
296,711	-4,995
296,726	-5,515
296,741	-4,781
296,756	-4,824
296,771	-5,022
296,786	-4,469
296,801	-5,284
296,816	-5,884
296,831	-5,536
296,846	-5,303
296,861	-4,915
296,876	-4,928
296,891	-4,745
296,906	-4,653
296,921	-5,102
296,936	-4,920
296,951	-4,712
296,966	-4,504
296,981	-4,562
296,996	-5,022
297,011	-5,280
297,026	-5,775
297,041	-4,554
297,056	-4,472
297,071	-4,565
297,086	-5,676
297,101	-4,711
297,116	-5,547
297,131	-4,462
297,146	-4,520
297,161	-4,463
297,176	-4,516
297,191	-5,040
297,206	-5,068
297,221	-4,524
297,236	-4,833
297,251	-4,621
297,266	-4,503
297,281	-5,564
297,296	-4,650
297,311	-5,074
297,326	-4,605
297,341	-5,135
297,356	-4,932
297,371	-4,168
297,386	-5,114
297,401	-5,192
297,416	-4,382
297,431	-4,350
297,446	-4,243
297,461	-4,517
297,476	-5,307
297,491	-4,618
297,506	-5,403
297,521	-4,268
297,536	-4,095
297,551	-4,610
297,566	-4,056
297,581	-4,731
297,596	-5,375
297,611	-4,331
297,626	-4,795
297,641	-4,281
297,656	-4,219
297,671	-5,305
297,686	-4,671
297,701	-5,356
297,716	-4,798
297,731	-4,219
297,746	-4,432
297,761	-4,471
297,776	-4,699
297,791	-5,093
297,806	-4,168
297,821	-4,121
297,836	-4,174
297,851	-4,293
297,866	-4,712
297,881	-4,745
297,897	-5,314
297,911	-4,776
297,926	-4,729
297,942	-4,350
297,957	-3,972
297,971	-4,066
297,986	-4,650
298,002	-4,011
298,017	-3,834
298,031	-3,837
298,046	-4,055
298,062	-4,058
298,077	-4,522
298,092	-5,097
298,107	-3,967
298,122	-3,990
298,137	-4,063
298,152	-4,612
298,167	-4,099
298,182	-4,989
298,197	-3,919
298,212	-3,917
298,227	-3,920
298,242	-4,024
298,257	-4,588
298,272	-3,879
298,287	-3,942
298,302	-4,196
298,317	-3,823
298,332	-3,735
298,347	-4,455
298,362	-4,193
298,377	-4,968
298,392	-3,802
298,407	-3,730
298,422	-3,678
298,437	-3,691
298,452	-4,225
298,467	-3,918
298,482	-3,715
298,497	-4,284
298,512	-3,701
298,527	-3,548
298,542	-4,078
298,557	-3,504
298,572	-4,480
298,587	-3,635
298,602	-3,518
298,617	-3,721
298,632	-3,489
298,647	-3,923
298,662	-4,076
298,677	-3,452
298,692	-3,831
298,707	-3,383
298,722	-3,682
298,737	-4,011
298,752	-3,357
298,767	-4,418
298,782	-3,363
298,797	-3,346
298,812	-3,880
298,827	-3,311
298,842	-4,107
298,857	-4,155
298,872	-3,210
298,887	-3,404
298,902	-3,116
298,917	-3,795
298,932	-4,119
298,947	-4,147
298,962	-4,446
298,977	-3,522
298,992	-3,996
299,007	-3,683
299,022	-4,293
299,037	-3,573
299,052	-4,484
299,067	-3,589
299,082	-3,201
299,097	-3,340
299,112	-3,167
299,127	-3,812
299,142	-4,171
299,157	-3,758
299,172	-3,640
299,187	-3,041
299,202	-3,220
299,217	-4,080
299,232	-3,672
299,247	-3,971
299,262	-3,227
299,277	-3,124
299,292	-3,173
299,307	-3,080
299,322	-3,720
299,337	-2,956
299,352	-2,848
299,367	-3,654
299,382	-3,010
299,397	-3,258
299,412	-4,124
299,427	-3,585
299,442	-3,683
299,457	-3,400
299,472	-3,017
299,487	-3,411
299,502	-2,978
299,517	-3,929
299,532	-3,064
299,547	-2,882
299,562	-3,491
299,577	-2,782
299,592	-2,820
299,607	-3,751
299,622	-3,493
299,637	-4,023
299,652	-3,158
299,667	-2,735
299,682	-3,304
299,697	-2,761
299,712	-3,536
299,727	-3,383
299,742	-2,810
299,757	-3,480
299,772	-2,831
299,787	-2,744
299,802	-3,784
299,817	-3,527
299,832	-3,560
299,847	-2,801
299,862	-2,723
299,877	-2,786
299,892	-2,574
299,907	-3,168
299,923	-3,337
299,937	-2,653
299,952	-2,430
299,967	-2,759
299,983	-2,922
299,998	-3,141
300,012	-3,505
300,027	-3,703
300,043	-2,663
300,058	-2,701
300,072	-3,306
300,088	-3,480
300,103	-3,011
300,118	-3,200
300,133	-2,821
300,148	-2,584
300,163	-2,562
300,178	-2,374
300,193	-2,898
300,208	-2,806
300,223	-3,526
300,238	-3,018
300,253	-2,213
300,268	-2,292
300,283	-2,936
300,298	-2,232
300,313	-2,661
300,328	-2,128
300,343	-2,166
300,358	-2,234
300,373	-1,966
300,388	-3,168
300,403	-2,870
300,418	-2,146
300,433	-2,369
300,448	-1,986
300,463	-2,159
300,478	-2,448
300,493	-2,226
300,508	-2,675
300,523	-2,156
300,538	-1,964
300,553	-2,644
300,568	-1,945
300,583	-2,670
300,598	-2,708
300,613	-1,988
300,628	-2,317
300,643	-1,664
300,658	-2,023
300,673	-2,487
300,688	-2,304
300,703	-2,723
300,718	-2,079
300,733	-1,862
300,748	-2,176
300,763	-1,687
300,778	-1,986
300,793	-2,400
300,808	-1,636
300,823	-2,371
300,838	-1,832
300,853	-1,655
300,868	-2,470
300,883	-1,641
300,898	-2,571
300,913	-1,752
300,928	-1,494
300,943	-1,301
300,958	-1,400
300,973	-1,779
300,988	-2,815
301,003	-1,599
301,018	-1,386
301,033	-1,319
301,048	-2,094
301,063	-1,922
301,078	-1,824
301,093	-2,429
301,108	-1,625
301,123	-1,873
301,138	-1,280
301,153	-2,115
301,168	-1,752
301,183	-2,011
301,198	-1,327
301,213	-0,979
301,228	-1,197
301,243	-1,536
301,258	-1,574
301,273	-1,387
301,288	-1,299
301,303	-1,021
301,318	-1,140
301,333	-1,303
301,348	-2,073
301,363	-1,018
301,378	-1,683
301,393	-1,245
301,408	-1,062
301,423	-0,854
301,438	-1,344
301,453	-1,878
301,468	-1,721
301,483	-1,237
301,498	-1,747
301,501	-0,834
301,516	-1,724
301,531	-2,289
301,546	-1,148
301,561	-1,487
301,576	-0,788
301,591	-1,543
301,606	-1,486
301,621	-1,815
301,636	-1,743
301,651	-1,174
301,666	-0,841
301,681	-1,391
301,696	-0,797
301,711	-1,095
301,726	-1,615
301,741	-0,881
301,756	-0,924
301,771	-1,122
301,786	-0,569
301,801	-1,384
301,816	-1,984
301,831	-1,636
301,846	-1,403
301,861	-1,015
301,876	-1,028
301,891	-0,845
301,906	-0,753
301,921	-1,202
301,936	-1,020
301,951	-0,812
301,966	-0,604
301,981	-0,662
301,996	-1,122
302,011	-1,380
302,026	-1,875
302,041	-0,654
302,056	-0,572
302,071	-0,665
302,086	-1,776
302,101	-0,811
302,116	-1,647
302,131	-0,562
302,146	-0,620
302,161	-0,563
302,176	-0,616
302,191	-1,140
302,206	-1,168
302,221	-0,624
302,236	-0,933
302,251	-0,721
302,266	-0,603
302,281	-1,664
302,296	-0,750
302,311	-1,174
302,326	-0,705
302,341	-1,235
302,356	-1,032
302,371	-0,268
302,386	-1,214
302,401	-1,292
302,416	-0,482
302,431	-0,450
302,446	-0,343
302,461	-0,617
302,476	-1,407
302,491	-0,718
302,506	-1,503
302,521	-0,368
302,536	-0,195
302,551	-0,710
302,566	-0,156
302,581	-0,831
302,596	-1,475
302,611	-0,431
302,626	-0,895
302,641	-0,381
302,656	-0,319
302,671	-1,405
302,686	-0,771
302,701	-1,456
302,716	-0,898
302,731	-0,319
302,746	-0,532
302,761	-0,571
302,776	-0,799
302,791	-1,193
302,806	-0,268
302,821	-0,221
302,836	-0,274
302,851	-0,393
302,866	-0,812
302,881	-0,845
302,897	-1,414
302,911	-0,876
302,926	-0,829
302,942	-0,450
302,957	-0,072
302,971	-0,166
302,986	-0,750
303,002	-0,111
303,017	0,066
303,031	0,063
303,046	-0,155
303,062	-0,158
303,077	-0,622
303,092	-1,197
303,107	-0,067
303,122	-0,090
303,137	-0,163
303,152	-0,712
303,167	-0,199
303,182	-1,089
303,197	-0,019
303,212	-0,017
303,227	-0,020
303,242	-0,124
303,257	-0,688
303,272	0,021
303,287	-0,042
303,302	-0,296
303,317	0,077
303,332	0,165
303,347	-0,555
303,362	-0,293
303,377	-1,068
303,392	0,098
303,407	0,170
303,422	0,222
303,437	0,209
303,452	-0,325
303,467	-0,018
303,482	0,185
303,497	-0,384
303,512	0,199
303,527	0,352
303,542	-0,178
303,557	0,396
303,572	-0,580
303,587	0,265
303,602	0,382
303,617	0,179
303,632	0,411
303,647	-0,023
303,662	-0,176
303,677	0,448
303,692	0,069
303,707	0,517
303,722	0,218
303,737	-0,111
303,752	0,543
303,767	-0,518
303,782	0,537
303,797	0,554
303,812	0,020
303,827	0,589
303,842	-0,207
303,857	-0,255
303,872	0,690
303,887	0,496
303,902	0,784
303,917	0,105
303,932	-0,219
303,947	-0,247
303,962	-0,546
303,977	0,378
303,992	-0,096
304,007	0,217
304,022	-0,393
304,037	0,327
304,052	-0,584
304,067	0,311
304,082	0,699
304,097	0,560
304,112	0,733
304,127	0,088
304,142	-0,271
304,157	0,142
304,172	0,260
304,187	0,859
304,202	0,680
304,217	-0,180
304,232	0,228
304,247	-0,071
304,262	0,673
304,277	0,776
304,292	0,727
304,307	0,820
304,322	0,180
304,337	0,944
304,352	1,052
304,367	0,246
304,382	0,890
304,397	0,642
304,412	-0,224
304,427	0,315
304,442	0,217
304,457	0,500
304,472	0,883
304,487	0,489
304,502	0,922
304,517	-0,029
304,532	0,836
304,547	1,018
304,562	0,409
304,577	1,118
304,592	1,080
304,607	0,149
304,622	0,407
304,637	-0,123
304,652	0,742
304,667	1,165
304,682	0,596
304,697	1,139
304,712	0,364
304,727	0,517
304,742	1,090
304,757	0,420
304,772	1,069
304,787	1,156
304,802	0,116
304,817	0,373
304,832	0,340
304,847	1,099
304,862	1,177
304,877	1,114
304,892	1,326
304,907	0,732
304,923	0,563
304,937	1,247
304,952	1,470
304,967	1,141
304,983	0,978
304,998	0,759
305,012	0,395
305,027	0,197
305,043	1,237
305,058	1,199
305,072	0,594
305,088	0,420
305,103	0,889
305,118	0,700
305,133	1,079
305,148	1,316
305,163	1,338
305,178	1,526
305,193	1,002
305,208	1,094
305,223	0,374
305,238	0,882
305,253	1,687
305,268	1,608
305,283	0,964
305,298	1,668
305,313	1,239
305,328	1,772
305,343	1,734
305,358	1,666
305,373	1,934
305,388	0,732
305,403	1,030
305,418	1,754
305,433	1,531
305,448	1,914
305,463	1,741
305,478	1,452
305,493	1,674
305,508	1,225
305,523	1,744
305,538	1,936
305,553	1,256
305,568	1,955
305,583	1,230
305,598	1,192
305,613	1,912
305,628	1,583
305,643	2,236
305,658	1,877
305,673	1,413
305,688	1,596
305,703	1,177
305,718	1,821
305,733	2,038
305,748	1,724
305,763	2,213
305,778	1,914
305,793	1,500
305,808	2,264
305,823	1,529
305,838	2,068
305,853	2,245
305,868	1,430
305,883	2,259
305,898	1,329
305,913	2,148
305,928	2,406
305,943	2,599
305,958	2,500
305,973	2,121
305,988	1,085
306,003	2,301
306,018	2,514
306,033	2,581
306,048	1,806
306,063	1,978
306,078	2,076
306,093	1,471
306,108	2,275
306,123	2,027
306,138	2,620
306,153	1,785
306,168	2,148
306,183	1,889
306,198	2,573
306,213	2,921
306,228	2,703
306,243	2,364
306,258	2,326
306,273	2,513
306,288	2,601
306,303	2,879
306,318	2,760
306,333	2,597
306,348	1,827
306,363	2,882
306,378	2,217
306,393	2,655
306,408	2,838
306,423	3,046
306,438	2,556
306,453	2,022
306,468	2,179
306,483	2,663
306,498	2,153
306,513	2,842
306,528	3,200
306,543	1,924
306,558	2,919
306,573	2,565
306,588	2,602
306,603	3,171
306,618	2,621
306,633	3,009
306,648	2,390
306,663	2,923
306,678	3,126
306,693	2,486
306,708	3,070
306,723	2,661
306,738	2,542
306,753	3,096
306,768	2,316
306,783	2,929
306,798	3,032
306,813	1,971
306,828	3,206
306,843	2,963
306,858	2,273
306,873	3,142
306,889	3,260
306,903	3,292
306,918	3,264
306,933	2,313
306,949	2,551
306,964	2,588
306,978	3,292
306,993	3,495
307,009	2,554
307,024	3,509
307,038	2,974
307,053	2,786
307,068	3,249
307,084	3,517
307,099	3,449
307,114	3,672
307,129	2,877
307,144	2,979
307,159	2,866
307,174	3,138
307,189	3,657
307,204	3,213
307,219	2,834
307,234	3,382
307,249	2,522
307,264	3,467
307,279	3,825
307,294	3,601
307,309	3,708
307,324	3,249
307,339	3,517
307,354	3,925
307,369	3,351
307,384	3,954
307,399	3,972
307,414	3,392
307,429	3,610
307,444	3,221
307,459	3,995
307,474	3,977
307,489	3,312
307,504	4,166
307,519	3,697
307,534	4,040
307,549	4,253
307,564	3,708
307,579	4,287
307,594	3,577
307,609	3,394
307,624	3,671
307,639	2,886
307,654	4,302
307,669	3,632
307,684	3,940
307,699	4,379
307,714	3,398
307,729	3,897
307,744	4,280
307,759	3,615
307,774	4,525
307,789	4,176
307,804	3,546
307,819	3,979
307,834	3,440
307,849	4,369
307,864	4,803
307,879	4,489
307,894	4,721
307,909	3,991
307,924	4,164
307,939	4,492
307,954	4,725
307,969	5,053
307,984	3,972
307,999	4,430
308,014	4,026
308,029	3,827
308,044	4,266
308,059	5,060
308,074	4,475
308,089	5,225
308,104	4,545
308,119	3,775
308,134	5,151
308,149	4,927
308,164	5,310
308,179	5,142
308,194	4,417
308,209	4,599
308,224	4,481
308,239	5,466
308,254	5,628
308,269	5,239
308,284	4,479
308,299	4,912
308,314	5,451
308,329	5,498
308,344	5,701
308,359	6,034
308,374	5,865
308,389	5,526
308,404	5,754
308,419	6,072
308,434	5,894
308,449	5,986
308,464	5,471
308,479	4,957
308,494	5,691
308,509	5,257
308,524	6,252
308,539	6,480
308,554	5,875
308,569	6,619
308,584	6,060
308,599	6,077
308,614	7,212
308,629	7,043
308,644	7,392
308,659	7,278
308,674	6,990
308,689	7,814
308,704	7,665
308,719	8,966
308,734	9,304
308,749	9,126
308,764	9,865
308,779	8,949
308,794	9,593
308,809	10,463
308,824	10,390
308,839	11,229
308,854	11,366
308,869	10,496
308,884	11,982
308,899	11,042
308,914	12,092
308,930	12,324
308,945	12,221
308,959	12,950
308,974	11,889
308,990	11,876
309,005	13,212
309,019	13,154
309,034	13,357
309,050	12,958
309,065	12,659
309,079	13,172
309,094	12,914
309,110	13,778
309,125	13,911
309,140	13,060
309,155	13,168
309,170	13,250
309,185	13,167
309,200	13,735
309,215	14,063
309,230	13,825
309,245	13,396
309,260	13,568
309,275	13,676
309,290	12,900
309,305	13,233
309,320	13,491
309,335	13,192
309,350	12,974
309,365	13,427
309,380	12,522
309,395	13,832
309,410	13,679
309,425	13,761
309,440	13,548
309,455	12,893
309,470	12,860
309,485	13,644
309,500	13,330
309,515	13,608
309,530	13,535
309,545	12,760
309,560	12,988
309,575	12,990
309,590	13,343
309,605	13,505
309,620	12,890
309,635	13,790
309,650	12,433
309,665	12,872
309,680	13,380
309,695	12,755
309,710	13,294
309,725	13,617
309,740	12,501
309,755	13,390
309,770	12,726
309,785	13,304
309,800	13,482
309,815	12,902
309,830	13,576
309,845	12,164
309,860	12,657
309,875	13,487
309,890	12,883
309,905	13,341
309,920	13,007
309,935	12,447
309,950	13,242
309,965	12,236
309,980	13,707
309,995	13,945
310,010	13,250
310,025	13,844
310,040	13,184
310,055	13,151
310,070	13,965
310,085	14,082
310,100	13,884
310,115	14,152
310,130	13,316
310,145	14,066
310,160	13,291
310,175	14,035
310,190	14,428
310,205	14,279
310,220	13,730
310,235	13,917
310,250	13,749
310,265	14,248
310,280	14,310
310,295	14,583
310,310	14,133
310,325	13,729
310,340	13,872
310,355	13,748
310,370	14,452
310,385	14,515
310,400	14,657
310,415	13,626
310,430	14,446
310,445	14,012
310,460	14,881
310,475	14,718
310,490	14,725
310,505	13,779
310,520	13,977
310,535	14,089
310,550	14,838
310,565	14,830
310,580	15,008
310,595	14,849
310,610	13,718
310,625	14,899
310,640	14,063
310,655	14,542
310,670	14,564
310,685	14,009
310,700	14,693
310,715	13,667
310,730	13,900
310,745	14,394
310,760	13,970
310,775	14,072
310,790	14,264
310,805	13,394
310,820	13,461
310,835	13,182
310,850	14,162
310,865	14,134
310,880	13,630
310,895	14,018
310,911	12,812
310,925	13,135
310,940	13,678
310,955	13,239
310,971	13,682
310,986	13,123
311,000	12,398
311,015	13,353
311,031	12,312
311,046	12,880
311,060	12,692
311,075	12,393
311,091	13,017
311,106	11,941
311,121	12,048
311,136	12,411
311,151	12,519
311,166	12,155
311,181	12,097
311,196	11,281
311,211	11,334
311,226	11,246
311,241	11,353
311,256	11,846
311,271	10,991
311,286	10,451
311,301	10,639
311,316	10,801
311,331	11,265
311,346	11,081
311,361	10,878
311,376	10,715
311,391	9,538
311,406	9,871
311,421	10,615
311,436	10,041
311,451	10,153
311,466	10,050
311,481	9,255
311,496	9,472
311,511	9,169
311,526	9,627
311,541	9,569
311,556	9,726
311,571	9,523
311,586	8,863
311,601	8,634
311,616	9,298
311,631	8,584
311,646	9,373
311,661	8,848
311,676	8,013
311,691	8,963
311,706	8,303
311,721	8,851
311,736	8,838
311,751	8,038
311,766	8,803
311,781	8,022
311,796	8,837
311,811	8,578
311,826	7,908
311,841	8,487
311,856	8,419
311,871	7,408
311,886	8,267
311,901	7,367
311,916	8,387
311,931	8,193
311,946	7,859
311,961	8,398
311,976	7,663
311,991	8,442
312,006	8,189
312,021	8,276
312,036	8,243
312,051	8,325
312,066	7,154
312,081	8,134
312,096	6,917
312,111	7,957
312,126	8,055
312,141	8,032
312,156	8,400
312,171	7,238
312,186	7,546
312,201	7,980
312,216	8,047
312,231	8,119
312,246	7,509
312,261	7,085
312,276	8,180
312,291	7,215
312,306	8,064
312,321	7,520
312,336	7,597
312,351	7,404
312,366	7,671
312,381	8,040
312,396	7,821
312,411	8,054
312,426	8,241
312,441	7,075
312,456	7,242
312,471	7,475
312,486	8,350
312,501	7,880
312,516	8,138
312,531	7,824
312,546	8,012
312,561	7,833
312,576	7,590
312,591	8,184
312,606	8,136
312,621	7,631
312,636	8,445
312,651	7,781
312,666	7,647
312,681	8,411
312,696	8,353
312,711	8,330
312,726	8,553
312,741	7,643
312,756	8,251
312,771	7,812
312,786	8,426
312,801	8,679
312,816	8,189
312,831	8,332
312,846	7,727
312,861	7,634
312,876	8,639
312,891	8,526
312,906	8,633
312,921	8,580
312,937	8,316
312,952	8,439
312,966	7,739
312,981	8,829
312,997	8,405
313,012	8,357
313,026	8,930
313,041	7,985
313,057	8,192
313,072	9,087
313,087	8,658
313,102	9,001
313,116	9,093
313,132	8,198
313,147	8,144
313,162	7,911
313,177	9,116
313,192	8,903
313,207	8,358
313,222	8,822
313,237	8,468
313,252	8,289
313,267	8,853
313,282	9,306
313,297	9,178
313,312	8,954
313,327	8,104
313,342	8,337
313,357	7,812
313,372	9,043
313,387	9,190
313,402	8,520
313,417	8,447
313,432	8,750
313,447	8,491
313,462	9,090
313,477	8,806
313,492	9,130
313,507	9,081
313,522	8,346
313,537	8,930
313,552	9,293
313,567	8,573
313,582	9,302
313,597	8,898
313,612	8,303
313,627	8,757
313,642	8,273
313,657	9,383
313,672	8,903
313,687	8,970
313,702	8,902
313,717	8,559
313,732	9,338
313,747	9,390
313,762	8,931
313,777	9,464
313,792	8,990
313,807	8,821
313,822	9,430
313,837	8,936
313,852	9,409
313,867	9,457
313,882	9,087
313,897	9,561
313,912	8,886
313,927	8,994
313,942	9,713
313,957	9,003
313,972	9,687
313,987	9,548
314,002	8,929
314,017	9,467
314,032	8,853
314,047	9,787
314,062	9,624
314,077	9,134
314,092	9,643
314,107	8,632
314,122	8,885
314,137	9,814
314,152	9,691
314,167	10,054
314,182	9,720
314,197	8,705
314,212	9,704
314,227	8,814
314,242	9,538
314,257	9,916
314,272	9,638
314,287	8,857
314,302	9,541
314,317	9,574
314,332	10,042
314,347	10,054
314,362	10,041
314,377	10,093
314,392	9,022
314,407	9,546
314,422	8,806
314,437	9,625
314,452	10,164
314,467	9,940
314,482	8,949
314,497	9,408
314,512	9,129
314,527	9,878
314,542	10,041
314,557	10,213
314,572	9,599
314,587	9,270
314,602	10,134
314,617	10,317
314,632	9,787
314,647	10,311
314,662	10,087
314,677	9,462
314,692	9,430
314,707	9,452
314,722	10,406
314,737	10,413
314,752	9,829
314,767	10,422
314,782	9,823
314,797	9,499
314,812	10,659
314,827	10,225
314,842	10,819
314,857	10,174
314,872	9,650
314,887	10,629
314,902	10,035
314,917	11,000
314,933	11,012
314,947	10,497
314,962	10,880
314,978	10,632
314,993	10,844
315,007	11,087
315,022	10,778
315,038	10,946
315,053	10,798
315,067	10,303
315,083	11,102
315,098	10,352
315,113	10,856
315,128	10,913
315,143	10,770
315,158	11,238
315,173	10,433
315,188	10,485
315,203	11,455
315,218	11,537
315,233	11,569
315,248	11,431
315,263	10,781
315,278	11,550
315,293	10,805
315,308	11,444
315,323	11,797
315,338	12,025
315,353	11,059
315,368	11,442
315,383	11,139
315,398	11,983
315,413	12,020
315,428	12,238
315,443	11,603
315,458	11,415
315,473	11,863
315,488	11,369
315,503	11,917
315,518	12,701
315,533	11,952
315,548	11,522
315,563	12,367
315,578	12,494
315,593	13,123
315,608	13,130
315,623	13,047
315,638	12,883
315,653	12,881
315,668	12,712
315,683	13,867
315,698	13,588
315,713	13,736
315,728	13,207
315,743	13,013
315,758	14,038
315,773	13,484
315,788	14,153
315,803	13,588
315,818	13,680
315,833	14,946
315,848	13,970
315,863	14,449
315,878	15,283
315,893	15,175
315,908	15,423
315,923	15,329
315,938	15,146
315,953	16,156
315,968	15,802
315,983	16,591
315,998	16,959
316,013	16,851
316,028	17,775
316,043	17,241
316,058	17,985
316,073	19,286
316,088	19,784
316,103	20,980
316,118	21,543
316,133	21,962
316,148	23,548
316,163	24,974
316,178	27,619
316,193	29,872
316,208	32,562
316,223	35,246
316,238	37,655
316,253	41,127
316,268	45,852
316,283	50,618
316,298	55,153
316,313	59,878
316,328	64,729
316,343	71,535
316,358	77,599
316,373	84,550
316,388	91,572
316,403	98,158
316,418	104,844
316,433	113,269
316,448	121,314
316,463	128,777
316,478	136,671
316,493	144,531
316,508	151,858
316,523	158,368
316,538	165,917
316,553	172,899
316,568	177,784
316,583	183,463
316,598	186,954
316,613	189,744
316,628	192,178
316,643	192,301
316,658	191,681
316,673	189,692
316,688	186,410
316,703	182,005
316,718	176,331
316,733	171,073
316,748	166,763
316,763	160,894
316,778	154,989
316,793	149,415
316,808	142,829
316,823	137,907
316,838	132,719
316,853	127,883
316,868	123,086
316,884	117,548
316,898	113,418
316,913	108,401
316,928	104,603
316,943	101,120
316,959	96,810
316,974	93,754
316,988	90,241
317,003	85,615
317,019	82,934
317,034	79,767
317,048	77,388
317,063	74,938
317,079	70,949
317,094	69,782
317,109	65,984
317,124	64,657
317,139	62,573
317,154	60,199
317,169	58,135
317,184	55,805
317,199	53,325
317,214	52,049
317,229	49,995
317,244	48,914
317,259	47,477
317,274	45,313
317,289	44,378
317,304	42,519
317,319	40,691
317,334	40,513
317,349	39,066
317,364	37,920
317,379	37,080
317,394	35,567
317,409	34,782
317,424	32,974
317,439	32,926
317,454	31,995
317,469	31,160
317,484	29,552
317,499	28,933
317,514	28,303
317,529	28,120
317,544	27,415
317,559	26,780
317,574	25,970
317,589	24,879
317,604	24,801
317,619	24,492
317,634	23,757
317,649	23,538
317,664	22,382
317,679	21,783
317,694	21,073
317,709	21,150
317,724	21,152
317,739	20,818
317,754	20,038
317,769	20,050
317,784	18,889
317,799	18,866
317,814	19,159
317,829	18,604
317,844	18,661
317,859	18,257
317,874	17,116
317,889	17,058
317,904	17,306
317,919	17,037
317,934	17,225
317,949	16,374
317,964	16,582
317,979	16,298
317,994	15,688
318,009	16,017
318,024	15,848
318,039	15,720
318,054	15,100
318,069	14,160
318,084	15,330
318,099	13,903
318,114	15,319
318,129	14,840
318,144	14,200
318,159	14,493
318,174	13,672
318,189	13,589
318,204	14,238
318,219	14,275
318,234	14,232
318,249	13,557
318,264	12,913
318,279	13,161
318,294	12,746
318,309	13,440
318,324	13,858
318,339	13,369
318,354	13,567
318,369	12,701
318,384	12,443
318,399	13,162
318,414	13,169
318,429	12,930
318,444	12,596
318,459	12,207
318,474	12,595
318,489	11,695
318,504	12,961
318,519	12,913
318,534	12,739
318,549	11,648
318,564	11,801
318,579	12,224
318,594	12,712
318,609	12,584
318,624	12,696
318,639	12,367
318,654	12,199
318,669	12,672
318,684	12,900
318,699	12,541
318,714	12,593
318,729	12,295
318,744	11,981
318,759	11,928
318,774	11,764
318,789	12,182
318,804	11,518
318,819	11,730
318,834	12,349
318,849	11,358
318,864	11,636
318,879	12,305
318,894	12,287
318,909	12,269
318,925	11,905
318,940	11,476
318,954	11,674
318,969	11,470
318,985	12,164
319,000	12,241
319,014	11,667
319,029	12,240
319,045	11,400
319,060	11,513
319,075	12,337
319,089	11,371
319,105	12,140
319,120	11,501
319,135	11,327
319,150	11,460
319,165	11,176
319,180	11,890
319,195	12,233
319,210	11,839
319,225	12,137
319,240	11,151
319,255	12,016
319,270	12,018
319,285	11,428
319,300	12,197
319,315	12,004
319,330	11,184
319,345	11,822
319,360	10,997
319,375	11,997
319,390	12,124
319,405	11,415
319,420	11,502
319,435	11,007
319,450	12,168
319,465	11,879
319,480	11,695
319,495	11,903
319,510	12,056
319,525	10,894
319,540	12,145
319,555	10,959
319,570	12,234
319,585	12,191
319,600	11,837
319,615	11,067
319,630	11,360
319,645	12,014
319,660	11,986
319,675	11,537
319,690	12,030
319,705	11,486
319,720	11,332
319,735	11,580
319,750	11,923
319,765	11,724
319,780	11,977
319,795	11,247
319,810	11,089
319,825	11,487
319,840	10,732
319,855	11,988
319,870	11,955
319,885	10,748
319,900	11,818
319,915	10,682
319,930	11,697
319,945	12,025
319,960	11,842
319,975	12,024
319,990	11,640
320,005	10,775
320,020	11,459
320,035	10,889
320,050	11,864
320,065	11,981
320,080	11,296
320,095	11,810
320,110	11,090
320,125	11,819
320,140	11,956
320,155	11,272
320,170	11,750
320,185	11,396
320,200	10,646
320,215	11,877
320,230	11,302
320,245	11,956
320,260	11,943
320,275	10,957
320,290	12,097
320,305	11,428
320,320	11,720
320,335	11,883
320,350	11,950
320,365	11,872
320,380	11,453
320,395	10,743
320,410	11,798
320,425	11,143
320,440	11,441
320,455	12,175
320,470	12,137
320,485	11,407
320,500	11,745
320,515	11,055
320,530	12,060
320,545	12,208
320,560	12,215
320,575	11,941
320,590	10,975
320,605	11,439
320,620	11,511
320,635	11,899
320,650	12,282
320,665	11,858
320,680	11,153
320,695	11,752
320,710	11,503
320,725	12,313
320,740	12,335
320,755	12,136
320,770	11,868
320,785	11,268
320,800	11,751
320,815	12,445
320,830	12,056
320,845	12,279
320,860	11,704
320,875	11,235
320,890	11,819
320,906	11,871
320,921	12,254
320,935	12,457
320,950	11,727
320,966	12,361
320,981	11,395
320,995	11,723
321,010	12,387
321,026	11,998
321,041	12,235
321,055	12,187
321,070	11,347
321,086	12,302
321,101	11,582
321,116	12,276
321,131	11,686
321,146	11,623
321,161	12,322
321,176	11,672
321,191	11,444
321,206	12,504
321,221	11,699
321,236	12,322
321,251	12,264
321,266	11,233
321,281	12,328
321,296	10,987
321,311	12,363
321,326	12,475
321,341	11,956
321,356	12,519
321,371	11,448
321,386	12,423
321,401	12,536
321,416	12,187
321,431	12,580
321,446	12,622
321,461	11,651
321,476	12,506
321,491	11,831
321,506	12,465
321,521	12,572
321,536	11,967
321,551	11,383
321,566	12,147
321,581	12,405
321,596	12,567
321,611	12,745
321,626	12,531
321,641	12,152
321,656	11,683
321,671	12,442
321,686	12,515
321,701	12,161
321,716	12,539
321,731	12,125
321,746	11,635
321,761	11,838
321,776	12,101
321,791	12,609
321,806	12,411
321,821	12,638
321,836	12,435
321,851	11,439
321,866	12,183
321,881	12,591
321,896	12,458
321,911	12,555
321,926	11,855
321,941	11,953
321,956	11,875
321,971	11,977
321,986	12,290
322,001	12,513
322,016	11,963
322,031	12,532
322,046	11,927
322,061	11,984
322,076	12,603
322,091	12,505
322,106	12,627
322,121	12,133
322,136	11,303
322,151	12,383
322,166	11,417
322,181	12,457
322,196	12,454
322,211	12,040
322,226	12,604
322,241	11,478
322,256	11,775
322,271	12,670
322,286	12,777
322,301	12,544
322,316	12,084
322,331	11,650
322,346	12,700
322,361	11,850
322,376	12,830
322,391	12,752
322,406	12,373
322,421	12,876
322,436	12,357
322,451	12,635
322,466	12,862
322,481	12,508
322,496	12,766
322,511	12,924
322,526	12,615
322,541	12,261
322,556	11,691
322,571	12,862
322,586	12,663
322,601	12,961
322,616	11,790
322,631	12,409
322,646	12,270
322,661	13,155
322,676	12,781
322,691	13,043
322,706	12,980
322,721	11,919
322,736	12,924
322,751	13,002
322,766	12,964
322,781	12,971
322,796	12,757
322,811	12,022
322,826	11,894
322,841	11,916
322,856	13,106
322,871	13,239
322,886	12,634
322,901	13,022
322,916	12,322
322,932	12,545
322,947	13,114
322,962	12,820
322,976	13,253
322,991	12,578
323,007	12,265
323,022	12,497
323,036	13,181
323,051	12,772
323,067	12,654
323,082	12,460
323,097	12,638
323,111	11,848
323,127	12,537
323,142	13,050
323,157	13,228
323,172	13,320
323,187	12,851
323,202	12,351
323,217	13,030
323,232	12,335
323,247	13,385
323,262	13,217
323,277	12,687
323,292	13,236
323,307	12,215
323,322	13,145
323,337	13,343
323,352	12,903
323,367	13,362
323,382	13,424
323,397	12,729
323,412	12,651
323,427	12,588
323,442	13,402
323,457	13,449
323,472	12,524
323,487	13,393
323,502	12,418
323,517	13,347
323,532	13,324
323,547	12,955
323,562	13,519
323,577	13,165
323,592	12,510
323,607	12,938
323,622	12,534
323,637	13,364
323,652	13,331
323,667	12,947
323,682	12,538
323,697	12,595
323,712	12,151
323,727	13,356
323,742	12,410
323,757	13,415
323,772	13,663
323,787	13,099
323,802	13,231
323,817	13,524
323,832	13,320
323,847	13,332
323,862	13,640
323,877	12,925
323,892	13,098
323,907	12,799
323,922	13,859
323,937	13,585
323,952	12,880
323,967	13,499
323,982	13,602
323,997	12,922
324,012	13,420
324,027	13,437
324,042	13,535
324,057	13,085
324,072	12,661
324,087	12,799
324,102	13,513
324,117	13,736
324,132	13,517
324,147	12,561
324,162	13,792
324,177	13,252
324,192	13,079
324,207	13,587
324,222	13,474
324,237	13,732
324,252	13,243
324,267	12,873
324,282	13,332
324,297	13,334
324,312	13,817
324,327	13,854
324,342	13,230
324,357	13,959
324,372	13,003
324,387	13,391
324,402	14,015
324,417	13,892
324,432	14,060
324,447	13,976
324,462	13,291
324,477	13,549
324,492	12,920
324,507	13,879
324,522	12,723
324,537	13,232
324,552	13,544
324,567	13,050
324,582	14,045
324,597	13,852
324,612	13,513
324,627	13,876
324,642	14,048
324,657	13,062
324,672	13,962
324,687	13,157
324,702	14,357
324,717	14,264
324,732	13,785
324,747	13,561
324,762	13,568
324,777	13,450
324,792	14,184
324,807	14,241
324,822	14,268
324,837	13,819
324,852	13,205
324,867	13,738
324,882	14,051
324,897	14,003
324,912	14,150
324,928	13,270
324,942	13,182
324,957	13,585
324,973	13,346
324,988	14,116
325,002	14,072
325,017	13,563
325,033	14,458
325,048	14,029
325,062	14,422
325,077	14,389
325,093	13,974
325,108	14,368
325,123	14,054
325,138	13,329
325,153	14,464
325,168	13,930
325,183	14,573
325,198	14,460
325,213	14,292
325,228	14,454
325,243	13,945
325,258	13,837
325,273	14,546
325,288	14,107
325,303	14,590
325,318	14,131
325,333	13,411
325,348	14,366
325,363	13,259
325,378	14,500
325,393	14,613
325,408	13,958
325,423	14,662
325,438	13,520
325,453	14,129
325,468	14,688
325,483	14,655
325,498	14,792
325,513	13,706
325,528	13,347
325,543	14,789
325,558	13,356
325,573	14,402
325,588	14,569
325,603	13,894
325,618	13,996
325,633	13,923
325,648	14,467
325,663	14,675
325,678	14,240
325,693	14,623
325,708	14,254
325,723	13,344
325,738	14,675
325,753	13,433
325,768	14,844
325,783	14,776
325,798	14,131
325,813	14,389
325,828	14,121
325,843	13,972
325,858	14,937
325,873	14,854
325,888	14,685
325,903	14,642
325,918	13,657
325,933	13,944
325,948	14,674
325,963	14,560
325,978	14,648
325,993	13,862
326,008	13,990
326,023	13,857
326,038	14,510
326,053	14,658
326,068	14,695
326,083	14,276
326,098	14,514
326,113	13,954
326,128	14,267
326,143	15,136
326,158	14,843
326,173	15,186
326,188	14,827
326,203	13,881
326,218	14,821
326,233	14,016
326,248	15,116
326,263	15,108
326,278	14,478
326,293	15,062
326,308	14,437
326,323	14,449
326,338	15,279
326,353	14,864
326,368	15,147
326,383	14,663
326,398	14,119
326,413	15,073
326,428	14,383
326,443	15,193
326,458	15,375
326,473	14,670
326,488	15,364
326,503	14,449
326,518	14,732
326,533	14,879
326,548	15,423
326,563	15,380
326,578	15,006
326,593	14,496
326,608	15,606
326,623	14,425
326,638	15,415
326,653	15,502
326,668	14,938
326,683	15,035
326,698	14,481
326,713	15,134
326,728	15,633
326,743	15,555
326,758	15,622
326,773	14,501
326,788	14,378
326,803	15,473
326,818	15,525
326,833	15,351
326,848	15,634
326,863	14,990
326,878	14,871
326,893	14,472
326,908	15,026
326,923	15,479
326,938	15,752
326,954	15,503
326,969	15,305
326,983	14,585
326,998	15,565
327,014	15,827
327,029	15,714
327,043	15,917
327,058	15,152
327,074	15,269
327,089	15,136
327,103	15,218
327,119	15,837
327,134	16,045
327,149	14,853
327,164	15,688
327,179	15,148
327,194	15,371
327,209	15,914
327,224	15,836
327,239	16,074
327,254	15,595
327,269	15,632
327,284	16,090
327,299	15,676
327,314	16,500
327,329	16,202
327,344	15,752
327,359	16,366
327,374	15,315
327,389	15,573
327,404	16,332
327,419	16,294
327,434	16,091
327,449	15,070
327,464	15,473
327,479	16,117
327,494	15,422
327,509	15,946
327,524	16,409
327,539	15,213
327,554	16,273
327,569	15,472
327,584	15,891
327,599	16,419
327,614	16,456
327,629	16,358
327,644	16,119
327,659	15,329
327,674	16,420
327,689	15,775
327,704	16,308
327,719	16,536
327,734	16,012
327,749	15,618
327,764	15,830
327,779	15,727
327,794	15,955
327,809	16,248
327,824	16,475
327,839	16,206
327,854	15,526
327,869	16,296
327,884	16,323
327,899	16,415
327,914	16,518
327,929	15,943
327,944	15,775
327,959	16,383
327,974	16,034
327,989	16,759
328,004	16,224
328,019	16,231
328,034	16,419
328,049	15,724
328,064	16,829
328,079	16,921
328,094	16,638
328,109	16,835
328,124	15,784
328,139	15,516
328,154	16,360
328,169	16,748
328,184	16,956
328,199	16,948
328,214	16,273
328,229	16,826
328,244	16,493
328,259	16,906
328,274	16,672
328,289	17,216
328,304	17,078
328,319	16,167
328,334	16,365
328,349	16,938
328,364	16,339
328,379	16,957
328,394	17,070
328,409	16,530
328,424	17,039
328,439	16,179
328,454	16,366
328,469	17,035
328,484	16,676
328,499	17,124
328,514	16,500
328,529	16,106
328,544	17,050
328,559	16,556
328,574	17,425
328,589	17,392
328,604	16,753
328,619	17,176
328,634	16,807
328,649	16,954
328,664	16,941
328,679	17,164
328,694	17,487
328,709	16,902
328,724	16,248
328,739	17,077
328,754	16,528
328,769	17,161
328,784	17,163
328,799	16,183
328,814	16,526
328,829	16,503
328,844	16,695
328,859	17,269
328,875	17,762
328,889	17,439
328,904	17,731
328,920	17,147
328,935	17,410
328,950	17,728
328,964	17,920
328,979	17,065
328,995	17,498
329,010	16,928
329,024	16,921
329,039	17,023
329,055	17,587
329,070	17,594
329,084	17,305
329,099	17,618
329,115	17,214
329,130	17,707
329,145	17,995
329,160	17,711
329,175	17,774
329,190	17,525
329,205	17,467
329,220	17,705
329,235	17,436
329,250	18,365
329,265	18,127
329,280	17,101
329,295	17,820
329,310	17,912
329,325	18,291
329,340	18,268
329,355	18,235
329,370	18,262
329,385	17,812
329,400	17,293
329,415	18,117
329,430	17,533
329,445	18,332
329,460	18,454
329,475	17,584
329,490	18,093
329,505	17,368
329,520	18,227
329,535	18,570
329,550	18,206
329,565	18,263
329,580	18,642
329,595	18,488
329,610	18,656
329,625	17,926
329,640	17,943
329,655	17,674
329,670	18,388
329,685	18,395
329,700	17,976
329,715	18,314
329,730	18,045
329,745	17,361
329,760	18,416
329,775	18,402
329,790	18,745
329,805	18,041
329,820	18,058
329,835	18,411
329,850	17,676
329,865	18,610
329,880	19,179
329,895	19,266
329,910	18,030
329,925	19,005
329,940	17,818
329,955	18,703
329,970	19,011
329,985	19,083
330,000	19,120
