285,000	39,336
285,015	39,888
285,030	40,831
285,045	40,865
285,060	40,293
285,075	39,962
285,090	40,173
285,105	39,330
285,120	40,588
285,135	40,508
285,150	40,167
285,165	40,718
285,180	39,319
285,195	39,805
285,210	40,627
285,225	39,779
285,240	40,441
285,255	39,879
285,270	39,122
285,285	39,774
285,300	39,573
285,315	39,552
285,330	40,079
285,345	39,723
285,360	40,103
285,375	39,351
285,390	38,804
285,405	39,596
285,420	39,185
285,435	39,921
285,450	39,550
285,465	38,512
285,480	38,707
285,495	27,835
285,510	39,198
285,525	39,328
285,540	38,747
285,555	39,273
285,570	38,315
285,585	38,059
285,600	38,710
285,615	38,835
285,630	38,564
285,645	38,474
285,660	37,827
285,675	38,208
285,690	37,194
285,705	38,107
285,720	37,986
285,735	37,871
285,750	36,496
285,765	37,303
285,780	36,596
285,795	37,800
285,810	37,403
285,825	37,418
285,840	37,062
285,855	35,978
285,870	36,294
285,885	35,983
285,901	36,454
285,916	36,690
285,930	36,163
285,945	35,525
285,961	35,520
285,976	34,853
285,990	36,177
286,005	36,111
286,021	35,840
286,036	35,640
286,050	34,772
286,065	34,646
286,080	35,283
286,096	35,027
286,111	35,162
286,125	34,951
286,141	33,561
286,156	34,158
286,171	33,175
286,186	34,418
286,201	34,153
286,216	33,761
286,231	34,022
286,246	33,199
286,261	32,928
286,276	33,615
286,291	32,546
286,306	33,328
286,321	33,032
286,336	31,999
286,351	32,355
286,366	31,788
286,381	32,695
286,396	32,740
286,411	31,978
286,426	32,399
286,441	31,832
286,456	30,954
286,471	31,656
286,486	31,134
286,501	31,680
286,516	31,505
286,531	30,762
286,546	31,173
286,561	29,924
286,576	30,416
286,591	30,902
286,606	30,515
286,621	30,415
286,636	29,863
286,651	29,461
286,666	27,631
286,681	30,017
286,696	29,797
286,711	29,320
286,726	28,282
286,741	28,603
286,756	28,036
286,771	29,184
286,786	28,993
286,801	28,612
286,816	27,658
286,831	28,360
286,846	27,302
286,861	28,214
286,876	28,299
286,891	28,174
286,906	27,787
286,921	27,215
286,936	27,647
286,951	27,421
286,966	26,252
286,981	26,999
286,996	26,572
287,011	25,900
287,026	26,406
287,041	25,403
287,056	26,050
287,071	26,436
287,086	26,125
287,101	26,019
287,116	25,442
287,131	24,881
287,146	25,407
287,161	24,669
287,176	25,266
287,191	24,659
287,206	23,951
287,221	24,277
287,236	23,861
287,251	24,412
287,266	24,397
287,281	23,845
287,296	24,035
287,311	23,238
287,326	23,072
287,341	23,558
287,356	23,257
287,371	23,628
287,386	23,257
287,401	21,982
287,416	22,213
287,431	22,017
287,446	22,614
287,461	22,684
287,476	22,333
287,491	22,342
287,506	22,292
287,521	21,349
287,536	22,016
287,551	21,258
287,566	22,005
287,581	21,864
287,596	21,006
287,611	20,801
287,626	20,178
287,641	20,805
287,656	21,161
287,671	20,715
287,686	20,960
287,701	20,082
287,716	19,279
287,731	20,478
287,746	20,412
287,761	20,287
287,776	20,016
287,791	19,384
287,806	19,298
287,821	18,686
287,836	19,212
287,851	19,292
287,866	19,483
287,881	18,128
287,897	18,921
287,911	17,847
287,926	18,840
287,942	18,875
287,957	18,664
287,971	18,649
287,986	17,971
288,002	17,655
288,017	18,106
288,031	17,489
288,046	18,096
288,062	17,840
288,077	16,957
288,092	17,403
288,107	16,425
288,122	17,358
288,137	16,505
288,152	17,357
288,167	17,111
288,182	16,358
288,197	16,258
288,212	16,840
288,227	16,724
288,242	16,854
288,257	16,508
288,272	15,951
288,287	16,392
288,302	15,188
288,317	15,975
288,332	15,614
288,347	15,544
288,362	16,015
288,377	15,312
288,392	14,655
288,407	15,828
288,422	14,850
288,437	15,291
288,452	15,196
288,467	14,549
288,482	14,634
288,497	14,087
288,512	14,704
288,527	15,120
288,542	15,009
288,557	14,823
288,572	13,499
288,587	13,449
288,602	14,757
288,617	14,536
288,632	14,672
288,647	14,621
288,662	13,337
288,677	13,959
288,692	13,096
288,707	13,667
288,722	14,349
288,737	13,732
288,752	14,033
288,767	13,566
288,782	13,410
288,797	13,631
288,812	13,329
288,827	13,801
288,842	13,961
288,857	12,597
288,872	12,993
288,887	12,722
288,902	13,363
288,917	13,659
288,932	13,689
288,947	12,771
288,962	13,864
288,977	12,896
288,992	13,557
289,007	13,532
289,022	13,306
289,037	13,341
289,052	12,899
289,067	12,588
289,082	13,220
289,097	12,663
289,112	13,345
289,127	13,285
289,142	12,316
289,157	12,873
289,172	12,521
289,187	13,178
289,202	13,459
289,217	12,772
289,232	13,258
289,247	12,129
289,262	12,575
289,277	13,152
289,292	12,891
289,307	13,302
289,322	13,091
289,337	12,364
289,352	13,191
289,367	12,022
289,382	12,915
289,397	13,396
289,412	13,250
289,427	13,746
289,442	12,864
289,457	12,623
289,472	13,620
289,487	12,467
289,502	13,635
289,517	13,093
289,532	12,792
289,547	12,536
289,562	13,107
289,577	13,528
289,592	13,784
289,607	13,814
289,622	13,949
289,637	13,106
289,652	13,006
289,667	13,582
289,682	13,948
289,697	14,008
289,712	13,988
289,727	13,190
289,742	13,365
289,757	12,994
289,772	13,440
289,787	14,282
289,802	13,986
289,817	12,837
289,832	14,593
289,847	13,720
289,862	14,612
289,877	14,602
289,892	14,687
289,907	14,561
289,923	13,854
289,937	13,994
289,952	13,392
289,967	14,049
289,983	14,831
289,998	14,464
290,012	13,717
290,027	15,041
290,043	13,952
290,058	14,584
290,072	15,201
290,088	14,899
290,103	14,944
290,118	14,222
290,133	14,342
290,148	15,410
290,163	14,537
290,178	14,993
290,193	13,980
290,208	14,110
290,223	14,892
290,238	14,431
290,253	14,496
290,268	15,223
290,283	15,017
290,298	14,831
290,313	14,344
290,328	14,224
290,343	14,735
290,358	14,253
290,373	14,619
290,388	14,012
290,403	13,560
290,418	13,781
290,433	13,023
290,448	13,785
290,463	14,362
290,478	13,529
290,493	13,945
290,508	13,448
290,523	13,203
290,538	13,127
290,553	12,229
290,568	12,735
290,583	11,742
290,598	11,877
290,613	12,273
290,628	11,024
290,643	11,972
290,658	11,926
290,673	11,811
290,688	11,344
290,703	10,657
290,718	9,829
290,733	10,727
290,748	10,531
290,763	10,250
290,778	10,165
290,793	9,141
290,808	8,981
290,823	8,404
290,838	9,206
290,853	8,970
290,868	8,097
290,883	7,445
290,898	8,101
290,913	7,439
290,928	7,625
290,943	7,679
290,958	7,434
290,973	7,479
290,988	6,676
291,003	6,841
291,018	6,159
291,033	6,575
291,048	6,584
291,063	6,188
291,078	5,586
291,093	5,661
291,108	4,728
291,123	5,816
291,138	5,505
291,153	5,444
291,168	5,289
291,183	4,471
291,198	4,250
291,213	4,671
291,228	4,235
291,243	4,646
291,258	4,480
291,273	4,500
291,288	4,234
291,303	3,316
291,318	3,170
291,333	3,982
291,348	3,656
291,363	3,641
291,378	3,109
291,393	2,733
291,408	3,469
291,423	2,461
291,438	3,434
291,453	3,243
291,468	1,989
291,483	2,470
291,498	1,763
291,513	2,686
291,528	2,836
291,543	2,645
291,558	2,911
291,573	2,043
291,588	1,411
291,603	2,459
291,618	1,460
291,633	2,087
291,648	2,162
291,663	1,766
291,678	1,309
291,693	1,073
291,708	1,318
291,723	1,910
291,738	1,900
291,753	1,824
291,768	0,861
291,783	0,530
291,798	1,814
291,813	1,126
291,828	1,292
291,843	1,447
291,858	0,479
291,873	0,438
291,889	0,403
291,903	1,345
291,918	1,155
291,933	0,688
291,949	-0,180
291,964	0,983
291,978	0,301
291,993	0,752
292,009	0,857
292,024	0,606
292,038	0,772
292,053	0,054
292,068	0,079
292,084	0,756
292,099	0,033
292,114	0,700
292,129	0,785
292,144	-0,278
292,159	0,529
292,174	-0,379
292,189	0,418
292,204	0,704
292,219	-0,124
292,234	-0,350
292,249	0,121
292,264	-0,526
292,279	0,532
292,294	-0,461
292,309	0,316
292,324	0,130
292,339	-0,547
292,354	-0,326
292,369	-0,999
292,384	-0,287
292,399	0,154
292,414	-0,608
292,429	-0,138
292,444	-0,604
292,459	-1,081
292,474	-0,138
292,489	-0,950
292,504	-0,284
292,519	-0,580
292,534	-0,791
292,549	-1,513
292,564	-0,876
292,579	-0,330
292,594	-0,340
292,609	-0,647
292,624	-0,361
292,639	-1,505
292,654	-1,731
292,669	-0,612
292,684	-1,089
292,699	-0,698
292,714	-0,673
292,729	-1,385
292,744	-1,466
292,759	-1,571
292,774	-1,356
292,789	-0,674
292,804	-1,427
292,819	-0,745
292,834	-1,377
292,849	-2,039
292,864	-1,047
292,879	-1,057
292,894	-1,087
292,909	-1,083
292,924	-1,379
292,939	-2,327
292,954	-1,971
292,969	-1,856
292,984	-0,928
292,999	-1,204
293,014	-2,328
293,029	-1,556
293,044	-2,343
293,059	-1,140
293,074	-1,015
293,089	-1,371
293,104	-1,447
293,119	-1,482
293,134	-2,405
293,149	-1,553
293,164	-2,195
293,179	-1,332
293,194	-1,313
293,209	-2,065
293,224	-1,499
293,239	-2,026
293,254	-2,251
293,269	-1,600
293,284	-1,515
293,299	-1,660
293,314	-2,022
293,329	-2,283
293,344	-1,671
293,359	-2,634
293,374	-1,466
293,389	-1,802
293,404	-2,665
293,419	-2,069
293,434	-3,102
293,449	-1,828
293,464	-1,498
293,479	-2,315
293,494	-1,704
293,509	-1,534
293,524	-2,371
293,539	-1,875
293,554	-2,572
293,569	-1,860
293,584	-1,630
293,599	-2,507
293,614	-3,089
293,629	-3,015
293,644	-2,353
293,659	-2,238
293,674	-2,499
293,689	-1,993
293,704	-2,484
293,719	-3,026
293,734	-2,655
293,749	-2,034
293,764	-2,295
293,779	-2,200
293,794	-2,721
293,809	-2,962
293,824	-3,218
293,839	-2,958
293,854	-2,216
293,869	-2,366
293,884	-2,091
293,899	-2,788
293,914	-3,069
293,930	-2,839
293,945	-2,027
293,959	-2,147
293,974	-2,353
293,990	-2,699
294,005	-3,658
294,019	-3,512
294,034	-3,036
294,050	-2,445
294,065	-2,234
294,079	-3,062
294,094	-2,731
294,110	-2,837
294,125	-3,183
294,140	-2,270
294,155	-2,386
294,170	-2,421
294,185	-3,410
294,200	-3,856
294,215	-2,397
294,230	-3,415
294,245	-2,663
294,260	-2,548
294,275	-3,000
294,290	-3,136
294,305	-3,843
294,320	-2,955
294,335	-2,504
294,350	-3,161
294,365	-2,720
294,380	-3,503
294,395	-3,548
294,410	-2,791
294,425	-3,804
294,440	-2,686
294,455	-2,892
294,470	-3,730
294,485	-3,073
294,500	-3,851
294,515	-3,390
294,530	-2,808
294,545	-2,944
294,560	-2,809
294,575	-3,300
294,590	-3,526
294,605	-2,885
294,620	-3,502
294,635	-2,980
294,650	-2,815
294,665	-4,119
294,680	-3,829
294,695	-3,493
294,710	-3,177
294,725	-3,002
294,740	-3,749
294,755	-2,932
294,770	-2,977
294,785	-3,680
294,800	-3,259
294,815	-2,988
294,830	-3,465
294,845	-3,706
294,860	-3,530
294,875	-4,503
294,890	-4,108
294,905	-3,536
294,920	-2,874
294,935	-3,150
294,950	-4,018
294,965	-3,452
294,980	-4,275
294,995	-3,297
295,010	-3,072
295,025	-3,077
295,040	-3,077
295,055	-3,373
295,070	-4,120
295,085	-3,865
295,100	-3,840
295,115	-3,088
295,130	-2,833
295,145	-4,026
295,160	-3,049
295,175	-4,082
295,190	-3,576
295,205	-2,568
295,220	-3,291
295,235	-3,065
295,250	-3,236
295,265	-3,507
295,280	-2,760
295,295	-3,778
295,310	-2,866
295,325	-2,841
295,340	-3,448
295,355	-3,107
295,370	-3,950
295,385	-2,832
295,400	-2,601
295,415	-3,319
295,430	-2,622
295,445	-2,532
295,460	-3,650
295,475	-2,783
295,490	-3,415
295,505	-2,402
295,520	-3,069
295,535	-3,025
295,550	-2,568
295,565	-3,602
295,580	-3,030
295,595	-2,474
295,610	-3,091
295,625	-2,675
295,640	-2,811
295,655	-3,658
295,670	-2,209
295,685	-3,212
295,700	-2,400
295,715	-2,360
295,730	-2,611
295,745	-2,868
295,760	-3,078
295,775	-2,612
295,790	-2,116
295,805	-2,161
295,820	-2,182
295,835	-2,728
295,850	-3,335
295,865	-2,704
295,880	-2,032
295,895	-1,922
295,911	-2,023
295,925	-2,514
295,940	-3,161
295,955	-2,575
295,971	-2,801
295,986	-2,019
296,000	-2,445
296,015	-2,265
296,031	-2,155
296,046	-2,672
296,060	-2,642
296,075	-1,930
296,091	-1,750
296,106	-1,414
296,121	-2,578
296,136	-2,974
296,151	-2,302
296,166	-2,719
296,181	-1,606
296,196	-1,656
296,211	-2,243
296,226	-2,022
296,241	-2,850
296,256	-1,787
296,271	-1,381
296,286	-1,707
296,301	-1,552
296,316	-1,608
296,331	-2,375
296,346	-1,493
296,361	-2,210
296,376	-1,383
296,391	-1,418
296,406	-2,296
296,421	-1,459
296,436	-2,146
296,451	-1,304
296,466	-1,535
296,481	-1,535
296,496	-1,264
296,511	-2,223
296,526	-2,348
296,541	-2,018
296,556	-2,053
296,571	-1,326
296,586	-1,361
296,601	-1,532
296,616	-1,813
296,631	-2,220
296,646	-1,934
296,661	-1,378
296,676	-0,761
296,691	-1,368
296,706	-1,263
296,721	-2,642
296,736	-1,409
296,751	-2,327
296,766	-1,143
296,781	-0,948
296,796	-1,705
296,811	-1,615
296,826	-2,152
296,841	-1,671
296,856	-1,045
296,871	-0,959
296,886	-1,120
296,901	-1,356
296,916	-2,239
296,931	-1,402
296,946	-0,855
296,961	-0,896
296,976	-0,906
296,991	-1,448
297,006	-1,488
297,021	-1,980
297,036	-1,589
297,051	-0,581
297,066	-0,481
297,081	-1,635
297,096	-1,229
297,111	-1,821
297,126	-1,354
297,141	-0,332
297,156	-0,783
297,171	-0,473
297,186	-1,280
297,201	-1,627
297,216	-0,739
297,231	-1,351
297,246	-0,489
297,261	-0,394
297,276	-1,272
297,291	-0,470
297,306	-1,448
297,321	-0,781
297,336	-0,520
297,351	-0,631
297,366	-0,385
297,381	-0,993
297,396	-1,038
297,411	-0,547
297,426	-1,415
297,441	-0,467
297,456	-0,156
297,471	-1,169
297,486	-0,738
297,501	-1,019
297,516	-0,438
297,531	-0,072
297,546	-0,393
297,561	-0,023
297,576	-0,269
297,591	-1,322
297,606	-0,429
297,621	-0,836
297,636	-0,174
297,651	-0,114
297,666	-0,812
297,681	-1,053
297,696	-0,667
297,711	-0,426
297,726	0,015
297,741	0,185
297,756	0,060
297,771	-0,307
297,786	-0,743
297,801	0,154
297,816	-0,528
297,831	0,359
297,846	0,264
297,861	-0,148
297,876	-0,830
297,891	-0,273
297,906	-0,339
297,921	0,253
297,937	0,293
297,952	0,473
297,966	0,703
297,981	-0,135
297,997	0,447
298,012	0,537
298,026	0,642
298,041	0,717
298,057	0,491
298,072	0,115
298,087	0,215
298,102	0,079
298,116	0,897
298,132	0,902
298,147	0,269
298,162	0,640
298,177	0,304
298,192	0,901
298,207	0,965
298,222	1,115
298,237	1,145
298,252	0,438
298,267	0,393
298,282	1,350
298,297	0,698
298,312	1,490
298,327	1,344
298,342	0,502
298,357	1,068
298,372	0,456
298,387	1,123
298,402	1,734
298,417	1,809
298,432	1,849
298,447	1,483
298,462	1,112
298,477	2,080
298,492	1,367
298,507	2,219
298,522	2,329
298,537	1,953
298,552	2,660
298,567	1,737
298,582	2,935
298,597	2,995
298,612	2,945
298,627	3,406
298,642	3,591
298,657	3,200
298,672	4,117
298,687	3,159
298,702	4,794
298,717	5,460
298,732	5,435
298,747	6,172
298,762	6,934
298,777	8,639
298,792	11,131
298,807	13,337
298,822	16,121
298,837	19,405
298,852	21,982
298,867	27,087
298,882	31,570
298,897	36,279
298,912	41,785
298,927	46,835
298,942	52,000
298,957	58,083
298,972	64,943
298,987	72,284
299,002	78,718
299,017	85,573
299,032	92,153
299,047	98,662
299,062	105,923
299,077	112,653
299,092	118,670
299,107	124,151
299,122	127,516
299,137	130,991
299,152	134,025
299,167	134,982
299,182	135,729
299,197	134,560
299,212	131,942
299,227	129,690
299,242	126,320
299,257	122,624
299,272	120,232
299,287	116,596
299,302	113,161
299,317	109,554
299,332	104,750
299,347	102,187
299,362	97,769
299,377	95,422
299,392	92,137
299,407	88,220
299,422	85,837
299,437	81,885
299,452	78,676
299,467	77,086
299,482	74,328
299,497	71,674
299,512	68,906
299,527	66,178
299,542	63,675
299,557	60,726
299,572	59,427
299,587	57,215
299,602	54,788
299,617	53,253
299,632	49,893
299,647	49,180
299,662	47,340
299,677	45,323
299,692	44,120
299,707	42,655
299,722	40,137
299,737	39,540
299,752	37,614
299,767	36,416
299,782	35,518
299,797	33,607
299,812	32,017
299,827	30,894
299,842	30,236
299,857	29,755
299,872	28,902
299,887	27,497
299,902	26,289
299,917	24,754
299,933	24,593
299,947	23,981
299,962	22,983
299,978	22,476
299,993	21,398
300,007	19,747
300,022	19,672
300,038	19,010
300,053	18,869
300,067	18,322
300,083	17,174
300,098	16,888
300,113	15,383
300,128	15,408
300,143	15,623
300,158	14,680
300,173	14,474
300,188	14,098
300,203	13,065
300,218	12,553
300,233	12,051
300,248	12,212
300,263	12,141
300,278	11,093
300,293	11,138
300,308	10,230
300,323	9,883
300,338	10,284
300,353	9,737
300,368	9,797
300,383	8,914
300,398	8,513
300,413	8,533
300,428	7,846
300,443	8,452
300,458	8,211
300,473	7,474
300,488	7,975
300,503	6,801
300,518	6,611
300,533	7,077
300,548	6,871
300,563	6,730
300,578	6,389
300,593	5,295
300,608	5,732
300,623	4,919
300,638	6,062
300,653	5,931
300,668	5,013
300,683	5,354
300,698	4,266
300,713	4,762
300,728	4,993
300,743	4,777
300,758	4,851
300,773	3,979
300,788	3,442
300,803	4,274
300,818	3,481
300,833	4,364
300,848	4,238
300,863	3,682
300,878	2,824
300,893	2,763
300,908	2,909
300,923	4,017
300,938	3,645
300,953	3,715
300,968	3,585
300,983	2,215
300,998	3,243
301,013	3,283
301,028	2,982
301,043	3,428
301,058	2,705
301,073	2,179
301,088	2,630
301,103	2,389
301,118	2,885
301,133	2,855
301,148	2,032
301,163	2,418
301,178	1,585
301,193	1,996
301,208	2,352
301,223	2,151
301,238	2,377
301,253	1,920
301,268	1,534
301,283	1,514
301,298	1,288
301,313	2,320
301,328	2,250
301,343	1,843
301,358	2,174
301,373	1,452
301,388	1,522
301,403	2,018
301,418	1,963
301,433	2,033
301,448	1,711
301,463	0,693
301,478	2,017
301,493	0,758
301,508	1,595
301,523	1,921
301,538	1,344
301,553	1,489
301,568	0,661
301,583	0,892
301,598	1,458
301,613	1,227
301,628	1,909
301,643	1,277
301,658	0,715
301,673	0,840
301,688	0,178
301,703	1,427
301,718	1,567
301,733	1,165
301,748	0,633
301,763	0,984
301,778	0,638
301,793	1,330
301,808	0,447
301,823	1,274
301,838	1,264
301,853	0,261
301,868	0,892
301,884	-0,181
301,898	1,393
301,913	1,082
301,928	0,350
301,943	-0,137
301,959	0,540
301,974	0,429
301,988	0,846
302,003	0,955
302,019	0,925
302,034	0,308
302,048	-0,535
302,063	0,629
302,079	0,809
302,094	1,039
302,109	0,863
302,124	0,978
302,139	-0,145
302,154	-0,130
302,169	0,085
302,184	0,943
302,199	0,521
302,214	0,376
302,229	0,927
302,244	-0,096
302,259	0,626
302,274	0,881
302,289	0,545
302,304	0,730
302,319	0,168
302,334	-0,073
302,349	0,438
302,364	-0,179
302,379	0,709
302,394	0,573
302,409	-0,144
302,424	0,653
302,439	0,121
302,454	-0,336
302,469	0,888
302,484	0,336
302,499	0,637
302,514	0,556
302,529	-0,492
302,544	0,290
302,559	-0,683
302,574	0,470
302,589	0,485
302,604	-0,247
302,619	0,670
302,634	-0,368
302,649	-0,334
302,664	0,453
302,679	0,473
302,694	0,418
302,709	0,012
302,724	-0,425
302,739	-0,165
302,754	-0,315
302,769	0,497
302,784	0,206
302,799	0,226
302,814	-0,366
302,829	-0,211
302,844	-0,512
302,859	0,460
302,874	0,636
302,889	0,340
302,904	0,234
302,919	-0,664
302,934	-0,132
302,949	-0,830
302,964	0,309
302,979	0,298
302,994	0,123
303,009	-0,525
303,024	0,398
303,039	-0,315
303,054	0,443
303,069	0,512
303,084	0,392
303,099	0,326
303,114	-0,767
303,129	-0,522
303,144	0,381
303,159	0,125
303,174	0,100
303,189	-0,287
303,204	-0,718
303,219	-0,012
303,234	-0,458
303,249	0,429
303,264	-0,288
303,279	-0,253
303,294	0,188
303,309	-0,805
303,324	0,077
303,339	0,433
303,354	0,262
303,369	0,272
303,384	-0,234
303,399	-0,927
303,414	-0,190
303,429	-0,597
303,444	0,281
303,459	0,481
303,474	-0,266
303,489	0,360
303,504	-0,277
303,519	-0,583
303,534	0,360
303,549	0,009
303,564	0,379
303,579	-0,057
303,594	-0,749
303,609	-0,188
303,624	-0,409
303,639	0,128
303,654	0,197
303,669	-0,304
303,684	0,428
303,699	-0,776
303,714	-0,225
303,729	0,502
303,744	0,386
303,759	0,572
303,774	0,311
303,789	-0,878
303,804	0,070
303,819	-0,833
303,834	0,009
303,849	-0,347
303,864	-0,177
303,879	-0,714
303,894	-0,152
303,909	-0,393
303,925	0,604
303,940	0,328
303,954	0,413
303,969	-0,003
303,985	-0,360
304,000	-0,591
304,014	0,342
304,029	-0,210
304,045	-0,075
304,060	-0,065
304,075	-0,622
304,089	-0,356
304,105	-0,617
304,120	0,421
304,135	0,390
304,150	0,531
304,165	0,395
304,180	-0,383
304,195	-0,318
304,210	0,284
304,225	0,258
304,240	0,449
304,255	-0,775
304,270	-0,590
304,285	-0,420
304,300	-0,836
304,315	0,372
304,330	0,643
304,345	-0,240
304,360	0,392
304,375	-0,210
304,390	-0,376
304,405	0,010
304,420	0,265
304,435	0,100
304,450	-0,091
304,465	-0,819
304,480	0,319
304,495	-0,488
304,510	0,013
304,525	0,550
304,540	-0,363
304,555	0,389
304,570	-0,028
304,585	0,358
304,600	0,558
304,615	0,543
304,630	0,533
304,645	0,402
304,660	-0,385
304,675	0,542
304,690	-0,817
304,705	0,351
304,720	-0,095
304,735	0,060
304,750	0,782
304,765	-0,508
304,780	-0,056
304,795	0,345
304,810	0,540
304,825	0,836
304,840	0,073
304,855	-0,353
304,870	0,138
304,885	-0,624
304,900	0,413
304,915	0,619
304,930	0,132
304,945	-0,269
304,960	-0,079
304,975	-0,215
304,990	0,562
305,005	0,256
305,020	0,672
305,035	0,752
305,050	-0,326
305,065	-0,091
305,080	0,315
305,095	0,465
305,110	0,892
305,125	0,375
305,140	-0,122
305,155	0,063
305,170	-0,238
305,185	0,725
305,200	0,664
305,215	0,634
305,230	0,854
305,245	-0,490
305,260	0,112
305,275	0,703
305,290	0,628
305,305	0,808
305,320	0,121
305,335	-0,461
305,350	0,411
305,365	0,416
305,380	0,652
305,395	0,752
305,410	0,115
305,425	1,022
305,440	-0,247
305,455	0,450
305,470	0,951
305,485	0,645
305,500	0,865
305,515	0,694
305,530	-0,284
305,545	0,092
305,560	0,042
305,575	0,909
305,590	0,558
305,605	0,558
305,620	0,753
305,635	-0,471
305,650	-0,240
305,665	0,923
305,680	1,088
305,695	1,048
305,710	0,416
305,725	-0,021
305,740	0,857
305,755	-0,102
305,770	0,981
305,785	1,162
305,800	0,409
305,815	1,096
305,830	0,263
305,845	0,258
305,860	0,940
305,875	1,115
305,890	1,360
305,906	0,663
305,921	-0,109
305,935	0,302
305,950	-0,335
305,966	0,627
305,981	0,998
305,995	0,707
306,010	0,421
306,026	0,059
306,041	0,135
306,055	1,022
306,070	1,122
306,086	0,831
306,101	0,424
306,116	0,219
306,131	0,419
306,146	1,056
306,161	0,875
306,176	0,659
306,191	0,428
306,206	-0,053
306,221	0,673
306,236	0,457
306,251	1,154
306,266	1,239
306,281	0,547
306,296	1,118
306,311	-0,266
306,326	0,265
306,341	1,273
306,356	0,606
306,371	1,132
306,386	0,776
306,401	0,039
306,416	0,329
306,431	0,214
306,446	1,236
306,461	1,181
306,476	0,704
306,491	1,266
306,506	0,584
306,521	0,594
306,536	1,350
306,551	0,483
306,566	1,209
306,581	0,948
306,596	0,085
306,611	1,038
306,626	-0,136
306,641	1,374
306,656	1,258
306,671	0,681
306,686	1,403
306,701	0,595
306,716	0,445
306,731	1,362
306,746	1,457
306,761	1,282
306,776	1,452
306,791	0,770
306,806	0,749
306,821	0,152
306,836	1,105
306,851	0,854
306,866	0,859
306,881	0,583
306,896	1,505
306,911	0,788
306,926	1,635
306,941	1,389
306,956	1,660
306,971	1,474
306,986	0,511
307,001	0,681
307,016	0,299
307,031	1,392
307,046	1,432
307,061	1,648
307,076	0,183
307,091	1,296
307,106	0,875
307,121	1,256
307,136	1,446
307,151	1,401
307,166	1,230
307,181	0,402
307,196	0,989
307,211	1,420
307,226	1,259
307,241	1,535
307,256	1,043
307,271	0,215
307,286	0,933
307,301	0,737
307,316	1,523
307,331	1,618
307,346	0,906
307,361	1,633
307,376	1,196
307,391	1,236
307,406	1,647
307,421	1,412
307,436	1,662
307,451	1,923
307,466	0,523
307,481	1,481
307,496	0,739
307,511	1,616
307,526	1,706
307,541	0,547
307,556	1,780
307,571	0,878
307,586	1,143
307,601	1,765
307,616	1,148
307,631	1,864
307,646	1,353
307,661	0,671
307,676	1,222
307,691	0,936
307,706	1,803
307,721	0,745
307,736	1,472
307,751	1,913
307,766	1,130
307,781	1,541
307,796	1,887
307,811	2,097
307,826	1,992
307,841	1,410
307,856	1,003
307,871	1,068
307,886	0,918
307,901	2,161
307,916	2,096
307,932	2,091
307,947	1,348
307,962	1,077
307,976	1,328
307,991	2,120
308,007	1,844
308,022	2,159
308,036	1,542
308,051	1,276
308,067	1,296
308,082	1,316
308,097	1,842
308,111	2,148
308,127	1,561
308,142	0,904
308,157	1,525
308,172	1,305
308,187	2,182
308,202	1,946
308,217	2,131
308,232	2,066
308,247	1,694
308,262	1,850
308,277	1,935
308,292	1,593
308,307	2,115
308,322	2,210
308,337	1,096
308,352	1,713
308,367	1,347
308,382	2,229
308,397	2,354
308,412	1,817
308,427	2,419
308,442	1,185
308,457	1,631
308,472	2,323
308,487	1,911
308,502	2,458
308,517	1,730
308,532	1,374
308,547	1,986
308,562	1,278
308,577	2,296
308,592	1,789
308,607	2,125
308,622	2,185
308,637	1,794
308,652	1,387
308,667	2,370
308,682	2,314
308,697	2,475
308,712	2,419
308,727	2,685
308,742	2,048
308,757	1,265
308,772	2,388
308,787	2,453
308,802	2,147
308,817	2,668
308,832	1,560
308,847	1,735
308,862	2,633
308,877	2,517
308,892	2,517
308,907	2,220
308,922	1,618
308,937	1,984
308,952	1,523
308,967	2,736
308,982	2,826
308,997	2,114
309,012	1,437
309,027	2,289
309,042	1,572
309,057	2,650
309,072	2,759
309,087	2,443
309,102	2,664
309,117	1,901
309,132	1,886
309,147	2,764
309,162	1,906
309,177	3,260
309,192	2,251
309,207	1,785
309,222	2,196
309,237	2,035
309,252	2,631
309,267	2,817
309,282	2,821
309,297	2,876
309,312	2,099
309,327	2,064
309,342	2,660
309,357	2,073
309,372	2,810
309,387	2,634
309,402	1,425
309,417	2,528
309,432	2,343
309,447	2,939
309,462	3,009
309,477	2,853
309,492	2,858
309,507	1,634
309,522	1,715
309,537	3,058
309,552	2,632
309,567	3,138
309,582	2,631
309,597	1,994
309,612	2,696
309,627	1,753
309,642	2,997
309,657	3,062
309,672	2,690
309,687	3,302
309,702	2,584
309,717	2,258
309,732	2,995
309,747	3,160
309,762	3,355
309,777	2,623
309,792	2,076
309,807	2,427
309,822	1,830
309,837	3,119
309,852	3,284
309,867	2,902
309,882	3,544
309,897	2,275
309,912	2,180
309,928	3,328
309,942	3,292
309,957	3,418
309,973	3,478
309,988	2,550
310,002	3,041
310,017	2,524
310,033	3,266
310,048	3,386
310,062	3,311
310,077	2,187
310,093	2,839
310,108	2,482
310,123	3,320
310,138	3,415
310,153	3,099
310,168	3,324
310,183	2,120
310,198	3,103
310,213	3,338
310,228	3,123
310,243	2,987
310,258	3,172
310,273	2,299
310,288	2,745
310,303	2,745
310,318	3,663
310,333	3,477
310,348	2,975
310,363	3,506
310,378	2,995
310,393	2,889
310,408	3,561
310,423	2,929
310,438	3,696
310,453	3,044
310,468	2,351
310,483	3,033
310,498	2,496
310,513	3,915
310,528	3,790
310,543	2,686
310,558	3,654
310,573	3,207
310,588	3,573
310,603	4,064
310,618	3,603
310,633	3,778
310,648	3,743
310,663	3,416
310,678	3,075
310,693	2,729
310,708	3,722
310,723	4,033
310,738	3,315
310,753	4,117
310,768	3,310
310,783	3,149
310,798	4,122
310,813	3,850
310,828	3,900
310,843	3,729
310,858	3,148
310,873	3,729
310,888	3,368
310,903	3,884
310,918	4,200
310,933	3,648
310,948	3,984
310,963	3,352
310,978	3,928
310,993	3,502
311,008	4,003
311,023	4,048
311,038	4,078
311,053	3,360
311,068	3,174
311,083	2,803
311,098	3,169
311,113	3,906
311,128	3,434
311,143	3,218
311,158	3,594
311,173	2,932
311,188	4,000
311,203	4,000
311,218	4,180
311,233	4,215
311,248	3,242
311,263	3,608
311,278	4,114
311,293	3,753
311,308	4,454
311,323	3,897
311,338	3,115
311,353	3,726
311,368	2,969
311,383	4,217
311,398	4,323
311,413	4,007
311,428	4,067
311,443	4,141
311,458	3,484
311,473	4,341
311,488	3,990
311,503	4,421
311,518	4,602
311,533	3,117
311,548	3,723
311,563	3,162
311,578	4,460
311,593	4,615
311,608	3,998
311,623	4,495
311,638	3,647
311,653	3,677
311,668	4,248
311,683	3,616
311,698	4,599
311,713	4,513
311,728	3,330
311,743	4,016
311,758	3,219
311,773	4,317
311,788	4,382
311,803	4,146
311,818	4,622
311,833	4,060
311,848	4,090
311,863	4,521
311,878	4,817
311,893	4,515
311,908	4,219
311,923	3,898
311,938	3,838
311,954	3,461
311,969	4,334
311,983	4,870
311,998	4,519
312,014	3,827
312,029	4,228
312,043	3,540
312,058	4,392
312,074	4,723
312,089	4,598
312,103	4,657
312,119	3,554
312,134	4,030
312,149	3,574
312,164	4,271
312,179	4,737
312,194	4,451
312,209	3,633
312,224	4,671
312,239	3,642
312,254	4,650
312,269	5,021
312,284	4,610
312,299	4,058
312,314	4,218
312,329	3,922
312,344	4,844
312,359	4,102
312,374	4,954
312,389	4,427
312,404	3,665
312,419	4,457
312,434	3,785
312,449	5,003
312,464	4,943
312,479	3,639
312,494	4,887
312,509	4,431
312,524	4,340
312,539	4,987
312,554	4,731
312,569	5,011
312,584	5,046
312,599	4,168
312,614	4,253
312,629	3,812
312,644	4,990
312,659	4,885
312,674	4,368
312,689	4,929
312,704	4,503
312,719	4,131
312,734	5,224
312,749	4,652
312,764	5,339
312,779	5,153
312,794	4,130
312,809	4,155
312,824	3,984
312,839	5,193
312,854	5,192
312,869	4,831
312,884	5,272
312,899	4,836
312,914	4,389
312,929	5,236
312,944	5,311
312,959	5,251
312,974	5,361
312,989	4,533
313,004	5,225
313,019	4,137
313,034	5,079
313,049	5,320
313,064	4,623
313,079	4,101
313,094	4,767
313,109	4,842
313,124	5,173
313,139	5,574
313,154	5,569
313,169	5,538
313,184	4,435
313,199	4,751
313,214	4,444
313,229	5,136
313,244	5,542
313,259	5,066
313,274	4,308
313,289	5,140
313,304	4,779
313,319	5,641
313,334	5,546
313,349	5,551
313,364	5,345
313,379	5,204
313,394	5,344
313,409	5,615
313,424	4,732
313,439	5,640
313,454	5,589
313,469	4,436
313,484	5,483
313,499	4,405
313,514	5,172
313,529	5,578
313,544	4,570
313,559	5,833
313,574	5,056
313,589	4,504
313,604	5,642
313,619	5,426
313,634	5,892
313,649	5,877
313,664	4,994
313,679	4,768
313,694	4,637
313,709	5,805
313,724	5,685
313,739	5,850
313,754	5,820
313,769	5,213
313,784	4,656
313,799	5,859
313,814	5,072
313,829	5,994
313,844	5,728
313,859	5,046
313,875	5,146
313,889	4,840
313,904	5,762
313,920	5,973
313,935	5,727
313,950	6,013
313,964	4,834
313,979	5,019
313,995	5,811
314,010	5,871
314,024	5,926
314,039	6,157
314,055	5,299
314,070	5,043
314,084	4,601
314,099	6,130
314,115	5,980
314,130	5,403
314,145	4,801
314,160	5,402
314,175	5,066
314,190	5,944
314,205	6,209
314,220	6,023
314,235	6,359
314,250	5,551
314,265	5,566
314,280	6,173
314,295	5,486
314,310	6,328
314,325	6,277
314,340	5,314
314,355	5,665
314,370	4,893
314,385	6,256
314,400	6,226
314,415	6,291
314,430	6,471
314,445	5,774
314,460	5,553
314,475	6,335
314,490	5,432
314,505	6,395
314,520	6,280
314,535	5,392
314,550	5,938
314,565	5,893
314,580	6,454
314,595	6,489
314,610	6,774
314,625	6,538
314,640	5,871
314,655	5,355
314,670	6,417
314,685	6,101
314,700	6,437
314,715	5,720
314,730	5,509
314,745	5,699
314,760	5,573
314,775	5,648
314,790	6,325
314,805	6,194
314,820	6,500
314,835	5,878
314,850	5,106
314,865	6,650
314,880	6,860
314,895	6,700
314,910	6,614
314,925	5,666
314,940	6,092
314,955	5,917
314,970	6,548
314,985	6,899
315,000	6,111
315,009	6,366
315,024	6,698
315,039	6,578
315,054	6,935
315,069	6,089
315,084	6,180
315,099	6,873
315,114	6,814
315,129	6,750
315,144	7,081
315,159	6,520
315,174	6,607
315,189	6,793
315,204	6,147
315,219	5,802
315,234	6,705
315,249	6,922
315,264	6,441
315,279	6,196
315,294	6,579
315,309	6,644
315,324	6,234
315,339	6,687
315,354	5,785
315,369	6,703
315,384	6,343
315,399	6,660
315,414	6,696
315,429	6,747
315,444	5,800
315,459	6,357
315,474	6,133
315,489	6,660
315,504	6,240
315,519	6,928
315,534	6,798
315,549	6,443
315,564	6,259
315,579	6,761
315,594	6,340
315,609	6,898
315,624	6,859
315,639	6,067
315,654	6,795
315,669	6,194
315,684	6,717
315,699	6,843
315,714	6,919
315,729	6,945
315,744	6,440
315,759	6,330
315,774	6,672
315,789	6,492
315,804	6,894
315,819	7,031
315,834	6,490
315,849	5,698
315,864	7,133
315,879	6,874
315,894	6,905
315,909	6,244
315,925	6,957
315,940	6,180
315,954	6,728
315,969	6,046
315,985	6,419
316,000	6,790
316,014	6,079
316,029	6,170
316,045	6,898
316,060	7,105
316,075	6,439
316,089	5,692
316,105	6,782
316,120	6,928
316,135	6,252
316,150	6,012
316,165	6,790
316,180	6,671
316,195	6,942
316,210	6,813
316,225	6,437
316,240	6,137
316,255	5,953
316,270	6,746
316,285	6,907
316,300	7,119
316,315	6,864
316,330	6,594
316,345	6,189
316,360	6,907
316,375	7,038
316,390	6,949
316,405	6,975
316,420	6,163
316,435	6,189
316,450	6,441
316,465	6,707
316,480	7,120
316,495	7,055
316,510	6,184
316,525	6,661
316,540	6,246
316,555	6,848
316,570	7,396
316,585	7,271
316,600	6,013
316,615	6,190
316,630	7,148
316,645	7,300
316,660	6,874
316,675	6,519
316,690	7,107
316,705	6,030
316,720	6,727
316,735	6,468
316,750	6,744
316,765	7,066
316,780	6,831
316,795	6,877
316,810	6,833
316,825	7,421
316,840	7,095
316,855	6,309
316,870	7,062
316,885	7,239
316,900	6,442
316,915	7,180
316,930	6,414
316,945	7,097
316,960	7,368
316,975	6,998
316,990	7,255
317,005	7,271
317,020	6,650
317,035	7,247
317,050	6,812
317,065	7,430
317,080	7,100
317,095	7,036
317,110	6,695
317,125	6,982
317,140	6,787
317,155	7,139
317,170	7,190
317,185	7,317
317,200	6,911
317,215	6,666
317,230	7,470
317,245	7,435
317,260	7,321
317,275	7,557
317,290	7,142
317,305	6,651
317,320	6,793
317,335	7,486
317,350	7,492
317,365	6,765
317,380	6,651
317,395	7,213
317,410	7,505
317,425	7,070
317,440	6,629
317,455	7,297
317,470	7,438
317,485	6,802
317,500	7,009
317,515	7,792
317,530	6,926
317,545	7,493
317,560	7,569
317,575	7,430
317,590	7,551
317,605	6,534
317,620	7,312
317,635	7,298
317,650	7,339
317,665	7,600
317,680	6,703
317,695	6,775
317,710	7,573
317,725	7,067
317,740	7,585
317,755	7,771
317,770	7,210
317,785	7,808
317,800	6,991
317,815	7,273
317,830	7,495
317,845	7,295
317,860	7,727
317,875	7,357
317,890	6,866
317,906	7,580
317,921	7,124
317,935	7,596
317,950	7,768
317,966	7,087
317,981	7,092
317,995	6,702
318,010	7,867
318,026	7,722
318,041	7,938
318,055	7,418
318,070	6,962
318,086	7,550
318,101	7,917
318,116	7,557
318,131	7,738
318,146	7,995
318,161	7,981
318,176	7,299
318,191	6,744
318,206	7,702
318,221	7,984
318,236	7,819
318,251	7,153
318,266	7,605
318,281	7,993
318,296	7,507
318,311	7,874
318,326	7,915
318,341	8,056
318,356	7,205
318,371	7,747
318,386	7,678
318,401	7,318
318,416	8,051
318,431	8,122
318,446	7,365
318,461	8,048
318,476	7,166
318,491	7,794
318,506	8,021
318,521	7,977
318,536	7,968
318,551	7,357
318,566	7,092
318,581	7,980
318,596	7,460
318,611	7,887
318,626	7,627
318,641	7,096
318,656	7,463
318,671	7,068
318,686	8,067
318,701	8,313
318,716	7,928
318,731	8,120
318,746	7,870
318,761	7,364
318,776	8,268
318,791	8,178
318,806	8,159
318,821	7,799
318,836	7,835
318,851	8,192
318,866	8,062
318,881	7,557
318,896	8,264
318,911	8,290
318,926	8,156
318,941	7,866
318,956	7,561
318,971	8,429
318,986	7,753
319,001	7,448
319,016	7,745
319,031	8,338
319,046	7,295
319,061	7,407
319,076	7,738
319,091	8,085
319,106	8,157
319,121	8,549
319,136	7,998
319,151	7,522
319,166	8,316
319,181	7,614
319,196	8,312
319,211	8,383
319,226	7,672
319,241	8,014
319,256	7,418
319,271	7,665
319,286	8,282
319,301	8,263
319,316	8,274
319,331	8,200
319,346	7,579
319,361	8,181
319,376	8,739
319,391	8,554
319,406	8,520
319,421	8,130
319,436	8,191
319,451	7,886
319,466	8,007
319,481	8,535
319,496	8,531
319,511	7,829
319,526	7,840
319,541	8,167
319,556	8,494
319,571	8,615
319,586	8,496
319,601	8,747
319,616	8,437
319,631	8,794
319,646	7,476
319,661	8,199
319,676	8,491
319,691	8,587
319,706	7,731
319,721	7,491
319,736	7,958
319,751	8,706
319,766	8,873
319,781	8,633
319,796	8,699
319,811	8,795
319,826	8,028
319,841	8,736
319,856	7,925
319,871	8,848
319,886	8,809
319,901	8,670
319,916	8,671
319,932	8,340
319,947	7,990
319,962	8,849
319,976	8,920
319,991	9,036
320,007	8,576
320,022	7,955
320,036	8,853
320,051	8,172
320,067	8,975
320,082	8,791
320,097	8,340
320,111	8,195
320,127	8,141
320,142	8,127
320,157	9,076
320,172	8,791
320,187	8,852
320,202	8,747
320,217	8,437
320,232	9,060
320,247	8,655
320,262	9,157
320,277	8,381
320,292	8,256
320,307	9,004
320,322	8,719
320,337	8,680
320,352	8,029
320,367	8,652
320,382	8,462
320,397	9,205
320,412	8,639
320,427	8,756
320,442	9,238
320,457	9,389
320,472	9,380
320,487	8,749
320,502	8,449
320,517	8,846
320,532	8,571
320,547	9,039
320,562	8,754
320,577	8,408
320,592	9,212
320,607	8,410
320,622	8,702
320,637	9,189
320,652	9,175
320,667	9,091
320,682	8,841
320,697	8,310
320,712	8,938
320,727	8,387
320,742	9,040
320,757	9,422
320,772	8,355
320,787	9,309
320,802	8,567
320,817	8,939
320,832	9,130
320,847	9,407
320,862	9,313
320,877	8,697
320,892	8,261
320,907	9,020
320,922	8,770
320,937	9,368
320,952	9,218
320,967	8,216
320,982	8,678
320,997	8,930
321,012	9,246
321,027	9,523
321,042	9,258
321,057	9,384
321,072	9,511
321,087	9,617
321,102	8,545
321,117	8,806
321,132	8,998
321,147	9,666
321,162	9,065
321,177	8,233
321,192	8,971
321,207	9,333
321,222	9,640
321,237	8,567
321,252	9,170
321,267	9,557
321,282	8,896
321,297	8,792
321,312	9,676
321,327	9,621
321,342	9,462
321,357	8,941
321,372	8,520
321,387	9,324
321,402	9,044
321,417	9,491
321,432	9,743
321,447	9,718
321,462	9,559
321,477	9,660
321,492	9,084
321,507	9,807
321,522	9,582
321,537	9,794
321,552	8,626
321,567	9,089
321,582	9,295
321,597	9,150
321,612	9,828
321,627	9,769
321,642	9,735
321,657	9,731
321,672	9,145
321,687	9,813
321,702	9,984
321,717	9,754
321,732	9,484
321,747	9,571
321,762	9,075
321,777	9,728
321,792	9,979
321,807	9,348
321,822	9,229
321,837	9,932
321,852	9,938
321,867	9,056
321,882	9,498
321,897	10,091
321,912	9,906
321,928	9,952
321,942	9,527
321,957	10,255
321,973	9,789
321,988	9,249
322,002	9,952
322,017	9,927
322,033	9,828
322,048	10,004
322,062	9,388
322,077	9,720
322,093	9,892
322,108	9,782
322,123	10,094
322,138	9,889
322,153	8,907
322,168	9,490
322,183	9,120
322,198	9,722
322,213	10,129
322,228	9,644
322,243	9,003
322,258	10,057
322,273	9,421
322,288	9,893
322,303	10,205
322,318	9,955
322,333	10,102
322,348	9,325
322,363	9,537
322,378	9,863
322,393	10,035
322,408	9,629
322,423	9,736
322,438	9,014
322,453	9,346
322,468	9,848
322,483	10,241
322,498	10,206
322,513	9,345
322,528	9,902
322,543	9,587
322,558	9,618
322,573	10,045
322,588	10,147
322,603	10,303
322,618	9,577
322,633	9,683
322,648	10,145
322,663	10,015
322,678	9,710
322,693	10,158
322,708	9,778
322,723	10,305
322,738	9,388
322,753	10,086
322,768	10,323
322,783	10,088
322,798	10,365
322,813	10,300
322,828	9,138
322,843	9,725
322,858	9,746
322,873	10,238
322,888	10,259
322,903	10,441
322,918	10,291
322,933	9,580
322,948	9,927
322,963	10,234
322,978	10,420
322,993	10,296
323,008	10,181
323,023	9,259
323,038	10,048
323,053	9,351
323,068	10,616
323,083	10,311
323,098	10,287
323,113	9,892
323,128	9,782
323,143	9,678
323,158	10,476
323,173	10,522
323,188	10,498
323,203	9,842
323,218	9,687
323,233	10,305
323,248	10,561
323,263	9,825
323,278	9,706
323,293	10,148
323,308	9,838
323,323	9,804
323,338	9,805
323,353	10,212
323,368	10,619
323,383	9,436
323,398	10,204
323,413	9,428
323,428	10,326
323,443	10,162
323,458	10,173
323,473	10,379
323,488	9,688
323,503	9,338
323,518	9,725
323,533	9,816
323,548	10,278
323,563	10,404
323,578	10,029
323,593	10,486
323,608	9,715
323,623	9,896
323,638	10,589
323,653	9,978
323,668	10,681
323,683	10,657
323,698	9,685
323,713	10,398
323,728	9,812
323,743	10,465
323,758	10,582
323,773	9,971
323,788	10,358
323,803	9,556
323,818	9,762
323,833	10,440
323,848	10,025
323,863	10,282
323,878	10,363
323,893	9,691
323,908	10,224
323,923	9,949
323,938	10,126
323,954	10,432
323,969	9,566
323,983	9,476
323,998	10,109
324,014	10,426
324,029	9,715
324,043	9,876
324,058	10,353
324,074	10,244
324,089	9,753
324,103	9,699
324,119	9,690
324,134	10,458
324,149	9,576
324,164	10,309
324,179	10,310
324,194	10,085
324,209	9,886
324,224	10,273
324,239	10,474
324,254	10,656
324,269	10,361
324,284	9,614
324,299	9,881
324,314	9,651
324,329	10,440
324,344	10,711
324,359	10,301
324,374	9,850
324,389	10,202
324,404	9,777
324,419	10,520
324,434	10,466
324,449	10,502
324,464	10,623
324,479	9,530
324,494	10,424
324,509	10,671
324,524	10,280
324,539	10,537
324,554	9,871
324,569	9,460
324,584	10,073
324,599	9,598
324,614	10,647
324,629	10,758
324,644	10,127
324,659	10,223
324,674	9,707
324,689	10,566
324,704	10,436
324,719	10,001
324,734	9,671
324,749	10,279
324,764	10,635
324,779	10,677
324,794	9,800
324,809	10,453
324,824	10,413
324,839	10,610
324,854	10,144
324,869	10,461
324,884	9,880
324,899	10,438
324,914	9,772
324,929	10,379
324,944	10,280
324,959	9,814
324,974	10,166
324,989	9,721
325,004	10,444
325,019	10,681
325,034	10,230
325,049	10,647
325,064	10,382
325,079	10,283
325,094	10,795
325,109	10,575
325,124	10,687
325,139	10,703
325,154	9,680
325,169	10,047
325,184	9,968
325,199	10,521
325,214	10,602
325,229	10,151
325,244	9,771
325,259	10,158
325,274	9,497
325,289	10,611
325,304	10,712
325,319	10,743
325,334	10,840
325,349	10,735
325,364	10,079
325,379	10,737
325,394	10,748
325,409	10,769
325,424	10,107
325,439	10,033
325,454	10,556
325,469	10,662
325,484	10,026
325,499	9,746
325,514	10,790
325,529	10,926
325,544	10,240
325,559	9,965
325,574	10,688
325,589	10,192
325,604	10,685
325,619	10,410
325,634	9,714
325,649	10,301
325,664	9,901
325,679	10,765
325,694	10,620
325,709	9,638
325,724	10,552
325,739	9,910
325,754	10,553
325,769	10,765
325,784	10,269
325,799	10,591
325,814	10,782
325,829	9,810
325,844	10,699
325,859	9,792
325,875	10,345
325,889	10,782
325,904	10,106
325,920	10,373
325,935	10,298
325,950	9,492
325,964	10,400
325,979	10,551
325,995	10,643
326,010	10,373
326,024	9,887
326,039	10,063
326,055	9,688
326,070	10,486
326,084	10,562
326,099	10,117
326,115	10,233
326,130	9,633
326,145	10,411
326,160	9,745
326,175	10,402
326,190	9,531
326,205	10,369
326,220	10,856
326,235	10,667
326,250	9,564
326,265	10,413
326,280	10,629
326,295	10,299
326,310	9,889
326,325	9,865
326,340	9,489
326,355	10,443
326,370	10,369
326,385	10,445
326,400	10,365
326,415	9,679
326,430	9,705
326,445	10,448
326,460	9,506
326,475	10,435
326,490	10,411
326,505	9,599
326,520	9,916
326,535	9,666
326,550	10,299
326,565	10,285
326,580	10,471
326,595	10,457
326,610	9,651
326,625	9,636
326,640	10,139
326,655	9,447
326,670	10,502
326,685	9,710
326,700	9,806
326,715	9,732
326,730	9,377
326,745	9,990
326,760	10,241
326,775	10,117
326,790	9,887
326,805	9,707
326,820	9,613
326,835	10,155
326,850	9,905
326,865	9,886
326,880	9,752
326,895	9,412
326,910	9,979
326,925	10,106
326,940	9,048
326,955	9,139
326,970	10,083
326,985	9,928
327,000	9,583
327,013	9,345
327,028	9,902
327,043	9,587
327,058	9,618
327,073	10,045
327,088	10,147
327,103	10,303
327,118	9,577
327,133	9,683
327,148	10,145
327,163	10,015
327,178	9,710
327,193	10,158
327,208	9,778
327,223	10,305
327,238	9,388
327,253	10,086
327,268	10,323
327,283	10,088
327,298	10,365
327,313	10,300
327,328	9,138
327,343	9,725
327,358	9,746
327,373	10,238
327,388	10,259
327,403	10,441
327,418	10,291
327,433	9,580
327,448	9,927
327,463	10,234
327,478	10,420
327,493	10,296
327,508	10,181
327,523	9,259
327,538	10,048
327,553	9,351
327,568	10,616
327,583	10,311
327,598	10,287
327,613	9,892
327,628	9,782
327,643	9,678
327,658	10,476
327,673	10,522
327,688	10,498
327,703	9,842
327,718	9,687
327,733	10,305
327,748	10,561
327,763	9,825
327,778	9,706
327,793	10,148
327,808	9,838
327,823	9,804
327,838	9,805
327,853	10,212
327,868	10,619
327,883	9,436
327,898	10,204
327,913	9,428
327,928	10,326
327,943	10,162
327,958	10,173
327,973	10,379
327,988	9,688
328,003	9,338
328,018	9,725
328,033	9,816
328,048	10,278
328,063	10,404
328,078	10,029
328,093	10,486
328,108	9,715
328,123	9,896
328,138	10,589
328,153	9,978
328,168	10,681
328,183	10,657
328,198	9,685
328,213	10,398
328,228	9,812
328,243	10,465
328,258	10,582
328,273	9,971
328,288	10,358
328,303	9,556
328,318	9,762
328,333	10,440
328,348	10,025
328,363	10,282
328,378	10,363
328,393	9,691
328,408	10,224
328,423	9,949
328,438	10,126
328,454	10,432
328,469	9,566
328,483	9,476
328,498	10,109
328,514	10,426
328,529	9,715
328,543	9,876
328,558	10,353
328,574	10,244
328,589	9,753
328,603	9,699
328,619	9,690
328,634	10,458
328,649	9,576
328,664	10,309
328,679	10,310
328,694	10,085
328,709	9,886
328,724	10,273
328,739	10,474
328,754	10,656
328,769	10,361
328,784	9,614
328,799	9,881
328,814	9,651
328,829	10,440
328,844	10,711
328,859	10,301
328,874	9,850
328,889	10,202
328,904	9,777
328,919	10,520
328,934	10,466
328,949	10,502
328,964	10,623
328,979	9,530
328,994	10,424
329,009	10,671
329,024	10,280
329,039	10,537
329,054	9,871
329,069	9,460
329,084	10,073
329,099	9,598
329,114	10,647
329,129	10,758
329,144	10,127
329,159	10,223
329,174	9,707
329,189	10,566
329,204	10,436
329,219	10,001
329,234	9,671
329,249	10,279
329,264	10,635
329,279	10,677
329,294	9,800
329,309	10,453
329,324	10,413
329,339	10,610
329,354	10,144
329,369	10,461
329,384	9,880
329,399	10,438
329,414	9,772
329,429	10,379
329,444	10,280
329,459	9,814
329,474	10,166
329,489	9,721
329,504	10,444
329,519	10,681
329,534	10,230
329,549	10,647
329,564	10,382
329,579	10,283
329,594	10,795
329,609	10,575
329,624	10,687
329,639	10,703
329,654	9,680
329,669	10,047
329,684	9,968
329,699	10,521
329,714	10,602
329,729	10,151
329,744	9,771
329,759	10,158
329,774	9,497
329,789	10,611
329,804	10,712
329,819	10,743
329,834	10,840
329,849	10,735
329,864	10,079
329,879	10,737
329,894	10,748
329,909	10,769
329,924	10,107
329,939	10,033
329,954	10,556
329,969	10,662
329,984	10,026
329,999	9,746
