285,000	9,705
285,015	9,204
285,030	9,863
285,045	9,899
285,060	11,681
285,075	12,049
285,090	12,351
285,105	12,658
285,120	13,001
285,135	13,745
285,150	14,598
285,165	15,011
285,180	15,168
285,195	16,273
285,210	16,590
285,225	16,441
285,240	17,029
285,255	18,089
285,270	18,788
285,285	18,689
285,300	19,337
285,315	20,051
285,330	20,087
285,345	20,976
285,360	20,968
285,375	21,766
285,390	21,688
285,405	22,135
285,420	23,536
285,435	23,146
285,450	24,055
285,465	24,528
285,480	24,941
285,495	25,630
285,510	25,310
285,525	25,562
285,540	26,893
285,555	26,638
285,570	27,322
285,585	27,629
285,600	27,791
285,615	28,620
285,630	27,979
285,645	28,899
285,660	29,597
285,675	30,065
285,690	30,247
285,705	30,489
285,720	29,863
285,735	31,204
285,750	31,717
285,765	32,250
285,780	32,367
285,795	32,178
285,810	32,505
285,825	32,867
285,840	33,897
285,855	34,119
285,870	33,604
285,885	34,398
285,901	34,956
285,916	35,283
285,930	34,572
285,945	35,070
285,961	36,085
285,976	36,357
285,990	35,822
286,005	36,129
286,021	36,386
286,036	37,240
286,050	37,523
286,065	37,082
286,080	37,967
286,096	37,647
286,111	37,719
286,125	38,493
286,141	39,121
286,156	38,982
286,171	39,249
286,186	39,015
286,201	39,151
286,216	39,634
286,231	39,395
286,246	40,264
286,261	40,516
286,276	39,981
286,291	41,011
286,306	40,450
286,321	40,848
286,336	41,296
286,351	41,407
286,366	41,890
286,381	41,671
286,396	41,883
286,411	41,924
286,426	41,835
286,441	42,434
286,456	42,415
286,471	42,156
286,486	42,779
286,501	42,289
286,516	42,942
286,531	43,184
286,546	42,845
286,561	43,067
286,576	42,853
286,591	43,451
286,606	43,828
286,621	43,413
286,636	42,873
286,651	43,737
286,666	44,255
286,681	44,001
286,696	43,395
286,711	44,244
286,726	44,506
286,741	44,192
286,756	43,792
286,771	44,400
286,786	44,251
286,801	44,819
286,816	43,988
286,831	44,782
286,846	44,999
286,861	44,238
286,876	44,555
286,891	44,612
286,906	44,443
286,921	45,191
286,936	45,484
286,951	44,843
286,966	45,421
286,981	44,364
286,996	45,565
287,011	45,431
287,026	45,587
287,041	45,443
287,056	45,229
287,071	45,280
287,086	45,076
287,101	45,594
287,116	45,535
287,131	45,316
287,146	45,042
287,161	45,560
287,176	45,059
287,191	45,091
287,206	45,574
287,221	45,239
287,236	45,772
287,251	44,755
287,266	44,822
287,281	45,641
287,296	45,743
287,311	45,945
287,326	44,888
287,341	44,944
287,356	45,272
287,371	45,840
287,386	45,786
287,401	44,870
287,416	45,548
287,431	45,389
287,446	44,783
287,461	45,011
287,476	45,318
287,491	45,264
287,506	44,619
287,521	45,443
287,536	44,917
287,551	44,853
287,566	44,403
287,581	44,861
287,596	45,319
287,611	44,814
287,626	45,006
287,641	44,711
287,656	45,094
287,671	44,784
287,686	44,189
287,701	44,973
287,716	44,608
287,731	44,298
287,746	43,923
287,761	43,955
287,776	44,047
287,791	44,565
287,806	43,999
287,821	44,527
287,836	44,052
287,851	43,572
287,866	44,005
287,881	44,307
287,897	43,993
287,911	43,914
287,926	43,624
287,942	43,355
287,957	43,356
287,971	43,553
287,986	43,946
288,002	42,874
288,017	42,609
288,031	42,901
288,046	43,344
288,062	43,386
288,077	42,795
288,092	42,867
288,107	42,156
288,122	43,110
288,137	41,938
288,152	42,180
288,167	42,608
288,182	42,980
288,197	42,400
288,212	41,970
288,227	42,448
288,242	41,536
288,257	42,210
288,272	42,101
288,287	41,962
288,302	41,672
288,317	41,739
288,332	41,118
288,347	41,937
288,362	41,016
288,377	41,930
288,392	41,596
288,407	40,845
288,422	41,418
288,437	40,351
288,452	40,377
288,467	41,447
288,482	41,167
288,497	41,294
288,512	41,341
288,527	40,294
288,542	40,807
288,557	40,131
288,572	40,439
288,587	40,736
288,602	40,065
288,617	39,505
288,632	39,882
288,647	39,683
288,662	40,246
288,677	40,167
288,692	40,324
288,707	39,819
288,722	39,219
288,737	39,777
288,752	39,648
288,767	39,709
288,782	38,828
288,797	39,025
288,812	39,608
288,827	39,444
288,842	38,813
288,857	39,356
288,872	39,102
288,887	39,143
288,902	38,518
288,917	37,923
288,932	39,072
288,947	39,019
288,962	38,870
288,977	37,928
288,992	38,802
289,007	37,836
289,022	38,153
289,037	38,154
289,052	38,391
289,067	38,257
289,082	37,506
289,097	38,064
289,112	37,469
289,127	37,526
289,142	38,084
289,157	38,145
289,172	38,051
289,187	37,195
289,202	37,392
289,217	37,840
289,232	37,320
289,247	37,717
289,262	37,593
289,277	36,953
289,292	37,651
289,307	36,695
289,322	37,413
289,337	37,500
289,352	37,005
289,367	37,422
289,382	36,471
289,397	36,462
289,412	37,060
289,427	36,676
289,442	37,148
289,457	36,989
289,472	36,615
289,487	36,501
289,502	36,357
289,517	36,955
289,532	36,525
289,547	36,165
289,562	36,492
289,577	36,715
289,592	36,405
289,607	35,935
289,622	35,992
289,637	36,685
289,652	36,807
289,667	35,594
289,682	35,987
289,697	35,968
289,712	36,521
289,727	35,926
289,742	35,687
289,757	36,215
289,772	35,940
289,787	35,430
289,802	35,963
289,817	36,165
289,832	36,307
289,847	35,892
289,862	35,251
289,877	35,062
289,892	35,204
289,907	35,095
289,923	35,643
289,937	35,449
289,952	35,465
289,967	34,970
289,983	34,465
289,998	35,008
290,012	35,240
290,027	34,976
290,043	34,862
290,058	34,281
290,072	33,636
290,088	34,139
290,103	33,954
290,118	34,342
290,133	33,922
290,148	33,562
290,163	33,689
290,178	32,898
290,193	33,662
290,208	33,382
290,223	33,414
290,238	33,310
290,253	32,032
290,268	32,480
290,283	32,075
290,298	32,152
290,313	31,285
290,328	32,175
290,343	31,970
290,358	31,270
290,373	30,654
290,388	31,097
290,403	31,269
290,418	30,698
290,433	29,762
290,448	30,345
290,463	30,577
290,478	29,646
290,493	29,436
290,508	29,879
290,523	29,640
290,538	28,889
290,553	28,810
290,568	28,495
290,583	27,990
290,598	28,398
290,613	28,524
290,628	28,335
290,643	28,021
290,658	26,638
290,673	27,437
290,688	26,395
290,703	27,189
290,718	26,844
290,733	26,329
290,748	25,813
290,763	25,955
290,778	25,395
290,793	25,888
290,808	25,117
290,823	25,600
290,838	25,059
290,853	24,504
290,868	24,325
290,883	24,783
290,898	24,563
290,913	24,791
290,928	23,774
290,943	23,218
290,958	23,370
290,973	23,763
290,988	23,553
291,003	23,038
291,018	22,508
291,033	23,232
291,048	23,233
291,063	22,462
291,078	21,546
291,093	22,645
291,108	22,557
291,123	21,595
291,138	21,717
291,153	21,843
291,168	21,955
291,183	21,861
291,198	20,779
291,213	21,192
291,228	20,998
291,243	20,136
291,258	20,138
291,273	20,937
291,288	20,667
291,303	20,719
291,318	20,274
291,333	19,548
291,348	19,655
291,363	19,350
291,378	19,948
291,393	20,145
291,408	19,545
291,423	19,827
291,438	19,116
291,453	18,556
291,468	19,259
291,483	19,181
291,498	19,041
291,513	18,612
291,528	18,337
291,543	18,529
291,558	17,989
291,573	18,577
291,588	18,639
291,603	17,817
291,618	18,105
291,633	17,680
291,648	17,340
291,663	17,813
291,678	17,814
291,693	17,359
291,708	16,994
291,723	16,740
291,738	17,173
291,753	17,119
291,768	16,809
291,783	16,751
291,798	16,296
291,813	16,864
291,828	15,882
291,843	16,149
291,858	16,301
291,873	16,197
291,889	16,419
291,903	15,954
291,918	15,334
291,933	16,133
291,949	16,024
291,964	15,744
291,978	15,640
291,993	15,682
292,009	14,409
292,024	14,902
292,038	14,668
292,053	15,386
292,068	15,092
292,084	14,220
292,099	14,914
292,114	14,133
292,129	14,691
292,144	14,813
292,159	14,408
292,174	14,545
292,189	14,045
292,204	13,650
292,219	13,651
292,234	13,587
292,249	14,246
292,264	14,102
292,279	13,571
292,294	14,014
292,309	13,173
292,324	13,435
292,339	13,612
292,354	13,192
292,369	13,509
292,384	13,471
292,399	12,985
292,414	12,505
292,429	13,184
292,444	13,055
292,459	12,419
292,474	12,877
292,489	12,658
292,504	12,539
292,519	12,119
292,534	11,473
292,549	12,172
292,564	12,259
292,579	11,889
292,594	11,860
292,609	12,072
292,624	10,990
292,639	11,603
292,654	11,820
292,669	11,415
292,684	11,893
292,699	10,806
292,714	11,034
292,729	11,401
292,744	11,297
292,759	10,727
292,774	11,144
292,789	10,684
292,804	10,916
292,819	9,734
292,834	10,754
292,849	10,675
292,864	10,666
292,879	10,181
292,894	10,213
292,909	9,406
292,924	10,351
292,939	10,242
292,954	10,138
292,969	10,255
292,984	9,479
292,999	9,415
293,014	9,867
293,029	9,167
293,044	9,775
293,059	9,415
293,074	8,784
293,089	9,082
293,104	8,532
293,119	9,055
293,134	9,181
293,149	8,872
293,164	8,201
293,179	8,473
293,194	8,961
293,209	7,975
293,224	8,121
293,239	8,138
293,254	8,656
293,269	8,988
293,284	7,886
293,299	8,459
293,314	8,511
293,329	8,201
293,344	7,711
293,359	8,465
293,374	7,729
293,389	7,470
293,404	7,446
293,419	7,864
293,434	8,301
293,449	7,962
293,464	7,316
293,479	7,102
293,494	7,098
293,509	7,405
293,524	7,688
293,539	7,062
293,554	7,530
293,569	6,934
293,584	6,605
293,599	7,243
293,614	7,455
293,629	7,171
293,644	7,062
293,659	6,120
293,674	6,688
293,689	5,983
293,704	6,666
293,719	6,672
293,734	6,423
293,749	5,747
293,764	6,015
293,779	5,836
293,794	6,333
293,809	6,305
293,824	6,411
293,839	6,087
293,854	5,341
293,869	5,814
293,884	5,950
293,899	5,872
293,914	5,442
293,930	4,866
293,945	5,138
293,959	5,320
293,974	5,026
293,990	5,704
294,005	5,395
294,019	5,411
294,034	4,821
294,050	4,501
294,065	5,440
294,079	5,412
294,094	4,781
294,110	5,149
294,125	5,255
294,140	3,867
294,155	4,310
294,170	4,472
294,185	4,709
294,200	4,976
294,215	4,531
294,230	4,759
294,245	4,278
294,260	3,899
294,275	4,386
294,290	3,756
294,305	4,434
294,320	4,601
294,335	3,835
294,350	4,193
294,365	3,497
294,380	3,749
294,395	4,317
294,410	3,812
294,425	4,044
294,440	3,519
294,455	3,455
294,470	3,883
294,485	3,032
294,500	3,725
294,515	3,596
294,530	3,041
294,545	3,328
294,560	2,642
294,575	3,296
294,590	3,021
294,605	2,897
294,620	2,818
294,635	2,253
294,650	3,328
294,665	2,316
294,680	2,764
294,695	2,544
294,710	3,103
294,725	3,069
294,740	2,373
294,755	2,485
294,770	2,882
294,785	1,876
294,800	1,822
294,815	2,440
294,830	2,261
294,845	1,751
294,860	2,570
294,875	2,636
294,890	2,608
294,905	2,519
294,920	1,828
294,935	1,814
294,950	2,202
294,965	2,188
294,980	2,340
294,995	1,955
295,010	1,315
295,025	1,823
295,040	1,653
295,055	2,031
295,070	2,012
295,085	1,939
295,100	1,804
295,115	1,124
295,130	1,471
295,145	2,039
295,160	1,404
295,175	1,866
295,190	1,743
295,205	0,962
295,220	1,610
295,235	0,779
295,250	1,753
295,265	1,755
295,280	1,435
295,295	1,627
295,310	0,921
295,325	0,732
295,340	1,651
295,355	1,658
295,370	1,599
295,385	0,617
295,400	1,010
295,415	1,663
295,430	1,559
295,445	0,597
295,460	0,804
295,475	0,987
295,490	1,309
295,505	1,014
295,520	1,272
295,535	1,303
295,550	1,465
295,565	0,383
295,580	0,775
295,595	1,554
295,610	0,848
295,625	0,564
295,640	1,298
295,655	1,299
295,670	0,719
295,685	1,206
295,700	0,907
295,715	0,668
295,730	1,231
295,745	1,232
295,760	1,028
295,775	1,295
295,790	0,454
295,805	0,601
295,820	0,341
295,835	0,990
295,850	1,212
295,865	0,747
295,880	0,507
295,895	0,624
295,911	0,099
295,925	0,928
295,940	1,315
295,955	1,051
295,971	0,641
295,986	0,447
296,000	0,513
296,015	0,936
296,031	0,692
296,046	0,909
296,060	0,875
296,075	-0,122
296,091	0,416
296,106	1,150
296,121	0,961
296,136	0,365
296,151	0,918
296,166	0,774
296,181	-0,112
296,196	0,426
296,211	0,583
296,226	0,870
296,241	0,852
296,256	0,236
296,271	0,237
296,286	0,710
296,301	0,110
296,316	0,873
296,331	0,900
296,346	0,279
296,361	0,863
296,376	0,097
296,391	0,093
296,406	0,862
296,421	0,231
296,436	0,709
296,451	0,730
296,466	-0,216
296,481	0,186
296,496	-0,118
296,511	0,605
296,526	0,863
296,541	0,217
296,556	0,785
296,571	0,200
296,586	0,151
296,601	0,514
296,616	0,560
296,631	0,526
296,646	0,648
296,661	0,358
296,676	0,235
296,691	-0,050
296,706	0,187
296,721	0,700
296,736	0,245
296,751	0,668
296,766	0,117
296,781	0,099
296,796	0,642
296,811	0,578
296,826	0,344
296,841	0,125
296,856	0,407
296,871	0,453
296,886	-0,483
296,901	0,010
296,916	-0,185
296,931	0,328
296,946	0,280
296,961	-0,406
296,976	-0,204
296,991	0,294
297,006	0,436
297,021	-0,175
297,036	0,338
297,051	-0,508
297,066	-0,121
297,081	0,533
297,096	-0,088
297,111	0,375
297,126	0,522
297,141	-0,510
297,156	-0,162
297,171	-0,261
297,186	0,377
297,201	0,414
297,216	0,089
297,231	0,201
297,246	-0,315
297,261	-0,429
297,276	0,154
297,291	-0,255
297,306	0,338
297,321	0,229
297,336	-0,773
297,351	0,101
297,366	-0,770
297,381	-0,112
297,396	0,276
297,411	0,232
297,426	0,148
297,441	-0,126
297,456	-0,661
297,471	0,368
297,486	-0,368
297,501	0,516
297,516	0,352
297,531	-0,323
297,546	-0,237
297,561	-0,316
297,576	0,599
297,591	0,244
297,606	-0,126
297,621	-0,365
297,636	0,308
297,651	-0,453
297,666	-0,181
297,681	-0,330
297,696	0,093
297,711	-0,086
297,726	0,161
297,741	-0,650
297,756	-0,599
297,771	0,030
297,786	0,157
297,801	-0,143
297,816	-0,608
297,831	0,000
297,846	-0,224
297,861	0,364
297,876	0,441
297,891	0,262
297,906	0,674
297,921	-0,212
297,937	0,030
297,952	-0,214
297,966	0,203
297,981	0,817
297,997	0,357
298,012	0,358
298,026	0,429
298,041	-0,121
298,057	0,788
298,072	1,221
298,087	1,217
298,102	1,219
298,116	0,829
298,132	0,725
298,147	1,659
298,162	1,199
298,177	1,442
298,192	1,814
298,207	1,404
298,222	2,298
298,237	1,908
298,252	2,647
298,267	3,341
298,282	3,372
298,297	4,161
298,312	4,393
298,327	5,498
298,342	6,287
298,357	6,795
298,372	7,945
298,387	10,007
298,402	11,293
298,417	12,849
298,432	15,208
298,447	18,329
298,462	21,264
298,477	23,507
298,492	27,080
298,507	31,786
298,522	35,910
298,537	41,082
298,552	46,049
298,567	52,440
298,582	58,545
298,597	64,480
298,612	71,167
298,627	77,508
298,642	85,359
298,657	92,673
298,672	99,109
298,687	105,074
298,702	109,529
298,717	112,400
298,732	114,538
298,747	114,875
298,762	113,517
298,777	111,452
298,792	107,917
298,807	104,954
298,822	100,817
298,837	97,224
298,852	94,150
298,867	90,867
298,882	86,504
298,897	83,913
298,912	79,997
298,927	77,380
298,942	74,734
298,957	71,650
298,972	69,259
298,987	65,800
299,002	63,138
299,017	60,963
299,032	58,823
299,047	56,712
299,062	53,910
299,077	51,760
299,092	50,417
299,107	47,785
299,122	45,741
299,137	44,197
299,152	43,100
299,167	41,336
299,182	39,216
299,197	37,366
299,212	36,616
299,227	35,077
299,242	33,288
299,257	31,654
299,272	31,104
299,287	29,455
299,302	27,450
299,317	27,382
299,332	26,325
299,347	24,601
299,362	24,346
299,377	22,582
299,392	21,134
299,407	20,920
299,422	19,557
299,437	19,408
299,452	18,411
299,467	17,304
299,482	16,122
299,497	15,567
299,512	15,122
299,527	15,028
299,542	14,257
299,557	13,536
299,572	12,765
299,587	11,904
299,602	11,704
299,617	10,748
299,632	10,524
299,647	10,339
299,662	9,453
299,677	9,068
299,692	7,991
299,707	7,827
299,722	7,839
299,737	7,218
299,752	6,933
299,767	5,877
299,782	6,550
299,797	6,170
299,812	5,214
299,827	4,694
299,842	5,046
299,857	4,471
299,872	4,111
299,887	3,490
299,902	4,033
299,917	3,859
299,933	2,998
299,947	2,407
299,962	2,584
299,978	1,748
299,993	2,798
300,007	2,423
300,022	2,369
300,038	2,085
300,053	1,148
300,067	1,019
300,083	1,527
300,098	0,746
300,113	1,103
300,128	0,714
300,143	0,188
300,158	0,757
300,173	-0,310
300,188	0,102
300,203	0,304
300,218	0,286
300,233	0,182
300,248	-0,208
300,263	-0,839
300,278	-0,456
300,293	-1,132
300,308	-0,398
300,323	-0,648
300,338	-1,077
300,353	-1,041
300,368	-0,964
300,383	-1,164
300,398	-1,228
300,413	-1,331
300,428	-1,305
300,443	-2,352
300,458	-2,155
300,473	-1,883
300,488	-2,142
300,503	-1,549
300,518	-2,495
300,533	-2,765
300,548	-2,136
300,563	-1,904
300,578	-2,745
300,593	-2,714
300,608	-2,622
300,623	-2,400
300,638	-3,252
300,653	-2,984
300,668	-2,732
300,683	-2,676
300,698	-2,765
300,713	-3,475
300,728	-3,479
300,743	-3,483
300,758	-3,762
300,773	-3,485
300,788	-2,756
300,803	-2,855
300,818	-3,370
300,833	-3,805
300,848	-4,291
300,863	-3,452
300,878	-3,626
300,893	-3,604
300,908	-3,312
300,923	-4,033
300,938	-4,337
300,953	-4,205
300,968	-4,500
300,983	-3,721
300,998	-4,332
301,013	-4,732
301,028	-4,123
301,043	-4,689
301,058	-4,391
301,073	-3,919
301,088	-4,178
301,103	-4,051
301,118	-4,551
301,133	-4,851
301,148	-4,278
301,163	-4,863
301,178	-4,581
301,193	-4,404
301,208	-5,180
301,223	-5,003
301,238	-4,601
301,253	-4,439
301,268	-4,578
301,283	-5,263
301,298	-5,302
301,313	-4,729
301,328	-4,958
301,343	-5,850
301,358	-5,116
301,373	-4,914
301,388	-5,158
301,403	-5,824
301,418	-5,010
301,433	-6,037
301,448	-5,042
301,463	-5,879
301,478	-5,732
301,493	-5,500
301,508	-5,363
301,523	-5,868
301,538	-5,490
301,553	-6,146
301,568	-5,729
301,583	-5,752
301,598	-5,846
301,613	-6,572
301,628	-6,490
301,643	-6,178
301,658	-5,715
301,673	-5,669
301,688	-5,798
301,703	-6,308
301,718	-6,818
301,733	-6,200
301,748	-5,978
301,763	-6,092
301,778	-6,000
301,793	-6,992
301,808	-6,880
301,823	-7,014
301,838	-6,275
301,853	-6,279
301,868	-6,418
301,884	-6,106
301,898	-6,375
301,913	-6,981
301,928	-6,728
301,943	-6,361
301,959	-6,595
301,974	-6,458
301,988	-6,758
302,003	-6,752
302,019	-6,655
302,034	-6,749
302,048	-7,104
302,063	-6,766
302,079	-6,875
302,094	-7,315
302,109	-7,595
302,124	-7,011
302,139	-6,789
302,154	-6,989
302,169	-7,624
302,184	-7,247
302,199	-7,872
302,214	-7,088
302,229	-7,569
302,244	-7,056
302,259	-7,029
302,274	-7,564
302,289	-7,357
302,304	-8,163
302,319	-7,826
302,334	-7,258
302,349	-7,482
302,364	-7,375
302,379	-7,740
302,394	-8,321
302,409	-7,612
302,424	-8,162
302,439	-7,674
302,454	-7,407
302,469	-8,178
302,484	-7,741
302,499	-8,647
302,514	-8,289
302,529	-7,827
302,544	-7,630
302,559	-7,784
302,574	-8,324
302,589	-8,343
302,604	-8,577
302,619	-7,874
302,634	-8,850
302,649	-8,422
302,664	-8,195
302,679	-8,304
302,694	-8,539
302,709	-9,269
302,724	-8,109
302,739	-8,093
302,754	-8,408
302,769	-8,030
302,784	-8,515
302,799	-8,684
302,814	-9,044
302,829	-9,534
302,844	-8,540
302,859	-8,308
302,874	-8,678
302,889	-8,390
302,904	-8,594
302,919	-9,150
302,934	-8,612
302,949	-9,197
302,964	-8,764
302,979	-8,653
302,994	-9,093
303,009	-9,503
303,024	-9,341
303,039	-9,269
303,054	-8,776
303,069	-8,529
303,084	-8,698
303,099	-9,238
303,114	-9,729
303,129	-8,689
303,144	-8,738
303,159	-8,837
303,174	-8,951
303,189	-9,456
303,204	-9,786
303,219	-9,769
303,234	-9,367
303,249	-9,290
303,264	-9,183
303,279	-10,130
303,294	-9,582
303,309	-10,132
303,324	-9,308
303,339	-9,417
303,354	-9,441
303,369	-9,414
303,384	-9,914
303,399	-9,953
303,414	-9,621
303,429	-9,991
303,444	-9,964
303,459	-10,133
303,474	-9,485
303,489	-9,609
303,504	-10,079
303,519	-10,780
303,534	-10,673
303,549	-9,984
303,564	-9,797
303,579	-10,649
303,594	-10,387
303,609	-9,904
303,624	-10,549
303,639	-10,016
303,654	-10,652
303,669	-11,077
303,684	-10,243
303,699	-10,617
303,714	-10,084
303,729	-10,208
303,744	-10,287
303,759	-10,100
303,774	-10,275
303,789	-11,005
303,804	-10,412
303,819	-10,792
303,834	-10,274
303,849	-10,473
303,864	-11,069
303,879	-11,143
303,894	-11,402
303,909	-10,819
303,925	-10,511
303,940	-10,946
303,954	-10,388
303,969	-10,994
303,985	-11,484
304,000	-10,715
304,014	-10,508
304,029	-11,114
304,045	-10,566
304,060	-11,271
304,075	-11,561
304,089	-11,544
304,105	-11,372
304,120	-10,890
304,135	-11,124
304,150	-11,173
304,165	-11,743
304,180	-11,085
304,195	-11,028
304,210	-11,288
304,225	-11,723
304,240	-10,999
304,255	-11,920
304,270	-11,317
304,285	-11,948
304,300	-11,620
304,315	-11,303
304,330	-11,678
304,345	-11,165
304,360	-11,344
304,375	-11,849
304,390	-11,627
304,405	-12,273
304,420	-11,283
304,435	-11,272
304,450	-12,073
304,465	-12,403
304,480	-11,539
304,495	-12,355
304,510	-11,305
304,525	-11,700
304,540	-11,944
304,555	-11,597
304,570	-11,691
304,585	-11,855
304,600	-11,879
304,615	-11,782
304,630	-11,755
304,645	-12,431
304,660	-12,069
304,675	-12,007
304,690	-12,427
304,705	-11,884
304,720	-11,968
304,735	-12,608
304,750	-12,120
304,765	-12,315
304,780	-12,002
304,795	-12,171
304,810	-12,225
304,825	-12,063
304,840	-11,962
304,855	-12,753
304,870	-12,225
304,885	-11,917
304,900	-12,202
304,915	-11,980
304,930	-12,565
304,945	-12,233
304,960	-13,139
304,975	-13,017
304,990	-13,192
305,005	-12,598
305,020	-12,271
305,035	-12,651
305,050	-13,136
305,065	-12,673
305,080	-12,236
305,095	-12,936
305,110	-13,316
305,125	-12,908
305,140	-13,258
305,155	-13,422
305,170	-12,969
305,185	-12,893
305,200	-13,242
305,215	-12,674
305,230	-12,924
305,245	-13,364
305,260	-13,212
305,275	-13,080
305,290	-13,224
305,305	-13,112
305,320	-13,342
305,335	-13,280
305,350	-13,173
305,365	-13,578
305,380	-13,035
305,395	-12,858
305,410	-13,935
305,425	-13,382
305,440	-13,922
305,455	-13,329
305,470	-13,198
305,485	-13,286
305,500	-13,230
305,515	-13,394
305,530	-13,804
305,545	-13,491
305,560	-13,646
305,575	-13,273
305,590	-13,307
305,605	-14,002
305,620	-14,227
305,635	-13,754
305,650	-13,276
305,665	-14,087
305,680	-14,021
305,695	-14,165
305,710	-13,451
305,725	-13,550
305,740	-13,629
305,755	-13,382
305,770	-13,551
305,785	-13,394
305,800	-14,732
305,815	-13,722
305,830	-14,313
305,845	-13,679
305,860	-13,768
305,875	-14,284
305,890	-13,680
305,906	-13,403
305,921	-14,676
305,935	-14,248
305,950	-14,357
305,966	-13,824
305,981	-13,787
305,995	-14,894
306,010	-14,773
306,026	-14,260
306,041	-14,248
306,055	-13,996
306,070	-13,975
306,086	-14,109
306,101	-14,323
306,116	-14,778
306,131	-14,345
306,146	-13,872
306,161	-14,026
306,176	-13,855
306,191	-14,590
306,206	-14,950
306,221	-15,099
306,236	-15,148
306,251	-14,294
306,266	-14,624
306,281	-14,948
306,296	-14,465
306,311	-15,081
306,326	-14,518
306,341	-14,511
306,356	-14,525
306,371	-14,358
306,386	-15,280
306,401	-14,390
306,416	-14,404
306,431	-14,664
306,446	-14,442
306,461	-14,967
306,476	-14,745
306,491	-14,869
306,506	-14,917
306,521	-14,936
306,536	-14,433
306,551	-14,497
306,566	-15,504
306,581	-14,469
306,596	-14,844
306,611	-14,898
306,626	-15,323
306,641	-14,654
306,656	-14,703
306,671	-15,138
306,686	-14,710
306,701	-15,361
306,716	-14,783
306,731	-15,037
306,746	-15,096
306,761	-15,049
306,776	-15,053
306,791	-15,989
306,806	-15,291
306,821	-15,886
306,836	-15,123
306,851	-15,051
306,866	-15,697
306,881	-15,720
306,896	-15,995
306,911	-15,477
306,926	-15,079
306,941	-15,003
306,956	-15,046
306,971	-15,536
306,986	-16,252
307,001	-15,795
307,016	-15,903
307,031	-15,942
307,046	-15,745
307,061	-15,523
307,076	-15,963
307,091	-16,082
307,106	-15,594
307,121	-15,548
307,136	-15,777
307,151	-16,282
307,166	-16,456
307,181	-15,683
307,196	-16,128
307,211	-15,780
307,226	-15,693
307,241	-15,587
307,256	-15,921
307,271	-15,995
307,286	-16,505
307,301	-16,248
307,316	-16,187
307,331	-16,020
307,346	-15,993
307,361	-16,253
307,376	-16,908
307,391	-16,230
307,406	-15,852
307,421	-16,628
307,436	-16,622
307,451	-16,099
307,466	-16,950
307,481	-15,911
307,496	-16,255
307,511	-16,660
307,526	-16,122
307,541	-15,880
307,556	-16,190
307,571	-16,173
307,586	-16,613
307,601	-16,592
307,616	-16,891
307,631	-16,634
307,646	-16,096
307,661	-16,170
307,676	-16,941
307,691	-16,172
307,706	-16,958
307,721	-16,420
307,736	-16,022
307,751	-16,432
307,766	-16,426
307,781	-16,786
307,796	-16,739
307,811	-16,006
307,826	-16,872
307,841	-16,865
307,856	-16,563
307,871	-16,707
307,886	-16,355
307,901	-16,273
307,916	-16,964
307,932	-17,404
307,947	-17,543
307,962	-16,443
307,976	-17,535
307,991	-17,082
308,007	-16,640
308,022	-16,844
308,036	-17,499
308,051	-17,027
308,067	-17,597
308,082	-17,164
308,097	-17,374
308,111	-17,277
308,127	-16,468
308,142	-16,697
308,157	-16,611
308,172	-16,960
308,187	-17,410
308,202	-16,817
308,217	-17,744
308,232	-16,985
308,247	-16,803
308,262	-17,775
308,277	-17,507
308,292	-17,641
308,307	-17,209
308,322	-16,746
308,337	-17,707
308,352	-16,713
308,367	-17,464
308,382	-17,743
308,397	-16,995
308,412	-17,109
308,427	-17,137
308,442	-16,865
308,457	-17,561
308,472	-18,036
308,487	-17,934
308,502	-17,667
308,517	-17,074
308,532	-16,872
308,547	-17,086
308,562	-18,113
308,577	-17,490
308,592	-17,057
308,607	-17,572
308,622	-18,138
308,637	-17,304
308,652	-17,312
308,667	-17,978
308,682	-17,871
308,697	-17,434
308,712	-17,302
308,727	-17,385
308,742	-18,066
308,757	-17,709
308,772	-18,259
308,787	-17,771
308,802	-18,271
308,817	-17,593
308,832	-17,767
308,847	-18,142
308,862	-18,587
308,877	-17,718
308,892	-18,268
308,907	-17,810
308,922	-17,623
308,937	-18,770
308,952	-18,172
308,967	-18,988
308,982	-18,365
308,997	-17,702
309,012	-17,791
309,027	-17,674
309,042	-18,204
309,057	-18,569
309,072	-17,810
309,087	-18,611
309,102	-17,887
309,117	-17,981
309,132	-19,048
309,147	-17,974
309,162	-18,664
309,177	-18,808
309,192	-18,235
309,207	-18,505
309,222	-18,047
309,237	-19,139
309,252	-19,173
309,267	-18,374
309,282	-18,774
309,297	-18,326
309,312	-18,891
309,327	-19,176
309,342	-18,156
309,357	-18,476
309,372	-18,545
309,387	-18,975
309,402	-18,412
309,417	-18,756
309,432	-18,905
309,447	-18,653
309,462	-18,526
309,477	-18,570
309,492	-18,734
309,507	-19,721
309,522	-19,208
309,537	-19,242
309,552	-19,386
309,567	-19,354
309,582	-18,721
309,597	-18,609
309,612	-19,285
309,627	-18,792
309,642	-19,638
309,657	-19,185
309,672	-18,703
309,687	-18,917
309,702	-18,785
309,717	-19,345
309,732	-19,881
309,747	-19,408
309,762	-19,236
309,777	-19,084
309,792	-18,937
309,807	-19,593
309,822	-18,960
309,837	-20,041
309,852	-19,870
309,867	-19,046
309,882	-18,954
309,897	-19,008
309,912	-19,393
309,928	-19,757
309,942	-19,299
309,957	-19,910
309,973	-19,061
309,988	-19,406
310,002	-19,806
310,017	-20,256
310,033	-19,376
310,048	-19,455
310,062	-19,559
310,077	-20,416
310,093	-19,802
310,108	-19,465
310,123	-19,900
310,138	-19,602
310,153	-20,303
310,168	-19,439
310,183	-19,598
310,198	-20,129
310,213	-20,258
310,228	-19,624
310,243	-20,074
310,258	-20,489
310,273	-19,555
310,288	-19,824
310,303	-20,435
310,318	-20,468
310,333	-20,417
310,348	-20,521
310,363	-19,837
310,378	-19,761
310,393	-20,381
310,408	-20,460
310,423	-20,534
310,438	-20,869
310,453	-19,864
310,468	-19,938
310,483	-20,017
310,498	-20,031
310,513	-20,842
310,528	-20,424
310,543	-20,041
310,558	-20,371
310,573	-20,154
310,588	-20,679
310,603	-21,295
310,618	-20,897
310,633	-20,861
310,648	-20,333
310,663	-20,201
310,678	-20,882
310,693	-20,599
310,708	-20,453
310,723	-20,983
310,738	-20,345
310,753	-20,504
310,768	-21,360
310,783	-21,213
310,798	-20,500
310,813	-20,408
310,828	-21,033
310,843	-21,498
310,858	-20,669
310,873	-20,518
310,888	-20,983
310,903	-21,588
310,918	-20,885
310,933	-20,898
310,948	-20,972
310,963	-20,870
310,978	-21,586
310,993	-20,963
311,008	-20,982
311,023	-21,341
311,038	-21,270
311,053	-21,088
311,068	-21,538
311,083	-21,381
311,098	-21,354
311,113	-21,930
311,128	-21,266
311,143	-21,109
311,158	-21,143
311,173	-21,678
311,188	-22,389
311,203	-21,345
311,218	-22,181
311,233	-21,287
311,248	-21,150
311,263	-21,525
311,278	-21,383
311,293	-21,968
311,308	-21,972
311,323	-21,449
311,338	-21,322
311,353	-21,612
311,368	-21,485
311,383	-22,547
311,398	-21,944
311,413	-22,384
311,428	-21,625
311,443	-21,573
311,458	-21,893
311,473	-22,659
311,488	-22,271
311,503	-21,728
311,518	-21,672
311,533	-22,197
311,548	-22,356
311,563	-21,938
311,578	-21,862
311,593	-22,748
311,608	-21,954
311,623	-22,038
311,638	-22,227
311,653	-22,361
311,668	-22,260
311,683	-21,887
311,698	-22,964
311,713	-22,075
311,728	-22,655
311,743	-22,910
311,758	-22,076
311,773	-23,017
311,788	-22,901
311,803	-22,192
311,818	-22,286
311,833	-22,154
311,848	-22,293
311,863	-23,656
311,878	-22,456
311,893	-23,523
311,908	-22,423
311,923	-22,286
311,938	-22,892
311,954	-22,800
311,969	-23,676
311,983	-22,938
311,998	-22,816
312,014	-22,955
312,029	-22,527
312,043	-23,168
312,058	-23,558
312,074	-23,466
312,089	-23,806
312,103	-22,897
312,119	-23,587
312,134	-23,631
312,149	-23,038
312,164	-23,704
312,179	-23,587
312,194	-23,104
312,209	-23,394
312,224	-23,126
312,239	-23,993
312,254	-23,866
312,269	-23,258
312,284	-22,915
312,299	-23,872
312,314	-23,379
312,329	-23,041
312,344	-23,541
312,359	-24,117
312,374	-23,845
312,389	-23,447
312,404	-23,787
312,419	-23,419
312,434	-23,282
312,449	-24,134
312,464	-23,530
312,479	-23,504
312,494	-23,483
312,509	-23,511
312,524	-23,791
312,539	-24,181
312,554	-23,342
312,569	-24,594
312,584	-23,860
312,599	-23,643
312,614	-23,677
312,629	-23,891
312,644	-24,612
312,659	-24,260
312,674	-23,777
312,689	-23,981
312,704	-23,929
312,719	-24,189
312,734	-24,915
312,749	-24,803
312,764	-25,073
312,779	-23,918
312,794	-24,057
312,809	-24,346
312,824	-24,144
312,839	-25,336
312,854	-24,538
312,869	-24,180
312,884	-24,159
312,899	-23,821
312,914	-24,913
312,929	-24,837
312,944	-24,424
312,959	-24,428
312,974	-24,451
312,989	-25,503
313,004	-25,256
313,019	-24,623
313,034	-24,556
313,049	-24,790
313,064	-24,528
313,079	-24,687
313,094	-24,460
313,109	-25,522
313,124	-25,486
313,139	-24,978
313,154	-25,493
313,169	-25,075
313,184	-25,831
313,199	-25,333
313,214	-24,720
313,229	-25,546
313,244	-25,068
313,259	-24,977
313,274	-25,015
313,289	-25,049
313,304	-25,113
313,319	-25,839
313,334	-25,381
313,349	-26,082
313,364	-25,153
313,379	-25,051
313,394	-25,737
313,409	-25,976
313,424	-25,709
313,439	-25,878
313,454	-25,234
313,469	-25,469
313,484	-25,608
313,499	-25,531
313,514	-25,906
313,529	-25,599
313,544	-25,562
313,559	-25,691
313,574	-25,620
313,589	-26,095
313,604	-26,926
313,619	-26,177
313,634	-26,427
313,649	-25,778
313,664	-25,962
313,679	-26,021
313,694	-26,737
313,709	-26,906
313,724	-26,027
313,739	-25,905
313,754	-26,942
313,769	-25,817
313,784	-26,232
313,799	-26,075
313,814	-26,656
313,829	-27,361
313,844	-26,558
313,859	-26,366
313,875	-26,485
313,889	-26,659
313,904	-26,547
313,920	-27,248
313,935	-27,176
313,950	-27,145
313,964	-26,782
313,979	-27,097
313,995	-27,587
314,010	-26,954
314,024	-27,710
314,039	-27,021
314,055	-26,980
314,070	-27,420
314,084	-27,067
314,099	-27,472
314,115	-27,766
314,130	-27,198
314,145	-27,297
314,160	-27,085
314,175	-27,360
314,190	-28,166
314,205	-27,984
314,220	-28,078
314,235	-27,419
314,250	-27,338
314,265	-27,818
314,280	-27,621
314,295	-28,166
314,310	-28,370
314,325	-27,566
314,340	-27,736
314,355	-27,764
314,370	-27,883
314,385	-28,614
314,400	-28,156
314,415	-28,025
314,430	-27,848
314,445	-28,859
314,460	-28,713
314,475	-27,949
314,490	-28,033
314,505	-28,899
314,520	-29,229
314,535	-28,575
314,550	-28,087
314,565	-28,467
314,580	-29,027
314,595	-28,349
314,610	-28,252
314,625	-29,440
314,640	-28,515
314,655	-29,021
314,670	-28,272
314,685	-29,529
314,700	-29,152
314,715	-28,709
314,730	-28,572
314,745	-29,193
314,760	-28,715
314,775	-29,892
314,790	-29,264
314,805	-28,972
314,820	-29,015
314,835	-28,803
314,850	-29,063
314,865	-29,804
314,880	-29,070
314,895	-29,450
314,910	-29,268
314,925	-28,961
314,940	-29,325
314,955	-29,469
314,970	-29,684
314,985	-29,045
315,000	-29,179
315,009	-30,152
315,024	-29,829
315,039	-29,661
315,054	-29,759
315,069	-29,636
315,084	-30,185
315,099	-30,463
315,114	-29,859
315,129	-30,208
315,144	-29,719
315,159	-29,601
315,174	-30,662
315,189	-29,942
315,204	-30,346
315,219	-30,178
315,234	-29,899
315,249	-30,142
315,264	-30,922
315,279	-30,569
315,294	-30,200
315,309	-30,413
315,324	-30,546
315,339	-30,890
315,354	-30,270
315,369	-30,308
315,384	-30,797
315,399	-30,604
315,414	-30,621
315,429	-30,464
315,444	-31,053
315,459	-31,427
315,474	-31,088
315,489	-31,502
315,504	-30,677
315,519	-30,489
315,534	-30,952
315,549	-30,724
315,564	-31,584
315,579	-31,256
315,594	-31,474
315,609	-31,070
315,624	-30,812
315,639	-31,697
315,654	-31,108
315,669	-31,161
315,684	-31,645
315,699	-31,085
315,714	-30,807
315,729	-30,935
315,744	-31,098
315,759	-31,296
315,774	-31,820
315,789	-31,998
315,804	-31,344
315,819	-31,301
315,834	-31,299
315,849	-31,256
315,864	-31,820
315,879	-32,144
315,894	-31,549
315,909	-31,426
315,925	-31,489
315,940	-31,732
315,954	-32,066
315,969	-32,058
315,985	-32,392
316,000	-31,753
316,014	-31,610
316,029	-32,234
316,045	-32,583
316,060	-31,843
316,075	-31,600
316,089	-32,374
316,105	-32,447
316,120	-31,853
316,135	-31,730
316,150	-32,510
316,165	-31,700
316,180	-32,008
316,195	-31,860
316,210	-32,314
316,225	-32,126
316,240	-32,063
316,255	-32,282
316,270	-32,159
316,285	-32,412
316,300	-32,134
316,315	-32,322
316,330	-32,154
316,345	-32,693
316,360	-32,856
316,375	-32,653
316,390	-33,653
316,405	-32,402
316,420	-32,420
316,435	-33,094
316,450	-32,560
316,465	-33,280
316,480	-32,745
316,495	-32,567
316,510	-32,856
316,525	-32,633
316,540	-33,262
316,555	-33,756
316,570	-32,726
316,585	-33,144
316,600	-32,751
316,615	-32,613
316,630	-33,478
316,645	-33,340
316,660	-33,683
316,675	-33,365
316,690	-32,776
316,705	-32,733
316,720	-32,966
316,735	-33,270
316,750	-32,896
316,765	-32,904
316,780	-33,037
316,795	-33,460
316,810	-33,398
316,825	-33,059
316,840	-33,588
316,855	-33,917
316,870	-33,879
316,885	-33,209
316,900	-33,307
316,915	-33,335
316,930	-34,170
316,945	-33,200
316,960	-33,573
316,975	-33,927
316,990	-33,443
317,005	-33,491
317,020	-33,814
317,035	-33,942
317,050	-34,075
317,065	-33,937
317,080	-33,463
317,095	-33,485
317,110	-34,200
317,125	-33,485
317,140	-33,884
317,155	-33,696
317,170	-33,603
317,185	-34,057
317,200	-33,729
317,215	-34,032
317,230	-34,968
317,245	-33,726
317,260	-34,631
317,275	-34,032
317,290	-33,909
317,305	-34,358
317,320	-34,010
317,335	-34,363
317,350	-34,105
317,365	-33,927
317,380	-34,406
317,395	-33,942
317,410	-34,075
317,425	-34,810
317,440	-34,386
317,455	-34,143
317,470	-34,035
317,485	-34,398
317,500	-35,233
317,515	-34,408
317,530	-34,285
317,545	-34,739
317,560	-35,324
317,575	-34,469
317,590	-34,300
317,605	-34,649
317,620	-35,544
317,635	-34,428
317,650	-35,384
317,665	-34,318
317,680	-34,431
317,695	-35,627
317,710	-35,469
317,725	-35,035
317,740	-34,817
317,755	-34,679
317,770	-34,932
317,785	-34,749
317,800	-35,279
317,815	-35,266
317,830	-34,787
317,845	-34,880
317,860	-35,168
317,875	-34,775
317,890	-35,279
317,906	-35,732
317,921	-35,725
317,935	-35,587
317,950	-34,847
317,966	-35,100
317,981	-35,760
317,995	-35,151
318,010	-35,780
318,026	-36,063
318,041	-35,133
318,055	-35,386
318,070	-35,424
318,086	-35,672
318,101	-35,956
318,116	-35,998
318,131	-35,625
318,146	-35,346
318,161	-35,389
318,176	-36,520
318,191	-36,076
318,206	-36,169
318,221	-35,539
318,236	-35,662
318,251	-36,282
318,266	-36,179
318,281	-35,554
318,296	-36,008
318,311	-36,342
318,326	-36,605
318,341	-36,136
318,356	-35,687
318,371	-36,387
318,386	-36,053
318,401	-36,984
318,416	-36,420
318,431	-36,914
318,446	-36,129
318,461	-36,216
318,476	-36,164
318,491	-36,883
318,506	-36,334
318,521	-36,914
318,536	-36,229
318,551	-35,906
318,566	-36,826
318,581	-36,733
318,596	-36,675
318,611	-36,954
318,626	-36,339
318,641	-36,512
318,656	-36,410
318,671	-36,803
318,686	-37,072
318,701	-36,929
318,716	-37,337
318,731	-36,894
318,746	-37,097
318,761	-37,290
318,776	-37,157
318,791	-37,149
318,806	-37,568
318,821	-36,693
318,836	-36,635
318,851	-36,723
318,866	-37,262
318,881	-37,872
318,896	-36,901
318,911	-36,783
318,926	-36,836
318,941	-36,853
318,956	-37,548
318,971	-36,718
318,986	-37,037
319,001	-36,934
319,016	-37,533
319,031	-37,631
319,046	-36,921
319,061	-37,009
319,076	-37,729
319,091	-37,917
319,106	-37,598
319,121	-37,651
319,136	-37,433
319,151	-37,902
319,166	-38,340
319,181	-37,701
319,196	-38,004
319,211	-37,200
319,226	-37,383
319,241	-38,393
319,256	-37,488
319,271	-38,383
319,286	-38,160
319,301	-37,586
319,316	-38,035
319,331	-37,606
319,346	-38,210
319,361	-38,619
319,376	-37,954
319,391	-38,368
319,406	-37,518
319,421	-38,122
319,436	-38,205
319,451	-37,932
319,466	-38,882
319,481	-38,805
319,496	-37,749
319,511	-38,037
319,526	-37,739
319,541	-38,830
319,556	-38,912
319,571	-38,122
319,586	-39,093
319,601	-38,133
319,616	-38,145
319,631	-38,920
319,646	-39,138
319,661	-38,729
319,676	-38,827
319,691	-38,258
319,706	-38,120
319,721	-39,291
319,736	-38,376
319,751	-38,328
319,766	-39,003
319,781	-39,421
319,796	-38,676
319,811	-38,333
319,826	-38,757
319,841	-39,111
319,856	-39,048
319,871	-39,025
319,886	-38,431
319,901	-38,900
319,916	-38,521
319,932	-39,512
319,947	-39,569
319,962	-39,376
319,976	-38,922
319,991	-38,965
320,007	-38,917
320,022	-39,406
320,036	-39,705
320,051	-39,572
320,067	-39,399
320,082	-39,161
320,097	-39,273
320,111	-39,562
320,127	-38,998
320,142	-40,043
320,157	-39,394
320,172	-39,115
320,187	-39,399
320,202	-39,060
320,217	-39,635
320,232	-40,279
320,247	-39,519
320,262	-40,174
320,277	-39,615
320,292	-39,221
320,307	-39,855
320,322	-39,301
320,337	-40,001
320,352	-40,199
320,367	-39,590
320,382	-39,386
320,397	-39,875
320,412	-40,510
320,427	-40,507
320,442	-39,587
320,457	-39,795
320,472	-40,776
320,487	-40,618
320,502	-39,728
320,517	-40,653
320,532	-40,149
320,547	-40,342
320,562	-39,788
320,577	-39,875
320,592	-39,687
320,607	-40,031
320,622	-39,843
320,637	-39,936
320,652	-40,595
320,667	-40,563
320,682	-40,099
320,697	-40,432
320,712	-40,711
320,727	-40,492
320,742	-40,299
320,757	-40,156
320,772	-40,259
320,787	-40,126
320,802	-40,334
320,817	-41,089
320,832	-40,394
320,847	-40,312
320,862	-40,680
320,877	-40,407
320,892	-40,936
320,907	-41,245
320,922	-41,067
320,937	-41,430
320,952	-40,555
320,967	-40,553
320,982	-40,966
320,997	-40,848
321,012	-41,463
321,027	-41,204
321,042	-40,851
321,057	-40,899
321,072	-41,051
321,087	-41,470
321,102	-41,764
321,117	-41,746
321,132	-41,603
321,147	-41,415
321,162	-41,744
321,177	-41,681
321,192	-41,152
321,207	-42,072
321,222	-41,613
321,237	-41,721
321,252	-41,312
321,267	-41,455
321,282	-41,849
321,297	-42,107
321,312	-41,413
321,327	-42,428
321,342	-41,759
321,357	-41,987
321,372	-41,899
321,387	-41,852
321,402	-42,035
321,417	-42,353
321,432	-41,638
321,447	-41,576
321,462	-41,418
321,477	-41,480
321,492	-42,471
321,507	-42,097
321,522	-42,702
321,537	-41,776
321,552	-42,637
321,567	-42,203
321,582	-41,819
321,597	-42,599
321,612	-42,260
321,627	-41,957
321,642	-42,040
321,657	-41,866
321,672	-41,929
321,687	-42,880
321,702	-42,576
321,717	-42,980
321,732	-42,551
321,747	-42,524
321,762	-42,411
321,777	-42,539
321,792	-42,551
321,807	-42,865
321,822	-42,190
321,837	-42,569
321,852	-42,260
321,867	-42,719
321,882	-42,621
321,897	-42,468
321,912	-42,270
321,928	-42,890
321,942	-43,324
321,957	-42,594
321,973	-42,963
321,988	-43,086
322,002	-42,737
322,017	-42,474
322,033	-42,627
322,048	-43,356
322,062	-42,647
322,077	-42,629
322,093	-43,454
322,108	-42,805
322,123	-43,223
322,138	-43,131
322,153	-42,917
322,168	-43,903
322,183	-43,489
322,198	-43,788
322,213	-43,058
322,228	-43,015
322,243	-43,715
322,258	-43,291
322,273	-43,941
322,288	-43,727
322,303	-43,183
322,318	-43,356
322,333	-43,203
322,348	-43,291
322,363	-44,176
322,378	-43,391
322,393	-44,257
322,408	-43,517
322,423	-43,294
322,438	-43,482
322,453	-43,369
322,468	-43,793
322,483	-43,825
322,498	-43,687
322,513	-43,770
322,528	-43,542
322,543	-44,001
322,558	-44,344
322,573	-44,412
322,588	-43,943
322,603	-44,021
322,618	-44,274
322,633	-44,252
322,648	-43,848
322,663	-44,001
322,678	-43,983
322,693	-44,016
322,708	-43,973
322,723	-43,961
322,738	-44,600
322,753	-45,079
322,768	-44,154
322,783	-45,134
322,798	-44,309
322,813	-44,292
322,828	-44,796
322,843	-44,242
322,858	-45,092
322,873	-45,410
322,888	-44,530
322,903	-44,362
322,918	-44,530
322,933	-44,402
322,948	-45,603
322,963	-44,482
322,978	-44,535
322,993	-44,854
323,008	-44,625
323,023	-45,034
323,038	-45,558
323,053	-45,340
323,068	-45,372
323,083	-45,114
323,098	-44,826
323,113	-45,254
323,128	-45,066
323,143	-45,520
323,158	-44,971
323,173	-45,024
323,188	-45,217
323,203	-45,149
323,218	-45,042
323,233	-45,696
323,248	-45,533
323,263	-45,761
323,278	-45,277
323,293	-45,420
323,308	-45,398
323,323	-46,112
323,338	-46,110
323,353	-45,405
323,368	-45,107
323,383	-46,298
323,398	-46,040
323,413	-45,546
323,428	-45,583
323,443	-46,198
323,458	-46,311
323,473	-45,696
323,488	-45,829
323,503	-45,806
323,518	-46,406
323,533	-46,789
323,548	-46,381
323,563	-45,676
323,578	-46,611
323,593	-45,872
323,608	-46,220
323,623	-46,975
323,638	-46,727
323,653	-46,734
323,668	-46,346
323,683	-46,047
323,698	-46,551
323,713	-46,809
323,728	-46,792
323,743	-46,840
323,758	-46,320
323,773	-46,368
323,788	-46,411
323,803	-46,865
323,818	-47,123
323,833	-47,206
323,848	-47,304
323,863	-46,479
323,878	-46,777
323,893	-46,544
323,908	-47,253
323,923	-47,125
323,938	-47,569
323,954	-46,519
323,969	-46,576
323,983	-46,679
323,998	-47,013
324,014	-47,070
324,029	-47,394
324,043	-46,950
324,058	-46,937
324,074	-47,236
324,089	-47,670
324,103	-47,286
324,119	-46,993
324,134	-47,000
324,149	-47,845
324,164	-47,266
324,179	-47,359
324,194	-47,241
324,209	-47,519
324,224	-47,381
324,239	-47,524
324,254	-47,577
324,269	-47,324
324,284	-47,421
324,299	-47,203
324,314	-48,109
324,329	-48,422
324,344	-47,487
324,359	-47,615
324,374	-47,487
324,389	-47,449
324,404	-47,933
324,419	-48,011
324,434	-47,587
324,449	-48,136
324,464	-47,768
324,479	-47,910
324,494	-48,339
324,509	-48,101
324,524	-48,329
324,539	-48,287
324,554	-47,793
324,569	-48,407
324,584	-47,813
324,599	-48,568
324,614	-48,525
324,629	-48,041
324,644	-48,078
324,659	-47,885
324,674	-48,234
324,689	-48,798
324,704	-48,600
324,719	-48,803
324,734	-48,229
324,749	-48,252
324,764	-48,706
324,779	-49,225
324,794	-48,951
324,809	-48,242
324,824	-49,483
324,839	-48,658
324,854	-49,483
324,869	-48,462
324,884	-48,625
324,899	-48,693
324,914	-49,578
324,929	-48,633
324,944	-48,495
324,959	-49,114
324,974	-49,508
324,989	-49,084
325,004	-49,744
325,019	-48,954
325,034	-49,679
325,049	-48,813
325,064	-48,976
325,079	-49,531
325,094	-49,694
325,109	-49,134
325,124	-49,653
325,139	-48,884
325,154	-48,871
325,169	-49,651
325,184	-49,172
325,199	-49,721
325,214	-49,332
325,229	-48,843
325,244	-49,623
325,259	-49,215
325,274	-49,714
325,289	-49,485
325,304	-49,473
325,319	-49,982
325,334	-49,368
325,349	-49,521
325,364	-49,513
325,379	-49,806
325,394	-50,331
325,409	-49,751
325,424	-49,633
325,439	-49,736
325,454	-49,749
325,469	-50,288
325,484	-50,295
325,499	-49,937
325,514	-49,809
325,529	-49,942
325,544	-50,727
325,559	-50,168
325,574	-49,899
325,589	-50,203
325,604	-50,707
325,619	-50,674
325,634	-50,230
325,649	-49,957
325,664	-50,596
325,679	-50,509
325,694	-50,130
325,709	-50,293
325,724	-50,315
325,739	-51,115
325,754	-51,334
325,769	-50,313
325,784	-50,958
325,799	-51,100
325,814	-50,401
325,829	-50,454
325,844	-51,279
325,859	-50,644
325,875	-50,998
325,889	-50,619
325,904	-50,426
325,920	-50,749
325,935	-50,647
325,950	-51,251
325,964	-51,269
325,979	-50,724
325,995	-50,792
326,010	-50,674
326,024	-50,747
326,039	-51,702
326,055	-51,008
326,070	-51,823
326,084	-50,958
326,099	-50,930
326,115	-51,018
326,130	-50,920
326,145	-51,860
326,160	-51,592
326,175	-51,253
326,190	-51,993
326,205	-51,088
326,220	-51,030
326,235	-52,231
326,250	-52,164
326,265	-52,011
326,280	-51,286
326,295	-51,319
326,310	-51,863
326,325	-51,364
326,340	-51,482
326,355	-52,046
326,370	-51,512
326,385	-51,579
326,400	-51,401
326,415	-51,444
326,430	-52,771
326,445	-52,191
326,460	-51,682
326,475	-51,835
326,490	-51,607
326,505	-52,106
326,520	-51,893
326,535	-51,895
326,550	-52,831
326,565	-51,815
326,580	-51,717
326,595	-51,730
326,610	-51,652
326,625	-52,537
326,640	-52,314
326,655	-52,959
326,670	-52,309
326,685	-52,046
326,700	-52,274
326,715	-52,021
326,730	-52,736
326,745	-52,934
326,760	-52,470
326,775	-52,161
326,790	-52,480
326,805	-52,332
326,820	-52,695
326,835	-53,014
326,850	-53,087
326,865	-52,783
326,880	-52,159
326,895	-52,969
326,910	-53,187
326,925	-52,858
326,940	-53,438
326,955	-52,783
326,970	-52,595
326,985	-52,623
327,000	-53,663
327,014	-53,070
327,029	-53,394
327,043	-52,950
327,058	-52,937
327,074	-53,236
327,089	-53,670
327,103	-53,286
327,119	-52,993
327,134	-53,000
327,149	-53,845
327,164	-53,266
327,179	-53,359
327,194	-53,241
327,209	-53,519
327,224	-53,381
327,239	-53,524
327,254	-53,577
327,269	-53,324
327,284	-53,421
327,299	-53,203
327,314	-54,109
327,329	-54,422
327,344	-53,487
327,359	-53,615
327,374	-53,487
327,389	-53,449
327,404	-53,933
327,419	-54,011
327,434	-53,587
327,449	-54,136
327,464	-53,768
327,479	-53,910
327,494	-54,339
327,509	-54,101
327,524	-54,329
327,539	-54,287
327,554	-53,793
327,569	-54,407
327,584	-53,813
327,599	-54,568
327,614	-54,525
327,629	-54,041
327,644	-54,078
327,659	-53,885
327,674	-54,234
327,689	-54,798
327,704	-54,600
327,719	-54,803
327,734	-54,229
327,749	-54,252
327,764	-54,706
327,779	-55,225
327,794	-54,951
327,809	-54,242
327,824	-55,483
327,839	-54,658
327,854	-55,483
327,869	-54,462
327,884	-54,625
327,899	-54,693
327,914	-55,578
327,929	-54,633
327,944	-54,495
327,959	-55,114
327,974	-55,508
327,989	-55,084
328,004	-55,744
328,019	-54,954
328,034	-55,679
328,049	-54,813
328,064	-54,976
328,079	-55,531
328,094	-55,694
328,109	-55,134
328,124	-55,653
328,139	-54,884
328,154	-54,871
328,169	-55,651
328,184	-55,172
328,199	-55,721
328,214	-55,332
328,229	-54,843
328,244	-55,623
328,259	-55,215
328,274	-55,714
328,289	-55,485
328,304	-55,473
328,319	-55,982
328,334	-55,368
328,349	-55,521
328,364	-55,513
328,379	-55,806
328,394	-56,331
328,409	-55,751
328,424	-55,633
328,439	-55,736
328,454	-55,749
328,469	-56,288
328,484	-56,295
328,499	-55,937
328,514	-55,809
328,529	-55,942
328,544	-56,727
328,559	-56,168
328,574	-55,899
328,589	-56,203
328,604	-56,707
328,619	-56,674
328,634	-56,230
328,649	-55,957
328,664	-56,596
328,679	-56,509
328,694	-56,130
328,709	-56,293
328,724	-56,315
328,739	-57,115
328,754	-57,334
328,769	-56,313
328,784	-56,958
328,799	-57,100
328,814	-56,401
328,829	-56,454
328,844	-57,279
328,859	-56,644
328,875	-56,998
328,889	-56,619
328,904	-56,426
328,920	-56,749
328,935	-56,647
328,950	-57,251
328,964	-57,269
328,979	-56,724
328,995	-56,792
329,010	-56,674
329,024	-56,747
329,039	-57,702
329,055	-57,008
329,070	-57,823
329,084	-56,958
329,099	-56,930
329,115	-57,018
329,130	-56,920
329,145	-57,860
329,160	-57,592
329,175	-57,253
329,190	-57,993
329,205	-57,088
329,220	-57,030
329,235	-58,231
329,250	-58,164
329,265	-58,011
329,280	-57,286
329,295	-57,319
329,310	-57,863
329,325	-57,364
329,340	-57,482
329,355	-58,046
329,370	-57,512
329,385	-57,579
329,400	-57,401
329,415	-57,444
329,430	-58,771
329,445	-58,191
329,460	-57,682
329,475	-57,835
329,490	-57,607
329,505	-58,106
329,520	-57,893
329,535	-57,895
329,550	-58,831
329,565	-57,815
329,580	-57,717
329,595	-57,730
329,610	-57,652
329,625	-58,537
329,640	-58,314
329,655	-58,959
329,670	-58,309
329,685	-58,046
329,700	-58,274
329,715	-58,021
329,730	-58,736
329,745	-58,934
329,760	-58,470
329,775	-58,161
329,790	-58,480
329,805	-58,332
329,820	-58,695
329,835	-59,014
329,850	-59,087
329,865	-58,783
329,880	-58,159
329,895	-58,969
329,910	-59,187
329,925	-58,858
329,940	-59,438
329,955	-58,783
329,970	-58,595
329,985	-58,623
330,000	-59,663
