285,000	47,139
285,015	46,587
285,030	47,479
285,045	47,800
285,060	47,413
285,075	47,684
285,090	46,781
285,105	47,202
285,120	47,979
285,135	47,111
285,150	47,902
285,165	48,067
285,180	47,255
285,195	47,470
285,210	47,911
285,225	47,710
285,240	48,055
285,255	47,603
285,270	48,225
285,285	47,542
285,300	47,953
285,315	48,088
285,330	47,581
285,345	48,133
285,360	47,846
285,375	47,184
285,390	48,382
285,405	47,785
285,420	48,010
285,435	48,160
285,450	48,190
285,465	48,215
285,480	47,091
285,495	47,742
285,510	48,168
285,525	47,200
285,540	48,047
285,555	47,705
285,570	47,158
285,585	47,429
285,600	46,746
285,615	47,799
285,630	48,009
285,645	47,176
285,660	47,752
285,675	46,990
285,690	46,979
285,705	47,791
285,720	47,821
285,735	47,419
285,750	47,404
285,765	46,134
285,780	46,866
285,795	46,088
285,810	46,865
285,825	46,609
285,840	46,523
285,855	46,984
285,870	45,861
285,885	45,765
285,901	46,813
285,916	46,561
285,930	46,446
285,945	46,621
285,961	45,352
285,976	45,667
285,990	45,165
286,005	45,456
286,021	45,967
286,036	45,314
286,050	44,707
286,065	45,153
286,080	44,310
286,096	45,268
286,111	45,347
286,125	45,157
286,141	45,081
286,156	44,393
286,171	43,991
286,186	44,859
286,201	44,527
286,216	44,717
286,231	44,030
286,246	43,282
286,261	43,513
286,276	43,327
286,291	43,828
286,306	43,978
286,321	43,250
286,336	43,490
286,351	42,567
286,366	43,384
286,381	43,389
286,396	42,826
286,411	42,946
286,426	42,515
286,441	41,556
286,456	42,644
286,471	41,751
286,486	41,901
286,501	42,252
286,516	41,549
286,531	41,659
286,546	40,716
286,561	40,515
286,576	41,608
286,591	40,855
286,606	41,331
286,621	41,240
286,636	40,327
286,651	40,222
286,666	39,579
286,681	40,160
286,696	40,341
286,711	39,623
286,726	40,179
286,741	39,026
286,756	38,649
286,771	39,627
286,786	39,761
286,801	39,460
286,816	38,908
286,831	38,266
286,846	38,556
286,861	37,813
286,876	38,605
286,891	38,439
286,906	38,198
286,921	37,265
286,936	37,706
286,951	36,833
286,966	37,875
286,981	37,765
286,996	37,794
287,011	37,202
287,026	36,404
287,041	36,298
287,056	36,258
287,071	36,072
287,086	36,679
287,101	36,673
287,116	35,845
287,131	35,995
287,146	35,162
287,161	35,959
287,176	35,723
287,191	35,617
287,206	35,452
287,221	34,784
287,236	34,257
287,251	35,089
287,266	34,567
287,281	34,898
287,296	34,225
287,311	34,220
287,326	34,395
287,341	33,151
287,356	34,103
287,371	34,118
287,386	34,037
287,401	33,635
287,416	33,174
287,431	32,546
287,446	33,128
287,461	32,355
287,476	32,991
287,491	33,086
287,506	31,932
287,521	31,676
287,536	31,249
287,551	32,202
287,566	31,996
287,581	31,574
287,596	31,789
287,611	31,022
287,626	31,708
287,641	31,382
287,656	30,699
287,671	31,230
287,686	30,980
287,701	30,407
287,716	30,282
287,731	29,564
287,746	30,231
287,761	30,205
287,776	29,186
287,791	30,129
287,806	29,140
287,821	29,205
287,836	29,506
287,851	29,470
287,866	29,294
287,881	29,169
287,897	28,010
287,911	28,315
287,926	27,793
287,942	28,650
287,957	28,590
287,971	28,273
287,986	27,145
288,002	27,721
288,017	27,319
288,031	28,036
288,046	27,860
288,062	27,523
288,077	26,971
288,092	26,896
288,107	26,464
288,122	26,353
288,137	26,669
288,152	26,743
288,167	26,803
288,182	25,669
288,197	25,920
288,212	25,122
288,227	26,019
288,242	25,908
288,257	25,968
288,272	25,887
288,287	24,673
288,302	25,024
288,317	25,440
288,332	24,853
288,347	25,374
288,362	25,117
288,377	24,164
288,392	24,941
288,407	24,083
288,422	24,474
288,437	24,539
288,452	24,102
288,467	24,357
288,482	23,770
288,497	23,589
288,512	23,850
288,527	23,087
288,542	23,703
288,557	23,071
288,572	22,569
288,587	23,095
288,602	22,227
288,617	23,125
288,632	23,249
288,647	22,773
288,662	22,937
288,677	21,994
288,692	21,728
288,707	22,605
288,722	21,627
288,737	22,499
288,752	21,967
288,767	21,741
288,782	21,440
288,797	21,103
288,812	21,609
288,827	21,834
288,842	21,408
288,857	21,894
288,872	21,292
288,887	20,920
288,902	21,336
288,917	21,461
288,932	21,420
288,947	20,502
288,962	20,577
288,977	20,516
288,992	19,979
289,007	20,831
289,022	20,846
289,037	20,419
289,052	19,687
289,067	20,122
289,082	19,300
289,097	20,608
289,112	20,578
289,127	20,171
289,142	20,291
289,157	19,333
289,172	19,106
289,187	20,109
289,202	19,211
289,217	19,873
289,232	19,847
289,247	18,708
289,262	19,189
289,277	18,792
289,292	19,208
289,307	19,589
289,322	19,524
289,337	19,533
289,352	19,041
289,367	18,554
289,382	19,266
289,397	18,348
289,412	19,089
289,427	19,179
289,442	17,790
289,457	19,209
289,472	18,331
289,487	18,867
289,502	18,696
289,517	18,470
289,532	18,765
289,547	18,449
289,562	18,167
289,577	18,834
289,592	18,452
289,607	18,748
289,622	18,788
289,637	18,276
289,652	18,340
289,667	17,899
289,682	18,239
289,697	18,640
289,712	17,917
289,727	18,363
289,742	17,570
289,757	17,630
289,772	18,337
289,787	18,487
289,802	18,506
289,817	18,506
289,832	17,392
289,847	17,763
289,862	17,366
289,877	17,687
289,892	18,343
289,907	17,917
289,923	18,423
289,937	17,204
289,952	17,419
289,967	18,306
289,983	18,441
289,998	18,160
290,012	17,904
290,027	17,843
290,043	17,823
290,058	17,095
290,072	18,439
290,088	18,303
290,103	17,715
290,118	17,138
290,133	17,925
290,148	17,418
290,163	18,461
290,178	18,320
290,193	18,445
290,208	18,339
290,223	17,211
290,238	17,601
290,253	18,443
290,268	18,017
290,283	18,267
290,298	18,347
290,313	17,469
290,328	18,281
290,343	17,618
290,358	18,134
290,373	18,450
290,388	17,657
290,403	18,650
290,418	17,967
290,433	17,450
290,448	18,267
290,463	17,484
290,478	18,161
290,493	18,431
290,508	17,062
290,523	17,969
290,538	17,146
290,553	18,254
290,568	18,304
290,583	17,601
290,598	18,087
290,613	17,009
290,628	17,109
290,643	17,941
290,658	17,539
290,673	17,764
290,688	17,809
290,703	16,635
290,718	16,670
290,733	16,453
290,748	17,005
290,763	17,140
290,778	17,019
290,793	17,174
290,808	16,226
290,823	15,428
290,838	16,280
290,853	16,360
290,868	16,114
290,883	15,933
290,898	14,644
290,913	14,723
290,928	14,166
290,943	14,712
290,958	15,008
290,973	14,431
290,988	14,671
291,003	14,319
291,018	13,597
291,033	14,058
291,048	14,023
291,063	13,721
291,078	13,580
291,093	12,812
291,108	12,717
291,123	12,094
291,138	12,450
291,153	12,650
291,168	12,394
291,183	11,300
291,198	12,172
291,213	10,507
291,228	11,138
291,243	11,574
291,258	11,308
291,273	11,172
291,288	10,806
291,303	11,056
291,318	10,504
291,333	9,912
291,348	10,348
291,363	10,272
291,378	9,058
291,393	10,136
291,408	8,726
291,423	9,684
291,438	9,663
291,453	8,855
291,468	9,532
291,483	8,609
291,498	8,568
291,513	8,733
291,528	8,327
291,543	8,762
291,558	8,601
291,573	7,909
291,588	8,074
291,603	7,216
291,618	7,873
291,633	8,108
291,648	8,148
291,663	8,233
291,678	7,334
291,693	7,183
291,708	7,705
291,723	7,218
291,738	7,558
291,753	7,588
291,768	6,755
291,783	7,246
291,798	6,393
291,813	7,075
291,828	6,713
291,843	6,858
291,858	7,074
291,873	6,556
291,889	6,150
291,903	6,701
291,918	6,645
291,933	6,575
291,949	6,484
291,964	5,405
291,978	5,841
291,993	5,390
292,009	6,116
292,024	6,427
292,038	6,466
292,053	5,182
292,068	5,708
292,084	4,916
292,099	5,622
292,114	6,209
292,129	5,887
292,144	5,967
292,159	4,913
292,174	5,149
292,189	5,264
292,204	5,228
292,219	5,142
292,234	5,704
292,249	4,309
292,264	5,041
292,279	4,534
292,294	5,210
292,309	5,401
292,324	5,220
292,339	5,029
292,354	4,848
292,369	4,431
292,384	4,927
292,399	4,084
292,414	5,237
292,429	5,081
292,444	4,484
292,459	4,428
292,474	3,586
292,489	4,548
292,504	4,598
292,519	4,943
292,534	4,782
292,549	4,165
292,564	3,663
292,579	4,605
292,594	3,798
292,609	4,449
292,624	4,383
292,639	4,057
292,654	3,791
292,669	3,354
292,684	3,650
292,699	4,326
292,714	4,015
292,729	4,260
292,744	3,528
292,759	3,482
292,774	3,873
292,789	3,326
292,804	3,892
292,819	3,259
292,834	3,425
292,849	3,098
292,864	2,681
292,879	3,177
292,894	3,819
292,909	3,568
292,924	3,618
292,939	2,835
292,954	2,804
292,969	3,466
292,984	3,471
292,999	3,560
293,014	3,429
293,029	2,642
293,044	2,651
293,059	2,260
293,074	2,655
293,089	3,277
293,104	3,337
293,119	2,318
293,134	2,834
293,149	2,277
293,164	2,914
293,179	3,008
293,194	3,088
293,209	3,228
293,224	2,265
293,239	2,359
293,254	2,073
293,269	1,837
293,284	2,930
293,299	3,100
293,314	2,172
293,329	2,914
293,344	1,880
293,359	2,236
293,374	2,722
293,389	2,646
293,404	2,455
293,419	2,635
293,434	1,777
293,449	2,614
293,464	1,119
293,479	2,618
293,494	2,638
293,509	1,710
293,524	2,552
293,539	1,228
293,554	1,814
293,569	1,864
293,584	2,149
293,599	2,359
293,614	1,722
293,629	1,170
293,644	1,992
293,659	1,645
293,674	2,141
293,689	2,211
293,704	1,133
293,719	1,574
293,734	1,348
293,749	1,407
293,764	2,084
293,779	1,883
293,794	1,983
293,809	1,416
293,824	0,738
293,839	1,545
293,854	1,199
293,869	1,459
293,884	1,564
293,899	1,077
293,914	1,287
293,930	0,715
293,945	0,865
293,959	1,682
293,974	1,652
293,990	1,390
294,005	1,530
294,019	0,482
294,034	1,013
294,050	1,414
294,065	1,468
294,079	1,538
294,094	1,051
294,110	0,354
294,125	0,509
294,140	0,829
294,155	1,310
294,170	1,365
294,185	0,602
294,200	1,113
294,215	0,591
294,230	0,982
294,245	0,982
294,260	1,092
294,275	1,136
294,290	0,474
294,305	0,047
294,320	1,115
294,335	0,177
294,350	0,974
294,365	1,104
294,380	0,421
294,395	0,280
294,410	-0,402
294,425	0,635
294,440	0,746
294,455	0,645
294,470	0,223
294,485	0,102
294,500	-0,164
294,515	0,492
294,530	-0,310
294,545	0,562
294,560	0,646
294,575	-0,442
294,590	0,731
294,605	-0,593
294,620	-0,062
294,635	0,424
294,650	0,519
294,665	0,568
294,680	0,107
294,695	-0,335
294,710	0,547
294,725	-0,798
294,740	0,426
294,755	0,235
294,770	-0,011
294,785	0,073
294,800	-0,845
294,815	-0,524
294,830	0,062
294,845	0,242
294,860	0,217
294,875	-0,185
294,890	0,256
294,905	0,326
294,920	0,250
294,935	0,300
294,950	0,264
294,965	-0,484
294,980	-0,469
294,995	-1,016
295,010	0,197
295,025	0,182
295,040	0,257
295,055	0,236
295,070	-0,516
295,085	-0,412
295,100	-0,016
295,115	0,184
295,130	0,048
295,145	0,103
295,160	0,113
295,175	-0,936
295,190	-0,590
295,205	0,337
295,220	0,056
295,235	0,095
295,250	-0,000
295,265	0,230
295,280	-0,568
295,295	-0,217
295,310	0,169
295,325	0,193
295,340	0,273
295,355	-0,530
295,370	-0,054
295,385	0,021
295,400	-0,551
295,415	0,341
295,430	0,060
295,445	-0,909
295,460	0,019
295,475	-0,969
295,490	0,138
295,505	0,233
295,520	-0,028
295,535	0,127
295,550	-0,385
295,565	-1,138
295,580	-0,025
295,595	-0,873
295,610	0,230
295,625	0,054
295,640	-0,663
295,655	0,164
295,670	-0,604
295,685	-0,223
295,700	0,157
295,715	0,242
295,730	0,186
295,745	-0,135
295,760	-0,878
295,775	0,130
295,790	-0,317
295,805	0,079
295,820	0,114
295,835	-0,323
295,850	-0,313
295,865	-0,158
295,880	-0,234
295,895	0,282
295,911	0,131
295,925	0,181
295,940	-0,286
295,955	-0,733
295,971	-0,357
295,986	0,024
296,000	0,284
296,015	-0,248
296,031	-0,279
296,046	-0,359
296,060	-0,555
296,075	-0,325
296,091	0,442
296,106	0,251
296,121	0,240
296,136	-0,422
296,151	-0,573
296,166	0,274
296,181	0,545
296,196	0,073
296,211	0,469
296,226	0,328
296,241	-0,420
296,256	-0,315
296,271	-0,772
296,286	0,346
296,301	0,556
296,316	-1,004
296,331	0,039
296,346	-0,634
296,361	0,033
296,376	0,333
296,391	0,163
296,406	0,398
296,421	-0,024
296,436	-0,381
296,451	0,241
296,466	-0,271
296,481	0,521
296,496	0,390
296,511	-0,297
296,526	0,625
296,541	-0,489
296,556	0,208
296,571	0,488
296,586	0,302
296,601	0,196
296,616	-0,075
296,631	-0,582
296,646	0,085
296,661	-0,527
296,676	0,275
296,691	0,575
296,706	-0,183
296,721	0,393
296,736	-0,219
296,751	-0,314
296,766	0,533
296,781	0,522
296,796	0,412
296,811	-0,071
296,826	-0,888
296,841	0,380
296,856	-0,418
296,871	0,259
296,886	0,263
296,901	-0,003
296,916	-0,304
296,931	-0,565
296,946	-0,039
296,961	0,331
296,976	0,110
296,991	0,371
297,006	0,185
297,021	-0,523
297,036	-0,769
297,051	0,359
297,066	0,108
297,081	0,193
297,096	-0,114
297,111	0,342
297,126	-0,601
297,141	-0,080
297,156	0,185
297,171	0,170
297,186	-0,503
297,201	0,164
297,216	-0,649
297,231	-0,068
297,246	0,333
297,261	0,383
297,276	0,322
297,291	-0,004
297,306	-0,155
297,321	-0,386
297,336	0,346
297,351	0,400
297,366	0,445
297,381	-0,433
297,396	0,484
297,411	-0,705
297,426	-0,178
297,441	0,473
297,456	0,267
297,471	0,462
297,486	-0,431
297,501	-0,787
297,516	0,255
297,531	-0,432
297,546	0,084
297,561	0,670
297,576	-0,509
297,591	-0,008
297,606	-0,650
297,621	0,267
297,636	0,402
297,651	0,507
297,666	0,085
297,681	-0,437
297,696	-0,628
297,711	0,310
297,726	-0,348
297,741	0,314
297,756	0,479
297,771	-0,314
297,786	0,644
297,801	-0,736
297,816	-0,350
297,831	0,407
297,846	0,486
297,861	0,295
297,876	0,445
297,891	-0,377
297,906	-0,027
297,921	-0,112
297,937	0,504
297,952	0,639
297,966	-0,184
297,981	-0,134
297,997	-0,461
298,012	0,020
298,026	0,521
298,041	0,185
298,057	0,796
298,072	0,099
298,087	-0,609
298,102	0,705
298,116	0,664
298,132	0,609
298,147	0,453
298,162	0,126
298,177	-0,240
298,192	0,055
298,207	0,230
298,222	0,591
298,237	0,691
298,252	-0,313
298,267	0,966
298,282	-0,168
298,297	0,203
298,312	0,859
298,327	0,503
298,342	0,703
298,357	0,582
298,372	-0,336
298,387	0,300
298,402	0,922
298,417	1,202
298,432	1,026
298,447	0,574
298,462	0,574
298,477	0,413
298,492	0,378
298,507	1,144
298,522	1,124
298,537	1,394
298,552	0,642
298,567	0,175
298,582	1,082
298,597	0,856
298,612	1,778
298,627	1,572
298,642	1,226
298,657	1,411
298,672	0,718
298,687	1,134
298,702	2,006
298,717	1,770
298,732	2,447
298,747	2,622
298,762	2,025
298,777	2,897
298,792	2,535
298,807	3,779
298,822	4,937
298,837	5,668
298,852	5,863
298,867	8,265
298,882	10,210
298,897	14,046
298,912	17,657
298,927	21,327
298,942	25,594
298,957	30,202
298,972	36,480
298,987	41,811
299,002	48,967
299,017	55,460
299,032	61,789
299,047	68,162
299,062	73,623
299,077	79,660
299,092	85,913
299,107	90,431
299,122	94,067
299,137	97,135
299,152	98,078
299,167	99,898
299,182	99,902
299,197	98,673
299,212	96,582
299,227	93,612
299,242	90,066
299,257	87,694
299,272	84,143
299,287	81,801
299,302	79,022
299,317	74,794
299,332	72,567
299,347	69,011
299,362	66,488
299,377	64,542
299,392	61,779
299,407	59,487
299,422	56,462
299,437	53,533
299,452	52,364
299,467	49,625
299,482	48,526
299,497	46,445
299,512	44,308
299,527	42,834
299,542	40,220
299,557	38,570
299,572	37,797
299,587	35,671
299,602	34,998
299,617	33,709
299,632	31,427
299,647	30,864
299,662	29,084
299,677	28,406
299,692	27,147
299,707	25,808
299,722	25,296
299,737	23,219
299,752	22,943
299,767	22,416
299,782	21,754
299,797	20,560
299,812	18,819
299,827	18,202
299,842	18,332
299,857	16,902
299,872	16,852
299,887	16,355
299,902	14,624
299,917	14,418
299,933	13,470
299,947	13,580
299,962	13,424
299,978	13,032
299,993	12,525
300,007	11,572
300,022	10,493
300,038	11,321
300,053	10,588
300,067	10,086
300,083	9,253
300,098	9,223
300,113	8,635
300,128	8,289
300,143	7,862
300,158	8,152
300,173	7,761
300,188	7,570
300,203	6,667
300,218	6,436
300,233	6,215
300,248	6,721
300,263	6,048
300,278	5,882
300,293	5,330
300,308	4,507
300,323	4,712
300,338	4,301
300,353	4,892
300,368	4,912
300,383	4,410
300,398	4,319
300,413	3,215
300,428	3,390
300,443	4,283
300,458	3,515
300,473	3,745
300,488	2,932
300,503	2,305
300,518	3,182
300,533	2,415
300,548	2,966
300,563	1,867
300,578	2,203
300,593	2,654
300,608	1,354
300,623	1,911
300,638	2,382
300,653	2,221
300,668	2,085
300,683	1,944
300,698	0,610
300,713	1,607
300,728	1,115
300,743	1,591
300,758	1,701
300,773	0,838
300,788	1,274
300,803	0,571
300,818	0,601
300,833	1,303
300,848	1,292
300,863	1,076
300,878	1,091
300,893	-0,053
300,908	0,774
300,923	-0,340
300,938	0,819
300,953	0,667
300,968	0,442
300,983	0,456
300,998	-0,251
301,013	-0,192
301,028	0,565
301,043	0,555
301,058	0,318
301,073	-0,234
301,088	-0,811
301,103	-0,355
301,118	0,186
301,133	0,151
301,148	0,246
301,163	-0,482
301,178	-1,064
301,193	-0,473
301,208	-0,544
301,223	-0,088
301,238	-0,098
301,253	-0,169
301,268	-0,159
301,283	-1,353
301,298	-0,862
301,313	-0,521
301,328	-0,552
301,343	-0,302
301,358	-0,402
301,373	-1,702
301,388	-0,915
301,403	-1,301
301,418	-0,469
301,433	-0,701
301,448	-1,328
301,463	-0,676
301,478	-1,534
301,493	-1,008
301,508	-0,668
301,523	-0,904
301,538	-0,623
301,553	-1,175
301,568	-1,803
301,583	-0,976
301,598	-1,628
301,613	-0,886
301,628	-0,761
301,643	-1,644
301,658	-0,998
301,673	-1,440
301,688	-1,455
301,703	-1,019
301,718	-1,335
301,733	-1,195
301,748	-1,457
301,763	-2,270
301,778	-1,773
301,793	-2,491
301,808	-1,303
301,823	-0,947
301,838	-1,730
301,853	-1,008
301,868	-2,017
301,884	-1,626
301,898	-1,341
301,913	-1,477
301,928	-1,181
301,943	-1,578
301,959	-2,436
301,974	-1,915
301,988	-2,597
302,003	-1,489
302,019	-1,314
302,034	-2,122
302,048	-2,418
302,063	-1,717
302,079	-2,454
302,094	-1,291
302,109	-1,512
302,124	-1,603
302,139	-1,729
302,154	-2,697
302,169	-1,895
302,184	-1,620
302,199	-1,490
302,214	-1,741
302,229	-1,576
302,244	-2,765
302,259	-2,600
302,274	-2,806
302,289	-1,733
302,304	-1,744
302,319	-2,376
302,334	-1,659
302,349	-2,828
302,364	-2,869
302,379	-1,956
302,394	-2,208
302,409	-1,887
302,424	-1,742
302,439	-3,167
302,454	-2,355
302,469	-2,777
302,484	-1,724
302,499	-2,040
302,514	-2,682
302,529	-2,412
302,544	-3,200
302,559	-2,433
302,574	-1,997
302,589	-2,594
302,604	-2,730
302,619	-2,685
302,634	-3,082
302,649	-3,007
302,664	-2,912
302,679	-2,281
302,694	-2,166
302,709	-2,763
302,724	-2,428
302,739	-2,684
302,754	-2,449
302,769	-2,284
302,784	-2,831
302,799	-2,390
302,814	-2,225
302,829	-3,288
302,844	-2,572
302,859	-3,084
302,874	-2,197
302,889	-2,207
302,904	-2,965
302,919	-3,151
302,934	-3,241
302,949	-3,096
302,964	-2,465
302,979	-2,480
302,994	-2,380
303,009	-3,118
303,024	-2,968
303,039	-3,069
303,054	-3,761
303,069	-2,543
303,084	-2,468
303,099	-3,502
303,114	-3,608
303,129	-3,784
303,144	-3,423
303,159	-2,671
303,174	-2,772
303,189	-2,702
303,204	-2,507
303,219	-3,751
303,234	-3,425
303,249	-2,829
303,264	-2,724
303,279	-2,579
303,294	-2,870
303,309	-4,004
303,324	-3,297
303,339	-3,097
303,354	-2,752
303,369	-2,818
303,384	-3,430
303,399	-2,834
303,414	-4,043
303,429	-3,762
303,444	-2,900
303,459	-3,507
303,474	-2,475
303,489	-3,353
303,504	-3,619
303,519	-3,569
303,534	-4,232
303,549	-2,953
303,564	-3,064
303,579	-3,365
303,594	-2,794
303,609	-4,213
303,624	-3,487
303,639	-2,916
303,654	-3,668
303,669	-2,992
303,684	-3,092
303,699	-4,246
303,714	-3,239
303,729	-3,796
303,744	-2,889
303,759	-2,934
303,774	-3,561
303,789	-3,010
303,804	-3,958
303,819	-3,934
303,834	-3,006
303,849	-2,781
303,864	-3,148
303,879	-3,830
303,894	-4,352
303,909	-3,505
303,925	-3,947
303,940	-3,280
303,954	-3,181
303,969	-3,256
303,985	-4,495
304,000	-3,553
304,014	-3,699
304,029	-3,213
304,045	-3,018
304,060	-3,314
304,075	-3,329
304,089	-4,273
304,105	-3,626
304,120	-4,424
304,135	-3,191
304,150	-3,216
304,165	-3,472
304,180	-4,215
304,195	-4,125
304,210	-3,975
304,225	-3,153
304,240	-3,384
304,255	-3,360
304,270	-3,471
304,285	-4,710
304,300	-3,988
304,315	-3,256
304,330	-3,512
304,345	-3,407
304,360	-3,202
304,375	-4,331
304,390	-3,965
304,405	-3,329
304,420	-3,274
304,435	-3,410
304,450	-3,882
304,465	-3,286
304,480	-4,399
304,495	-3,683
304,510	-3,427
304,525	-3,438
304,540	-3,197
304,555	-3,318
304,570	-4,226
304,585	-3,620
304,600	-4,197
304,615	-3,425
304,630	-3,165
304,645	-4,143
304,660	-3,336
304,675	-4,295
304,690	-3,959
304,705	-3,458
304,720	-4,155
304,735	-3,268
304,750	-3,213
304,765	-4,252
304,780	-3,861
304,795	-4,308
304,810	-3,351
304,825	-3,261
304,840	-3,988
304,855	-3,432
304,870	-3,979
304,885	-4,271
304,900	-3,288
304,915	-3,309
304,930	-3,304
304,945	-3,570
304,960	-4,403
304,975	-3,666
304,990	-4,885
305,005	-3,481
305,020	-3,602
305,035	-3,894
305,050	-4,591
305,065	-4,030
305,080	-4,376
305,095	-3,449
305,110	-3,991
305,125	-3,239
305,140	-3,220
305,155	-4,394
305,170	-4,138
305,185	-3,627
305,200	-3,883
305,215	-3,262
305,230	-3,573
305,245	-4,296
305,260	-4,101
305,275	-3,775
305,290	-3,294
305,305	-3,430
305,320	-3,461
305,335	-3,376
305,350	-4,138
305,365	-4,019
305,380	-3,457
305,395	-3,739
305,410	-3,363
305,425	-3,373
305,440	-4,622
305,455	-3,921
305,470	-4,764
305,485	-3,716
305,500	-3,426
305,515	-3,787
305,530	-3,141
305,545	-4,244
305,560	-4,430
305,575	-3,428
305,590	-3,819
305,605	-3,539
305,620	-4,101
305,635	-4,573
305,650	-3,691
305,665	-4,173
305,680	-3,471
305,695	-3,416
305,710	-3,437
305,725	-3,447
305,740	-4,245
305,755	-4,807
305,770	-3,544
305,785	-3,579
305,800	-3,580
305,815	-3,746
305,830	-4,629
305,845	-3,847
305,860	-4,790
305,875	-3,542
305,890	-3,607
305,906	-4,531
305,921	-3,408
305,935	-3,744
305,950	-3,404
305,966	-3,409
305,981	-3,434
305,995	-3,721
306,010	-3,410
306,026	-4,349
306,041	-4,174
306,055	-4,866
306,070	-4,330
306,086	-3,378
306,101	-3,874
306,116	-4,341
306,131	-4,221
306,146	-4,011
306,161	-3,796
306,176	-3,736
306,191	-3,631
306,206	-4,183
306,221	-4,174
306,236	-4,189
306,251	-3,613
306,266	-4,571
306,281	-3,629
306,296	-4,296
306,311	-4,367
306,326	-4,372
306,341	-4,739
306,356	-3,811
306,371	-3,681
306,386	-3,702
306,401	-3,843
306,416	-4,164
306,431	-3,618
306,446	-3,608
306,461	-3,880
306,476	-3,654
306,491	-4,136
306,506	-4,388
306,521	-4,172
306,536	-4,454
306,551	-3,842
306,566	-3,727
306,581	-4,109
306,596	-3,768
306,611	-4,526
306,626	-4,632
306,641	-3,729
306,656	-4,462
306,671	-3,710
306,686	-4,017
306,701	-5,000
306,716	-4,409
306,731	-4,504
306,746	-3,803
306,761	-3,733
306,776	-4,496
306,791	-3,804
306,806	-4,000
306,821	-4,557
306,836	-3,695
306,851	-3,685
306,866	-3,696
306,881	-4,002
306,896	-4,805
306,911	-4,429
306,926	-5,247
306,941	-3,959
306,956	-3,719
306,971	-4,431
306,986	-3,734
307,001	-4,201
307,016	-4,372
307,031	-3,826
307,046	-3,691
307,061	-3,822
307,076	-3,837
307,091	-4,946
307,106	-4,671
307,121	-4,802
307,136	-3,909
307,151	-3,875
307,166	-4,371
307,181	-4,924
307,196	-4,347
307,211	-4,628
307,226	-4,022
307,241	-3,772
307,256	-3,853
307,271	-4,079
307,286	-5,097
307,301	-4,852
307,316	-3,990
307,331	-4,226
307,346	-3,840
307,361	-4,608
307,376	-4,804
307,391	-4,413
307,406	-4,298
307,421	-4,063
307,436	-3,933
307,451	-4,440
307,466	-4,285
307,481	-4,330
307,496	-4,777
307,511	-4,246
307,526	-4,507
307,541	-3,826
307,556	-3,871
307,571	-5,135
307,586	-3,957
307,601	-5,136
307,616	-4,059
307,631	-4,099
307,646	-4,451
307,661	-4,010
307,676	-4,281
307,691	-4,763
307,706	-3,775
307,721	-4,754
307,736	-3,791
307,751	-4,394
307,766	-5,021
307,781	-4,495
307,796	-5,368
307,811	-4,049
307,826	-4,100
307,841	-4,537
307,856	-4,106
307,871	-4,964
307,886	-4,758
307,901	-4,197
307,916	-4,082
307,932	-3,892
307,947	-3,958
307,962	-4,791
307,976	-4,024
307,991	-5,052
308,007	-4,100
308,022	-4,241
308,036	-3,925
308,051	-4,678
308,067	-4,914
308,082	-5,281
308,097	-4,072
308,111	-4,043
308,127	-4,229
308,142	-4,064
308,157	-4,766
308,172	-4,260
308,187	-4,787
308,202	-4,903
308,217	-3,986
308,232	-4,207
308,247	-5,135
308,262	-4,188
308,277	-4,694
308,292	-4,234
308,307	-4,149
308,322	-4,214
308,337	-3,984
308,352	-5,148
308,367	-4,221
308,382	-4,326
308,397	-4,402
308,412	-3,991
308,427	-4,453
308,442	-5,025
308,457	-4,043
308,472	-4,790
308,487	-4,530
308,502	-4,255
308,517	-4,601
308,532	-3,950
308,547	-4,833
308,562	-5,089
308,577	-4,056
308,592	-4,327
308,607	-4,147
308,622	-4,118
308,637	-5,357
308,652	-4,364
308,667	-4,796
308,682	-4,470
308,697	-4,320
308,712	-4,652
308,727	-4,081
308,742	-5,400
308,757	-5,069
308,772	-3,972
308,787	-4,614
308,802	-3,957
308,817	-4,399
308,832	-4,645
308,847	-4,385
308,862	-4,912
308,877	-4,311
308,892	-4,105
308,907	-4,161
308,922	-4,166
308,937	-5,210
308,952	-5,271
308,967	-4,303
308,982	-4,188
308,997	-4,154
309,012	-4,114
309,027	-5,167
309,042	-4,902
309,057	-5,314
309,072	-4,843
309,087	-4,121
309,102	-4,377
309,117	-4,398
309,132	-4,784
309,147	-4,865
309,162	-3,943
309,177	-4,219
309,192	-4,315
309,207	-4,260
309,222	-5,349
309,237	-5,174
309,252	-5,309
309,267	-4,542
309,282	-4,147
309,297	-4,293
309,312	-5,096
309,327	-4,795
309,342	-5,387
309,357	-4,028
309,372	-4,295
309,387	-4,200
309,402	-4,321
309,417	-4,803
309,432	-4,903
309,447	-4,387
309,462	-4,954
309,477	-4,052
309,492	-4,449
309,507	-4,830
309,522	-4,465
309,537	-4,901
309,552	-4,310
309,567	-4,280
309,582	-4,481
309,597	-4,055
309,612	-5,019
309,627	-4,603
309,642	-3,811
309,657	-5,040
309,672	-4,128
309,687	-4,755
309,702	-5,297
309,717	-4,099
309,732	-5,388
309,747	-4,556
309,762	-4,085
309,777	-4,557
309,792	-4,327
309,807	-4,222
309,822	-4,238
309,837	-4,454
309,852	-4,941
309,867	-4,069
309,882	-4,656
309,897	-5,428
309,912	-5,529
309,928	-5,615
309,942	-4,316
309,957	-4,236
309,973	-4,332
309,988	-4,182
310,002	-4,679
310,017	-5,407
310,033	-4,133
310,048	-4,209
310,062	-4,179
310,077	-4,350
310,093	-4,862
310,108	-4,316
310,123	-5,285
310,138	-4,583
310,153	-4,157
310,168	-4,448
310,183	-5,005
310,198	-4,956
310,213	-5,167
310,228	-4,224
310,243	-4,205
310,258	-4,135
310,273	-4,246
310,288	-4,703
310,303	-5,134
310,318	-4,167
310,333	-4,674
310,348	-4,112
310,363	-4,308
310,378	-5,417
310,393	-4,806
310,408	-5,468
310,423	-4,140
310,438	-4,145
310,453	-4,396
310,468	-4,010
310,483	-4,919
310,498	-4,368
310,513	-4,152
310,528	-4,679
310,543	-4,449
310,558	-4,249
310,573	-5,348
310,588	-4,350
310,603	-5,213
310,618	-4,361
310,633	-4,241
310,648	-5,064
310,663	-4,317
310,678	-4,869
310,693	-5,075
310,708	-4,439
310,723	-4,910
310,738	-4,269
310,753	-4,410
310,768	-5,002
310,783	-4,892
310,798	-5,234
310,813	-4,457
310,828	-4,342
310,843	-4,738
310,858	-4,338
310,873	-4,855
310,888	-5,472
310,903	-4,399
310,918	-5,001
310,933	-4,320
310,948	-4,716
310,963	-5,218
310,978	-4,878
310,993	-5,621
311,008	-5,235
311,023	-4,222
311,038	-4,654
311,053	-4,414
311,068	-4,725
311,083	-5,748
311,098	-4,375
311,113	-4,566
311,128	-4,360
311,143	-4,737
311,158	-5,159
311,173	-4,402
311,188	-5,616
311,203	-4,944
311,218	-4,162
311,233	-4,865
311,248	-5,161
311,263	-4,380
311,278	-5,263
311,293	-4,706
311,308	-4,210
311,323	-4,391
311,338	-4,507
311,353	-5,470
311,368	-5,185
311,383	-4,257
311,398	-5,020
311,413	-4,334
311,428	-4,214
311,443	-5,689
311,458	-4,957
311,473	-5,670
311,488	-4,843
311,503	-4,201
311,518	-4,512
311,533	-4,362
311,548	-5,015
311,563	-5,100
311,578	-4,424
311,593	-5,081
311,608	-4,339
311,623	-4,360
311,638	-5,298
311,653	-5,043
311,668	-5,179
311,683	-4,467
311,698	-4,282
311,713	-4,247
311,728	-4,458
311,743	-5,015
311,758	-5,482
311,773	-4,364
311,788	-5,197
311,803	-4,420
311,818	-4,320
311,833	-5,048
311,848	-4,642
311,863	-5,746
311,878	-5,310
311,893	-4,609
311,908	-4,388
311,923	-4,439
311,938	-4,971
311,954	-5,683
311,969	-4,646
311,983	-4,506
311,998	-4,712
312,014	-4,843
312,029	-5,691
312,043	-5,129
312,058	-5,551
312,074	-4,779
312,089	-4,619
312,103	-5,116
312,119	-4,404
312,134	-5,252
312,149	-5,298
312,164	-4,511
312,179	-4,511
312,194	-4,391
312,209	-4,452
312,224	-5,185
312,239	-5,270
312,254	-5,376
312,269	-5,046
312,284	-4,499
312,299	-4,500
312,314	-5,017
312,329	-4,922
312,344	-5,594
312,359	-4,552
312,374	-4,341
312,389	-4,347
312,404	-4,433
312,419	-4,909
312,434	-5,301
312,449	-4,514
312,464	-5,392
312,479	-4,550
312,494	-4,345
312,509	-5,203
312,524	-4,772
312,539	-5,460
312,554	-4,773
312,569	-4,633
312,584	-4,623
312,599	-4,634
312,614	-5,176
312,629	-4,770
312,644	-4,736
312,659	-5,047
312,674	-4,791
312,689	-4,446
312,704	-5,169
312,719	-4,692
312,734	-5,565
312,749	-4,458
312,764	-4,613
312,779	-4,805
312,794	-4,594
312,809	-5,086
312,824	-5,137
312,839	-4,616
312,854	-5,268
312,869	-4,336
312,884	-4,547
312,899	-4,979
312,914	-5,275
312,929	-5,792
312,944	-4,719
312,959	-4,433
312,974	-4,504
312,989	-4,419
313,004	-5,031
313,019	-5,398
313,034	-4,310
313,049	-4,391
313,064	-4,462
313,079	-4,668
313,094	-5,792
313,109	-5,296
313,124	-5,316
313,139	-5,091
313,154	-4,244
313,169	-4,620
313,184	-4,896
313,199	-5,128
313,214	-5,123
313,229	-4,978
313,244	-4,457
313,259	-4,512
313,274	-5,626
313,289	-5,130
313,304	-5,727
313,319	-5,442
313,334	-5,136
313,349	-4,630
313,364	-4,897
313,379	-5,539
313,394	-4,662
313,409	-5,093
313,424	-4,603
313,439	-4,578
313,454	-4,608
313,469	-4,488
313,484	-5,081
313,499	-5,267
313,514	-4,595
313,529	-5,057
313,544	-4,686
313,559	-4,697
313,574	-5,760
313,589	-5,054
313,604	-5,701
313,619	-5,019
313,634	-4,639
313,649	-4,995
313,664	-4,599
313,679	-5,126
313,694	-5,673
313,709	-4,596
313,724	-5,062
313,739	-4,637
313,754	-4,983
313,769	-5,726
313,784	-4,568
313,799	-5,626
313,814	-4,624
313,829	-4,780
313,844	-4,665
313,859	-4,771
313,875	-5,157
313,889	-5,850
313,904	-4,551
313,920	-5,254
313,935	-4,778
313,950	-4,743
313,964	-5,696
313,979	-4,824
313,995	-5,803
314,010	-5,066
314,024	-4,610
314,039	-4,991
314,055	-4,616
314,070	-4,707
314,084	-5,248
314,099	-4,722
314,115	-4,407
314,130	-4,417
314,145	-4,312
314,160	-5,546
314,175	-5,105
314,190	-5,241
314,205	-4,856
314,220	-4,731
314,235	-5,092
314,250	-5,660
314,265	-5,264
314,280	-5,931
314,295	-4,773
314,310	-4,488
314,325	-4,408
314,340	-4,318
314,355	-5,241
314,370	-5,417
314,385	-5,287
314,400	-5,288
314,415	-4,496
314,430	-4,411
314,445	-5,439
314,460	-4,813
314,475	-5,581
314,490	-4,578
314,505	-4,213
314,520	-4,559
314,535	-4,304
314,550	-4,595
314,565	-4,570
314,580	-4,535
314,595	-4,977
314,610	-4,561
314,625	-4,512
314,640	-5,340
314,655	-4,824
314,670	-5,536
314,685	-4,955
314,700	-4,359
314,715	-4,906
314,730	-4,304
314,745	-5,167
314,760	-5,559
314,775	-4,576
314,790	-5,630
314,805	-4,442
314,820	-4,678
314,835	-5,330
314,850	-5,326
314,865	-5,482
314,880	-4,740
314,895	-4,414
314,910	-5,067
314,925	-4,219
314,940	-4,837
314,955	-5,805
314,970	-4,371
314,985	-5,505
315,000	-4,483
315,009	-5,235
315,024	-5,067
315,039	-5,075
315,054	-4,296
315,069	-4,425
315,084	-4,949
315,099	-4,581
315,114	-4,865
315,129	-5,054
315,144	-4,354
315,159	-5,285
315,174	-4,265
315,189	-4,514
315,204	-5,340
315,219	-4,235
315,234	-5,255
315,249	-4,697
315,264	-4,389
315,279	-4,849
315,294	-4,536
315,309	-5,652
315,324	-5,154
315,339	-4,690
315,354	-4,683
315,369	-4,451
315,384	-4,489
315,399	-5,736
315,414	-4,620
315,429	-5,817
315,444	-4,722
315,459	-4,539
315,474	-4,994
315,489	-4,746
315,504	-5,386
315,519	-5,595
315,534	-4,805
315,549	-4,738
315,564	-4,556
315,579	-4,529
315,594	-5,685
315,609	-5,162
315,624	-5,501
315,639	-4,957
315,654	-4,754
315,669	-5,043
315,684	-5,317
315,699	-5,120
315,714	-5,093
315,729	-4,795
315,744	-4,798
315,759	-4,666
315,774	-4,669
315,789	-5,659
315,804	-4,770
315,819	-4,773
315,834	-4,902
315,849	-4,819
315,864	-5,334
315,879	-5,783
315,894	-5,756
315,909	-5,970
315,925	-5,005
315,940	-4,903
315,954	-5,328
315,969	-4,814
315,985	-6,051
316,000	-5,522
316,014	-4,933
316,029	-5,458
316,045	-4,764
316,060	-5,103
316,075	-5,883
316,089	-5,440
316,105	-5,378
316,120	-5,306
316,135	-4,807
316,150	-5,422
316,165	-4,778
316,180	-5,494
316,195	-5,371
316,210	-5,169
316,225	-5,112
316,240	-5,120
316,255	-5,444
316,270	-5,823
316,285	-5,660
316,300	-6,105
316,315	-5,115
316,330	-5,038
316,345	-5,933
316,360	-5,014
316,375	-5,789
316,390	-5,642
316,405	-5,128
316,420	-4,956
316,435	-5,185
316,450	-5,403
316,465	-6,434
316,480	-5,861
316,495	-6,245
316,510	-5,099
316,525	-5,193
316,540	-5,141
316,555	-6,322
316,570	-5,553
316,585	-5,897
316,600	-5,123
316,615	-5,051
316,630	-5,009
316,645	-5,749
316,660	-5,527
316,675	-5,595
316,690	-6,114
316,705	-5,230
316,720	-5,103
316,735	-5,386
316,750	-5,931
316,765	-5,588
316,780	-6,042
316,795	-5,273
316,810	-6,003
316,825	-5,289
316,840	-5,659
316,855	-5,652
316,870	-5,720
316,885	-4,815
316,900	-5,932
316,915	-5,052
316,930	-5,511
316,945	-6,212
316,960	-5,427
316,975	-5,806
316,990	-4,987
317,005	-5,110
317,020	-6,061
317,035	-4,971
317,050	-5,471
317,065	-5,584
317,080	-4,895
317,095	-6,087
317,110	-5,182
317,125	-5,501
317,140	-5,950
317,155	-5,206
317,170	-5,591
317,185	-5,283
317,200	-5,165
317,215	-5,695
317,230	-5,192
317,245	-6,057
317,260	-5,699
317,275	-5,090
317,290	-5,841
317,305	-4,961
317,320	-5,721
317,335	-6,166
317,350	-4,910
317,365	-6,262
317,380	-5,538
317,395	-5,020
317,410	-5,479
317,425	-5,076
317,440	-5,861
317,455	-5,162
317,470	-5,291
317,485	-5,108
317,500	-5,026
317,515	-4,949
317,530	-5,849
317,545	-5,492
317,560	-6,272
317,575	-5,167
317,590	-5,155
317,605	-5,915
317,620	-6,154
317,635	-5,806
317,650	-5,774
317,665	-4,994
317,680	-5,203
317,695	-5,241
317,710	-5,515
317,725	-6,050
317,740	-5,501
317,755	-6,111
317,770	-5,337
317,785	-5,225
317,800	-5,513
317,815	-5,923
317,830	-5,625
317,845	-5,934
317,860	-5,235
317,875	-4,992
317,890	-5,366
317,906	-5,450
317,921	-5,383
317,935	-5,641
317,950	-5,113
317,966	-5,301
317,981	-5,144
317,995	-5,062
318,010	-6,088
318,026	-5,810
318,041	-6,054
318,055	-5,335
318,070	-5,243
318,086	-5,577
318,101	-5,234
318,116	-5,733
318,131	-6,158
318,146	-5,258
318,161	-5,627
318,176	-5,294
318,191	-4,961
318,206	-6,128
318,221	-5,599
318,236	-6,204
318,251	-5,570
318,266	-5,237
318,281	-5,922
318,296	-5,289
318,311	-5,848
318,326	-6,027
318,341	-5,137
318,356	-6,108
318,371	-5,189
318,386	-5,162
318,401	-6,102
318,416	-5,378
318,431	-6,144
318,446	-4,993
318,461	-5,202
318,476	-5,270
318,491	-5,489
318,506	-5,938
318,521	-5,906
318,536	-5,172
318,551	-5,165
318,566	-5,153
318,581	-5,678
318,596	-6,363
318,611	-5,388
318,626	-6,359
318,641	-5,584
318,656	-5,487
318,671	-5,822
318,686	-6,366
318,701	-5,752
318,716	-6,633
318,731	-5,438
318,746	-5,200
318,761	-5,444
318,776	-5,341
318,791	-6,222
318,806	-5,969
318,821	-5,315
318,836	-5,584
318,851	-5,116
318,866	-5,580
318,881	-6,556
318,896	-5,948
318,911	-6,593
318,926	-5,487
318,941	-5,240
318,956	-5,263
318,971	-5,416
318,986	-6,307
319,001	-6,075
319,016	-5,646
319,031	-6,070
319,046	-5,372
319,061	-6,232
319,076	-6,155
319,091	-6,003
319,106	-6,111
319,121	-5,357
319,136	-5,184
319,151	-5,874
319,166	-5,391
319,181	-6,412
319,196	-6,335
319,211	-5,571
319,226	-6,125
319,241	-5,557
319,256	-5,730
319,271	-6,837
319,286	-5,656
319,301	-6,557
319,316	-5,537
319,331	-5,289
319,346	-5,939
319,361	-5,401
319,376	-6,226
319,391	-6,279
319,406	-6,077
319,421	-5,378
319,436	-5,496
319,451	-5,379
319,466	-6,711
319,481	-5,862
319,496	-6,552
319,511	-5,793
319,526	-6,177
319,541	-6,180
319,556	-5,536
319,571	-6,732
319,586	-6,043
319,601	-5,750
319,616	-5,493
319,631	-5,596
319,646	-5,895
319,661	-6,410
319,676	-6,252
319,691	-6,311
319,706	-5,822
319,721	-5,519
319,736	-5,903
319,751	-6,649
319,766	-5,664
319,781	-6,194
319,796	-5,765
319,811	-5,778
319,826	-5,696
319,841	-5,318
319,856	-6,124
319,871	-6,342
319,886	-5,568
319,901	-5,972
319,916	-5,399
319,932	-6,069
319,947	-6,463
319,962	-6,090
319,976	-6,750
319,991	-5,454
320,007	-5,422
320,022	-5,571
320,036	-5,544
320,051	-5,913
320,067	-6,367
320,082	-5,503
320,097	-6,017
320,111	-5,414
320,127	-5,868
320,142	-6,197
320,157	-5,568
320,172	-6,389
320,187	-5,499
320,202	-5,733
320,217	-5,630
320,232	-5,528
320,247	-6,268
320,262	-5,745
320,277	-5,613
320,292	-6,398
320,307	-5,533
320,322	-5,647
320,337	-6,512
320,352	-5,437
320,367	-6,373
320,382	-6,020
320,397	-5,527
320,412	-5,761
320,427	-5,543
320,442	-6,363
320,457	-6,136
320,472	-5,427
320,487	-5,635
320,502	-5,684
320,517	-5,947
320,532	-6,412
320,547	-6,179
320,562	-6,433
320,577	-5,850
320,592	-5,416
320,607	-6,237
320,622	-5,768
320,637	-5,766
320,652	-6,256
320,667	-5,592
320,682	-5,535
320,697	-5,638
320,712	-5,962
320,727	-6,848
320,742	-5,803
320,757	-6,668
320,772	-5,683
320,787	-5,571
320,802	-5,775
320,817	-6,455
320,832	-5,896
320,847	-6,170
320,862	-5,777
320,877	-5,690
320,892	-5,708
320,907	-5,761
320,922	-6,271
320,937	-6,480
320,952	-5,560
320,967	-6,125
320,982	-5,706
320,997	-6,226
321,012	-6,896
321,027	-6,112
321,042	-6,606
321,057	-5,626
321,072	-5,589
321,087	-6,294
321,102	-5,666
321,117	-6,275
321,132	-6,429
321,147	-5,600
321,162	-6,260
321,177	-5,621
321,192	-5,514
321,207	-6,535
321,222	-5,881
321,237	-6,265
321,252	-5,802
321,267	-5,489
321,282	-5,542
321,297	-5,445
321,312	-6,160
321,327	-6,479
321,342	-5,288
321,357	-6,119
321,372	-5,585
321,387	-5,664
321,402	-6,730
321,417	-6,613
321,432	-6,596
321,447	-5,791
321,462	-5,473
321,477	-5,993
321,492	-5,339
321,507	-5,919
321,522	-5,611
321,537	-5,589
321,552	-5,452
321,567	-5,550
321,582	-5,297
321,597	-6,168
321,612	-5,714
321,627	-6,465
321,642	-5,440
321,657	-5,448
321,672	-5,927
321,687	-6,888
321,702	-5,778
321,717	-6,539
321,732	-5,694
321,747	-5,642
321,762	-5,304
321,777	-5,643
321,792	-6,554
321,807	-6,361
321,822	-6,575
321,837	-5,400
321,852	-5,628
321,867	-5,380
321,882	-6,206
321,897	-6,124
321,912	-6,312
321,928	-5,488
321,942	-5,331
321,957	-5,650
321,973	-5,507
321,988	-6,273
322,002	-6,441
322,017	-5,336
322,033	-5,976
322,048	-5,357
322,062	-5,375
322,077	-6,431
322,093	-5,512
322,108	-6,498
322,123	-5,377
322,138	-5,466
322,153	-6,116
322,168	-5,251
322,183	-6,152
322,198	-6,125
322,213	-5,401
322,228	-6,031
322,243	-5,367
322,258	-5,726
322,273	-6,461
322,288	-5,867
322,303	-6,558
322,318	-5,818
322,333	-5,315
322,348	-5,524
322,363	-5,186
322,378	-5,871
322,393	-6,375
322,408	-5,636
322,423	-5,694
322,438	-5,602
322,453	-5,375
322,468	-6,491
322,483	-5,561
322,498	-6,262
322,513	-5,497
322,528	-5,410
322,543	-5,759
322,558	-5,411
322,573	-6,563
322,588	-6,280
322,603	-5,395
322,618	-5,955
322,633	-5,472
322,648	-5,560
322,663	-6,085
322,678	-6,383
322,693	-6,487
322,708	-6,003
322,723	-5,279
322,738	-5,172
322,753	-6,770
322,768	-5,925
322,783	-6,119
322,798	-5,375
322,813	-5,583
322,828	-5,431
322,843	-6,061
322,858	-6,074
322,873	-6,157
322,888	-6,652
322,903	-5,386
322,918	-5,324
322,933	-6,245
322,948	-6,439
322,963	-6,091
322,978	-6,375
322,993	-5,620
323,008	-5,353
323,023	-5,461
323,038	-5,364
323,053	-5,919
323,068	-5,475
323,083	-5,654
323,098	-5,998
323,113	-5,600
323,128	-5,919
323,143	-5,877
323,158	-5,639
323,173	-5,396
323,188	-5,650
323,203	-5,362
323,218	-6,664
323,233	-5,464
323,248	-6,284
323,263	-6,172
323,278	-5,563
323,293	-5,907
323,308	-5,529
323,323	-5,317
323,338	-6,112
323,353	-6,220
323,368	-6,419
323,383	-5,695
323,398	-5,533
323,413	-5,892
323,428	-5,599
323,443	-5,978
323,458	-6,117
323,473	-5,693
323,488	-5,877
323,503	-5,338
323,518	-5,943
323,533	-6,603
323,548	-5,648
323,563	-6,313
323,578	-5,574
323,593	-5,482
323,608	-6,483
323,623	-5,619
323,638	-5,782
323,653	-6,277
323,668	-5,422
323,683	-5,541
323,698	-5,669
323,713	-6,038
323,728	-6,447
323,743	-6,240
323,758	-6,679
323,773	-6,231
323,788	-5,386
323,803	-5,364
323,818	-6,526
323,833	-6,068
323,848	-6,301
323,863	-5,512
323,878	-5,701
323,893	-5,553
323,908	-5,541
323,923	-6,357
323,938	-6,259
323,954	-5,631
323,969	-6,386
323,983	-5,632
323,998	-5,926
324,014	-6,666
324,029	-6,218
324,043	-6,577
324,058	-5,747
324,074	-5,334
324,089	-5,829
324,103	-5,521
324,119	-6,341
324,134	-6,089
324,149	-5,525
324,164	-6,175
324,179	-5,491
324,194	-5,996
324,209	-6,009
324,224	-5,335
324,239	-6,612
324,254	-5,466
324,269	-5,389
324,284	-5,834
324,299	-5,175
324,314	-5,709
324,329	-6,214
324,344	-5,008
324,359	-6,225
324,374	-5,235
324,389	-6,251
324,404	-5,637
324,419	-5,450
324,434	-6,295
324,449	-5,551
324,464	-5,253
324,479	-5,302
324,494	-5,174
324,509	-6,075
324,524	-6,504
324,539	-5,173
324,554	-5,182
324,569	-5,506
324,584	-5,188
324,599	-5,888
324,614	-6,056
324,629	-6,049
324,644	-5,787
324,659	-5,178
324,674	-5,883
324,689	-5,385
324,704	-5,729
324,719	-6,319
324,734	-5,534
324,749	-5,367
324,764	-5,039
324,779	-5,237
324,794	-6,198
324,809	-5,946
324,824	-6,425
324,839	-6,173
324,854	-5,448
324,869	-5,166
324,884	-6,578
324,899	-5,779
324,914	-6,494
324,929	-5,253
324,944	-5,206
324,959	-5,149
324,974	-5,067
324,989	-5,962
325,004	-6,061
325,019	-5,347
325,034	-5,941
325,049	-5,207
325,064	-5,261
325,079	-6,377
325,094	-5,397
325,109	-6,072
325,124	-5,173
325,139	-5,030
325,154	-5,199
325,169	-4,886
325,184	-5,591
325,199	-5,634
325,214	-4,905
325,229	-5,660
325,244	-4,721
325,259	-5,165
325,274	-5,795
325,289	-5,417
325,304	-5,666
325,319	-5,609
325,334	-4,955
325,349	-5,409
325,364	-5,001
325,379	-6,107
325,394	-5,860
325,409	-4,935
325,424	-5,811
325,439	-4,821
325,454	-4,638
325,469	-5,383
325,484	-4,765
325,499	-6,352
325,514	-4,966
325,529	-5,040
325,544	-4,963
325,559	-4,880
325,574	-5,470
325,589	-6,210
325,604	-5,366
325,619	-4,838
325,634	-4,886
325,649	-5,205
325,664	-5,288
325,679	-4,729
325,694	-6,192
325,709	-5,237
325,724	-4,809
325,739	-4,992
325,754	-5,025
325,769	-6,107
325,784	-6,300
325,799	-4,985
325,814	-4,827
325,829	-5,211
325,844	-4,913
325,859	-5,904
325,875	-5,266
325,889	-6,317
325,904	-5,512
325,920	-5,099
325,935	-5,378
325,950	-5,948
325,964	-4,973
325,979	-5,804
325,995	-5,235
326,010	-4,857
326,024	-5,196
326,039	-4,983
326,055	-6,095
326,070	-5,872
326,084	-5,138
326,099	-6,069
326,115	-4,943
326,130	-5,293
326,145	-6,248
326,160	-5,434
326,175	-6,300
326,190	-5,300
326,205	-5,107
326,220	-5,145
326,235	-5,133
326,250	-5,197
326,265	-5,962
326,280	-4,987
326,295	-5,747
326,310	-5,299
326,325	-5,673
326,340	-6,022
326,355	-5,569
326,370	-6,124
326,385	-5,470
326,400	-5,212
326,415	-5,591
326,430	-5,088
326,445	-6,204
326,460	-6,473
326,475	-4,832
326,490	-5,918
326,505	-5,098
326,520	-5,212
326,535	-5,826
326,550	-5,188
326,565	-6,469
326,580	-5,510
326,595	-5,297
326,610	-5,320
326,625	-5,479
326,640	-5,873
326,655	-5,956
326,670	-5,282
326,685	-5,125
326,700	-4,912
326,715	-5,026
326,730	-5,741
326,745	-5,995
326,760	-6,329
326,775	-5,209
326,790	-5,197
326,805	-5,827
326,820	-5,819
326,835	-5,316
326,850	-6,267
326,865	-5,347
326,880	-5,175
326,895	-5,047
326,910	-5,176
326,925	-5,776
326,940	-5,959
326,955	-6,108
326,970	-5,930
326,985	-5,362
327,000	-5,244
327,014	-6,366
327,029	-5,918
327,043	-6,277
327,058	-5,447
327,074	-5,034
327,089	-5,529
327,103	-5,221
327,119	-6,041
327,134	-5,789
327,149	-5,225
327,164	-5,875
327,179	-5,191
327,194	-5,696
327,209	-5,709
327,224	-5,035
327,239	-6,312
327,254	-5,166
327,269	-5,089
327,284	-5,534
327,299	-4,875
327,314	-5,409
327,329	-5,914
327,344	-4,708
327,359	-5,925
327,374	-4,935
327,389	-5,951
327,404	-5,337
327,419	-5,150
327,434	-5,995
327,449	-5,251
327,464	-4,953
327,479	-5,002
327,494	-4,874
327,509	-5,775
327,524	-6,204
327,539	-4,873
327,554	-4,882
327,569	-5,206
327,584	-4,888
327,599	-5,588
327,614	-5,756
327,629	-5,749
327,644	-5,487
327,659	-4,878
327,674	-5,583
327,689	-5,085
327,704	-5,429
327,719	-6,019
327,734	-5,234
327,749	-5,067
327,764	-4,739
327,779	-4,937
327,794	-5,898
327,809	-5,646
327,824	-6,125
327,839	-5,873
327,854	-5,148
327,869	-4,866
327,884	-6,278
327,899	-5,479
327,914	-6,194
327,929	-4,953
327,944	-4,906
327,959	-4,849
327,974	-4,767
327,989	-5,662
328,004	-5,761
328,019	-5,047
328,034	-5,641
328,049	-4,907
328,064	-4,961
328,079	-6,077
328,094	-5,097
328,109	-5,772
328,124	-4,873
328,139	-4,730
328,154	-4,899
328,169	-4,586
328,184	-5,291
328,199	-5,334
328,214	-4,605
328,229	-5,360
328,244	-4,421
328,259	-4,865
328,274	-5,495
328,289	-5,117
328,304	-5,366
328,319	-5,309
328,334	-4,655
328,349	-5,109
328,364	-4,701
328,379	-5,807
328,394	-5,560
328,409	-4,635
328,424	-5,511
328,439	-4,521
328,454	-4,338
328,469	-5,083
328,484	-4,465
328,499	-6,052
328,514	-4,666
328,529	-4,740
328,544	-4,663
328,559	-4,580
328,574	-5,170
328,589	-5,910
328,604	-5,066
328,619	-4,538
328,634	-4,586
328,649	-4,905
328,664	-4,988
328,679	-4,429
328,694	-5,892
328,709	-4,937
328,724	-4,509
328,739	-4,692
328,754	-4,725
328,769	-5,807
328,784	-6,000
328,799	-4,685
328,814	-4,527
328,829	-4,911
328,844	-4,613
328,859	-5,604
328,875	-4,966
328,889	-6,017
328,904	-5,212
328,920	-4,799
328,935	-5,078
328,950	-5,648
328,964	-4,673
328,979	-5,504
328,995	-4,935
329,010	-4,557
329,024	-4,896
329,039	-4,683
329,055	-5,795
329,070	-5,572
329,084	-4,838
329,099	-5,769
329,115	-4,643
329,130	-4,993
329,145	-5,948
329,160	-5,134
329,175	-6,000
329,190	-5,000
329,205	-4,807
329,220	-4,845
329,235	-4,833
329,250	-4,897
329,265	-5,662
329,280	-4,687
329,295	-5,447
329,310	-4,999
329,325	-5,373
329,340	-5,722
329,355	-5,269
329,370	-5,824
329,385	-5,170
329,400	-4,912
329,415	-5,291
329,430	-4,788
329,445	-5,904
329,460	-6,173
329,475	-4,532
329,490	-5,618
329,505	-4,798
329,520	-4,912
329,535	-5,526
329,550	-4,888
329,565	-6,169
329,580	-5,210
329,595	-4,997
329,610	-5,020
329,625	-5,179
329,640	-5,573
329,655	-5,656
329,670	-4,982
329,685	-4,825
329,700	-4,612
329,715	-4,726
329,730	-5,441
329,745	-5,695
329,760	-6,029
329,775	-4,909
329,790	-4,897
329,805	-5,527
329,820	-5,519
329,835	-5,016
329,850	-5,967
329,865	-5,047
329,880	-4,875
329,895	-4,747
329,910	-4,876
329,925	-5,476
329,940	-5,659
329,955	-5,808
329,970	-5,630
329,985	-5,062
330,000	-4,944
